time,pos_x,pos_y,pos_z,rot_x,rot_y,rot_z,forward_direction
173.3772,0,0,0,0,0,0,(0.0_ 0.0_ 1.0)
173.3772,0,0,0,0,0,0,(0.0_ 0.0_ 1.0)
173.3772,0,0,0,0,0,0,(0.0_ 0.0_ 1.0)
173.3772,0,0,0,0,0,0,(0.0_ 0.0_ 1.0)
173.3772,0,0,0,0,0,0,(0.0_ 0.0_ 1.0)
173.3772,0,0,0,0,0,0,(0.0_ 0.0_ 1.0)
173.3772,0,0,0,0,0,0,(0.0_ 0.0_ 1.0)
173.3772,0,0,0,0,0,0,(0.0_ 0.0_ 1.0)
173.3772,0,0,0,0,0,0,(0.0_ 0.0_ 1.0)
173.3772,0,0,0,0,0,0,(0.0_ 0.0_ 1.0)
173.3772,0,0,0,0,0,0,(0.0_ 0.0_ 1.0)
173.3772,0,0,0,0,0,0,(0.0_ 0.0_ 1.0)
173.3772,0,0,0,0,0,0,(0.0_ 0.0_ 1.0)
173.3772,0,0,0,0,0,0,(0.0_ 0.0_ 1.0)
173.3772,0,0,0,0,0,0,(0.0_ 0.0_ 1.0)
173.3772,0,0,0,0,0,0,(0.0_ 0.0_ 1.0)
173.3772,0,0,0,0,0,0,(0.0_ 0.0_ 1.0)
173.3772,0,0,0,0,0,0,(0.0_ 0.0_ 1.0)
173.3772,0,0,0,0,0,0,(0.0_ 0.0_ 1.0)
173.3772,0,0,0,0,0,0,(0.0_ 0.0_ 1.0)
173.3772,0,0,0,0,0,0,(0.0_ 0.0_ 1.0)
173.3772,0,0,0,0,0,0,(0.0_ 0.0_ 1.0)
173.3772,0,0,0,0,0,0,(0.0_ 0.0_ 1.0)
173.3772,0,0,0,0,0,0,(0.0_ 0.0_ 1.0)
173.3772,0,0,0,0,0,0,(0.0_ 0.0_ 1.0)
173.3772,0,0,0,0,0,0,(0.0_ 0.0_ 1.0)
173.3772,0,0,0,0,0,0,(0.0_ 0.0_ 1.0)
173.3772,0,0,0,0,0,0,(0.0_ 0.0_ 1.0)
173.3772,0,0,0,0,0,0,(0.0_ 0.0_ 1.0)
173.3887,-0.000001,0.003496,0.080648,0.000001,0.00002,-0.000176,(0.0_ 0.0_ 1.0)
173.4016,0,0.00386,0.170746,0.000002,0.000048,-0.000387,(0.0_ 0.0_ 1.0)
173.4126,0,0.00386,0.247398,0.000002,0.000048,-0.000387,(0.0_ 0.0_ 1.0)
173.4207,0,0.003994,0.304017,0.000001,0.000074,-0.000211,(0.0_ 0.0_ 1.0)
173.4322,0,0.003994,0.385027,0.000001,0.000074,-0.000211,(0.0_ 0.0_ 1.0)
173.4441,0,0.004814,0.468114,0.000001,0.000091,-0.000182,(0.0_ 0.0_ 1.0)
173.4545,0,0.004814,0.540723,0.000001,0.000091,-0.000182,(0.0_ 0.0_ 1.0)
173.4656,0,0.005708,0.618748,0,0.000107,-0.00016,(0.0_ 0.0_ 1.0)
173.4767,0,0.005708,0.696676,0,0.000107,-0.00016,(0.0_ 0.0_ 1.0)
173.488,0,0.006628,0.775653,0,0.000117,-0.000106,(0.0_ 0.0_ 1.0)
173.5011,0,0.006704,0.867175,0.000001,0.00012,-0.000072,(0.0_ 0.0_ 1.0)
173.5105,0.000001,0.006704,0.932868,0.000001,0.00012,-0.000072,(0.0_ 0.0_ 1.0)
173.5209,0.000001,0.006763,1.005876,0.000001,0.000123,-0.000047,(0.0_ 0.0_ 1.0)
173.5324,0.000001,0.006763,1.086373,0.000001,0.000123,-0.000047,(0.0_ 0.0_ 1.0)
173.5438,0.000001,0.006997,1.165894,0,0.000128,-0.000048,(0.0_ 0.0_ 1.0)
173.5545,0.000001,0.006997,1.241087,0,0.000128,-0.000048,(0.0_ 0.0_ 1.0)
173.5655,0.000001,0.007274,1.318182,0.000001,0.000133,-0.000047,(0.0_ 0.0_ 1.0)
173.5776,0.000002,0.007274,1.402468,0.000001,0.000133,-0.000047,(0.0_ 0.0_ 1.0)
173.5882,0.000002,0.00757,1.476596,0,0.000138,-0.000039,(0.0_ 0.0_ 1.0)
173.5991,0.000002,0.00757,1.55346,0,0.000138,-0.000039,(0.0_ 0.0_ 1.0)
173.6103,0.000002,0.007792,1.631549,-0.000001,0.000142,-0.00003,(0.0_ 0.0_ 1.0)
173.6214,0.000002,0.007807,1.709502,0,0.000143,-0.000026,(0.0_ 0.0_ 1.0)
173.6328,0.000002,0.007807,1.789061,0,0.000143,-0.000026,(0.0_ 0.0_ 1.0)
173.6438,0.000003,0.007843,1.866049,0,0.000149,-0.000008,(0.0_ 0.0_ 1.0)
173.6549,0.000003,0.007843,1.943927,0,0.000149,-0.000008,(0.0_ 0.0_ 1.0)
173.6663,0.000003,0.007892,2.023294,0,0.000153,-0.000009,(0.0_ 0.0_ 1.0)
173.6773,0.000003,0.007892,2.100298,0,0.000153,-0.000009,(0.0_ 0.0_ 1.0)
173.6878,0.000003,0.007934,2.174026,0,0.000156,-0.000009,(0.0_ 0.0_ 1.0)
173.6996,0.000004,0.007934,2.256779,0,0.000156,-0.000009,(0.0_ 0.0_ 1.0)
173.7127,0.000004,0.007976,2.348677,0,0.000159,-0.000007,(0.0_ 0.0_ 1.0)
173.7216,0.000004,0.007978,2.410948,0,0.00016,-0.000007,(0.0_ 0.0_ 1.0)
173.7328,0.000004,0.007978,2.489115,0,0.00016,-0.000007,(0.0_ 0.0_ 1.0)
173.7439,0.000004,0.007982,2.566595,0,0.000162,-0.000006,(0.0_ 0.0_ 1.0)
173.755,0.000005,0.007982,2.644305,0,0.000162,-0.000006,(0.0_ 0.0_ 1.0)
173.7658,0.000005,0.007988,2.720373,0,0.000163,-0.000006,(0.0_ 0.0_ 1.0)
173.7776,0.000005,0.007988,2.802459,0,0.000163,-0.000006,(0.0_ 0.0_ 1.0)
173.7888,0.000005,0.007993,2.880831,0,0.000164,-0.000006,(0.0_ 0.0_ 1.0)
173.7997,0.000005,0.007993,2.957048,0,0.000164,-0.000006,(0.0_ 0.0_ 1.0)
173.8105,0.000006,0.007997,3.032886,0,0.000165,-0.000005,(0.0_ 0.0_ 1.0)
173.8215,0.000006,0.007997,3.109989,0,0.000165,-0.000004,(0.0_ 0.0_ 1.0)
173.8329,0.000006,0.007997,3.189932,0,0.000165,-0.000004,(0.0_ 0.0_ 1.0)
173.8439,0.000006,0.007998,3.266656,-0.000001,0.000166,-0.000007,(0.0_ 0.0_ 1.0)
173.8553,0.000007,0.007998,3.346547,-0.000001,0.000166,-0.000007,(0.0_ 0.0_ 1.0)
173.8663,0.000007,0.007998,3.423348,0,0.000167,-0.000005,(0.0_ 0.0_ 1.0)
173.8774,0.000007,0.007998,3.501267,0,0.000167,-0.000005,(0.0_ 0.0_ 1.0)
173.8882,0.000007,0.007999,3.577136,0.000001,0.000168,-0.000005,(0.0_ 0.0_ 1.0)
173.8998,0.000007,0.007999,3.658039,0.000001,0.000168,-0.000005,(0.0_ 0.0_ 1.0)
173.9135,0.000008,0.008,3.753894,0,0.000169,-0.000004,(0.0_ 0.0_ 1.0)
173.9221,0.000008,0.008,3.814494,0,0.000169,-0.000004,(0.0_ 0.0_ 1.0)
173.9329,0.000008,0.008,3.890075,0,0.000169,-0.000004,(0.0_ 0.0_ 1.0)
173.9444,0.000008,0.008,3.970221,0,0.00017,-0.000006,(0.0_ 0.0_ 1.0)
173.9554,0.000009,0.008,4.047024,0,0.00017,-0.000006,(0.0_ 0.0_ 1.0)
173.9662,0.000009,0.008,4.122797,0,0.000171,-0.000006,(0.0_ 0.0_ 1.0)
173.9779,0.000009,0.008,4.204524,0,0.000171,-0.000006,(0.0_ 0.0_ 1.0)
173.9886,0.000009,0.008,4.279528,0,0.000171,-0.000006,(0.0_ 0.0_ 1.0)
174,0.00001,0.008,4.35925,0,0.000171,-0.000006,(0.0_ 0.0_ 1.0)
174.0109,0.00001,0.00798,4.436014,0.000014,0.000169,0.001593,(0.0_ 0.0_ 1.0)
174.0219,0.00001,0.00798,4.512919,0.000027,0.000167,0.00251,(0.0_ 0.0_ 1.0)
174.033,0.00001,0.00798,4.590377,0.000027,0.000167,0.00251,(0.0_ 0.0_ 1.0)
174.0442,0.00001,0.007984,4.668643,0.000035,0.000184,-0.001091,(0.0_ 0.0_ 1.0)
174.0557,0.000011,0.007984,4.749658,0.000035,0.000184,-0.001091,(0.0_ 0.0_ 1.0)
174.0662,0.000011,0.007989,4.822948,0.000001,0.000216,-0.000133,(0.0_ 0.0_ 1.0)
174.0783,0.000011,0.007989,4.90728,0.000001,0.000216,-0.000133,(0.0_ 0.0_ 1.0)
174.0886,0.000012,0.007994,4.979848,0,0.000211,0.000011,(0.0_ 0.0_ 1.0)
174.1001,0.000012,0.007994,5.059977,0,0.00021,0.000001,(0.0_ 0.0_ 1.0)
174.1136,0.000012,0.007994,5.15464,0,0.00021,0.000001,(0.0_ 0.0_ 1.0)
174.1216,0.000012,0.007994,5.210327,0,0.000211,-0.000006,(0.0_ 0.0_ 1.0)
174.1337,0.000013,0.007994,5.295258,0,0.000211,-0.000006,(0.0_ 0.0_ 1.0)
174.1445,0.000013,0.007996,5.370811,0,0.000211,-0.000005,(0.0_ 0.0_ 1.0)
174.1556,0.000013,0.007996,5.448562,0,0.000211,-0.000005,(0.0_ 0.0_ 1.0)
174.1668,0.000014,0.007997,5.527245,0,0.000212,-0.000005,(0.0_ 0.0_ 1.0)
174.178,0.000014,0.007997,5.605741,0,0.000212,-0.000005,(0.0_ 0.0_ 1.0)
174.189,0.000014,0.007998,5.68271,0,0.000213,-0.000005,(0.0_ 0.0_ 1.0)
174.2002,0.000014,0.007998,5.760878,0.000001,0.000214,-0.000005,(0.0_ 0.0_ 1.0)
174.2114,0.000015,0.007998,5.83945,0.000001,0.000214,-0.000005,(0.0_ 0.0_ 1.0)
174.2222,0.000015,0.007999,5.915207,-0.000001,0.000214,-0.000006,(0.0_ 0.0_ 1.0)
174.2336,0.000015,0.007999,5.994551,-0.000001,0.000214,-0.000006,(0.0_ 0.0_ 1.0)
174.2444,0.000016,0.007999,6.070637,0.000001,0.000215,-0.000007,(0.0_ 0.0_ 1.0)
174.2558,0.000016,0.007999,6.150353,0.000001,0.000215,-0.000007,(0.0_ 0.0_ 1.0)
174.2667,0.000016,0.007999,6.226638,0,0.000216,-0.000006,(0.0_ 0.0_ 1.0)
174.278,0.000016,0.007999,6.305845,0,0.000216,-0.000006,(0.0_ 0.0_ 1.0)
174.289,0.000017,0.008,6.382807,0,0.000217,-0.000005,(0.0_ 0.0_ 1.0)
174.3003,0.000017,0.008,6.461653,0.000001,0.000217,-0.000005,(0.0_ 0.0_ 1.0)
174.3135,0.000017,0.008,6.553817,0.000001,0.000217,-0.000005,(0.0_ 0.0_ 1.0)
174.3222,0.000018,0.008,6.614824,-0.000001,0.000218,-0.000006,(0.0_ 0.0_ 1.0)
174.3336,0.000018,0.008,6.694345,-0.000001,0.000218,-0.000006,(0.0_ 0.0_ 1.0)
174.3445,0.000018,0.008,6.771108,0,0.000219,-0.000007,(0.0_ 0.0_ 1.0)
174.3559,0.000018,0.008,6.850609,0,0.000219,-0.000007,(0.0_ 0.0_ 1.0)
174.3667,0.000019,0.008,6.926495,0,0.000219,-0.000006,(0.0_ 0.0_ 1.0)
174.3783,0.000019,0.008,7.007341,0,0.000219,-0.000006,(0.0_ 0.0_ 1.0)
174.389,0.000019,0.008,7.08238,0,0.00022,-0.000005,(0.0_ 0.0_ 1.0)
174.4002,0.00002,0.008,7.160935,0.000001,0.00022,-0.000005,(0.0_ 0.0_ 1.0)
174.4118,0.00002,0.008,7.2419,0.000001,0.00022,-0.000005,(0.0_ 0.0_ 1.0)
174.4225,0.00002,0.008,7.316622,0.000001,0.000221,-0.000006,(0.0_ 0.0_ 1.0)
174.4337,0.000021,0.008,7.395465,0.000001,0.000221,-0.000006,(0.0_ 0.0_ 1.0)
174.4445,0.000021,0.008,7.471042,0,0.000222,-0.000007,(0.0_ 0.0_ 1.0)
174.4561,0.000021,0.008,7.55222,0,0.000222,-0.000007,(0.0_ 0.0_ 1.0)
174.4668,0.000021,0.007988,7.627149,0.000008,0.000221,0.00099,(0.0_ 0.0_ 1.0)
174.4784,0.000022,0.007988,7.707994,0.000008,0.000221,0.00099,(0.0_ 0.0_ 1.0)
174.4889,0.000022,0.007987,7.782045,0.000033,0.000221,0.001089,(0.0_ 0.0_ 1.0)
174.5006,0.000022,0.007987,7.863533,0.000043,0.000225,-0.001073,(0.0_ 0.0_ 1.0)
174.5138,0.000022,0.007987,7.955834,0.000043,0.000225,-0.001073,(0.0_ 0.0_ 1.0)
174.5226,0.000023,0.007986,8.01796,0.000049,0.000234,0.001749,(0.0_ 0.0_ 1.0)
174.5338,0.000023,0.007986,8.096328,0.000049,0.000234,0.001749,(0.0_ 0.0_ 1.0)
174.5444,0.000023,0.007983,8.170678,0.000044,0.000234,-0.000893,(0.0_ 0.0_ 1.0)
174.5561,0.000024,0.007983,8.252114,0.000044,0.000234,-0.000893,(0.0_ 0.0_ 1.0)
174.5669,0.000024,0.007981,8.327762,0.00005,0.000236,0.000678,(0.0_ 0.0_ 1.0)
174.5782,0.000024,0.007981,8.407097,0.00005,0.000236,0.000678,(0.0_ 0.0_ 1.0)
174.5891,0.000025,0.007978,8.483328,0.000049,0.000235,-0.000113,(0.0_ 0.0_ 1.0)
174.6011,0.000025,0.007978,8.566925,0.000055,0.000238,0.001842,(0.0_ 0.0_ 1.0)
174.6118,0.000025,0.007978,8.642256,0.000055,0.000238,0.001842,(0.0_ 0.0_ 1.0)
174.6226,0.000026,0.007978,8.717582,0.000045,0.000231,-0.001499,(0.0_ 0.0_ 1.0)
174.6342,0.000026,0.007978,8.799234,0.000045,0.000231,-0.001499,(0.0_ 0.0_ 1.0)
174.6446,0.000026,0.007977,8.871895,0.000053,0.000235,0.001115,(0.0_ 0.0_ 1.0)
174.6562,0.000027,0.007977,8.952991,0.000053,0.000235,0.001115,(0.0_ 0.0_ 1.0)
174.6669,0.000027,0.007976,9.028112,0.000046,0.00023,-0.000607,(0.0_ 0.0_ 1.0)
174.6784,0.000027,0.007976,9.108441,0.000046,0.00023,-0.000607,(0.0_ 0.0_ 1.0)
174.6893,0.000028,0.007976,9.184871,0.000049,0.00023,0.000145,(0.0_ 0.0_ 1.0)
174.7006,0.000028,0.007976,9.263435,0.000042,0.000226,-0.001942,(0.0_ 0.0_ 1.0)
174.712,0.000028,0.007976,9.343351,0.000042,0.000226,-0.001942,(0.0_ 0.0_ 1.0)
174.725,0.000028,0.007976,9.434256,0.000053,0.00023,0.001057,(0.0_ 0.0_ 1.0)
174.7339,0.000029,0.007975,9.496808,0.000053,0.00023,0.001057,(0.0_ 0.0_ 1.0)
174.7449,0.000029,0.007975,9.573582,0.000046,0.000224,-0.001051,(0.0_ 0.0_ 1.0)
174.756,0.000029,0.007975,9.651452,0.000046,0.000224,-0.001051,(0.0_ 0.0_ 1.0)
174.7675,0.00003,0.007975,9.73187,0.000051,0.000226,0.000532,(0.0_ 0.0_ 1.0)
174.7784,0.00003,0.007975,9.808145,0.000051,0.000226,0.000532,(0.0_ 0.0_ 1.0)
174.7894,0.00003,0.007975,9.88551,0.000049,0.000223,-0.000108,(0.0_ 0.0_ 1.0)
174.8012,0.000031,0.007975,9.967772,0.000055,0.000226,0.001846,(0.0_ 0.0_ 1.0)
174.8118,0.000031,0.007975,10.0423,0.000055,0.000226,0.001846,(0.0_ 0.0_ 1.0)
174.8228,0.000031,0.007975,10.11893,0.000044,0.000218,-0.001495,(0.0_ 0.0_ 1.0)
174.8341,0.000032,0.007975,10.19814,0.000044,0.000218,-0.001495,(0.0_ 0.0_ 1.0)
174.845,0.000032,0.007975,10.27449,0.000053,0.000222,0.001053,(0.0_ 0.0_ 1.0)
174.8567,0.000032,0.007975,10.35665,0.000053,0.000222,0.001053,(0.0_ 0.0_ 1.0)
174.8676,0.000033,0.007975,10.43305,0.000048,0.000217,-0.000479,(0.0_ 0.0_ 1.0)
174.8788,0.000033,0.007975,10.51074,0.000048,0.000217,-0.000479,(0.0_ 0.0_ 1.0)
174.8896,0.000033,0.007975,10.58635,0.00005,0.000217,0.000102,(0.0_ 0.0_ 1.0)
174.901,0.000033,0.007975,10.66659,0.000043,0.000212,-0.001867,(0.0_ 0.0_ 1.0)
174.912,0.000034,0.007975,10.74379,0.000043,0.000212,-0.001867,(0.0_ 0.0_ 1.0)
174.9254,0.000034,0.007975,10.83718,0.000053,0.000216,0.000969,(0.0_ 0.0_ 1.0)
174.9339,0.000034,0.007975,10.89711,0.000053,0.000216,0.000969,(0.0_ 0.0_ 1.0)
174.9451,0.000035,0.007975,10.97497,0.000046,0.000211,-0.00102,(0.0_ 0.0_ 1.0)
174.9565,0.000035,0.007975,11.05522,0.000046,0.000211,-0.00102,(0.0_ 0.0_ 1.0)
174.9672,0.000035,0.007975,11.12958,0.000052,0.000213,0.000602,(0.0_ 0.0_ 1.0)
174.9789,0.000035,0.007975,11.21205,0.000052,0.000213,0.000602,(0.0_ 0.0_ 1.0)
174.9897,0.000036,0.007975,11.28711,0.000049,0.00021,-0.000062,(0.0_ 0.0_ 1.0)
175.0009,0.000036,0.007975,11.36614,0.000056,0.000213,0.001897,(0.0_ 0.0_ 1.0)
175.012,0.000036,0.007975,11.44375,0.000056,0.000213,0.001897,(0.0_ 0.0_ 1.0)
175.0233,0.000037,0.007975,11.52244,0.000045,0.000205,-0.001393,(0.0_ 0.0_ 1.0)
175.0342,0.000037,0.007975,11.59903,0.000045,0.000205,-0.001393,(0.0_ 0.0_ 1.0)
175.0451,0.000037,0.007975,11.67487,0.000053,0.000208,0.001042,(0.0_ 0.0_ 1.0)
175.0567,0.000037,0.007975,11.7562,0.000053,0.000208,0.001042,(0.0_ 0.0_ 1.0)
175.0675,0.000038,0.007975,11.83181,0.000048,0.000204,-0.000519,(0.0_ 0.0_ 1.0)
175.0786,0.000038,0.007975,11.90947,0.000048,0.000204,-0.000519,(0.0_ 0.0_ 1.0)
175.0899,0.000038,0.007975,11.9889,0.000049,0.000203,0.000024,(0.0_ 0.0_ 1.0)
175.1016,0.000039,0.007975,12.07086,0.000045,0.000199,-0.001742,(0.0_ 0.0_ 1.0)
175.1122,0.000039,0.007975,12.14501,0.000045,0.000199,-0.001742,(0.0_ 0.0_ 1.0)
175.1255,0.000039,0.007975,12.23833,0.000053,0.000203,0.000935,(0.0_ 0.0_ 1.0)
175.1345,0.000039,0.007975,12.30107,0.000053,0.000203,0.000935,(0.0_ 0.0_ 1.0)
175.1451,0.00004,0.007975,12.37525,0.000046,0.000197,-0.001012,(0.0_ 0.0_ 1.0)
175.1567,0.00004,0.007975,12.4566,0.000046,0.000197,-0.001012,(0.0_ 0.0_ 1.0)
175.1678,0.00004,0.007975,12.53441,0.000051,0.000199,0.000458,(0.0_ 0.0_ 1.0)
175.1788,0.00004,0.007975,12.61121,0.000051,0.000199,0.000458,(0.0_ 0.0_ 1.0)
175.1897,0.000041,0.007975,12.68704,0.000049,0.000196,-0.000064,(0.0_ 0.0_ 1.0)
175.201,0.000041,0.007975,12.7665,0.000056,0.0002,0.001887,(0.0_ 0.0_ 1.0)
175.2123,0.000041,0.007975,12.84578,0.000056,0.0002,0.001887,(0.0_ 0.0_ 1.0)
175.2231,0.000042,0.007975,12.92154,0.000044,0.000191,-0.001419,(0.0_ 0.0_ 1.0)
175.2346,0.000042,0.007975,13.00138,0.000044,0.000191,-0.001419,(0.0_ 0.0_ 1.0)
175.2455,0.000042,0.007975,13.07767,0.000052,0.000195,0.000958,(0.0_ 0.0_ 1.0)
175.2571,0.000042,0.007975,13.15934,0.000052,0.000195,0.000958,(0.0_ 0.0_ 1.0)
175.2675,0.000043,0.007975,13.23228,0.000047,0.00019,-0.000505,(0.0_ 0.0_ 1.0)
175.279,0.000043,0.007975,13.31231,0.000047,0.00019,-0.000505,(0.0_ 0.0_ 1.0)
175.2913,0.000043,0.007975,13.39844,0.000048,0.000189,-0.00026,(0.0_ 0.0_ 1.0)
175.3008,0.000043,0.007975,13.46499,0.000042,0.000185,-0.001916,(0.0_ 0.0_ 1.0)
175.3124,0.000044,0.007975,13.54629,0.000042,0.000185,-0.001916,(0.0_ 0.0_ 1.0)
175.3255,0.000044,0.007975,13.63767,0.000052,0.000189,0.000954,(0.0_ 0.0_ 1.0)
175.3348,0.000044,0.007975,13.70285,0.000052,0.000189,0.000954,(0.0_ 0.0_ 1.0)
175.3454,0.000044,0.007975,13.77715,0.000046,0.000184,-0.000955,(0.0_ 0.0_ 1.0)
175.3569,0.000045,0.007975,13.85768,0.000046,0.000184,-0.000955,(0.0_ 0.0_ 1.0)
175.3676,0.000045,0.007975,13.93247,0.000052,0.000186,0.000516,(0.0_ 0.0_ 1.0)
175.3788,0.000045,0.007975,14.01108,0.000052,0.000186,0.000516,(0.0_ 0.0_ 1.0)
175.3898,0.000046,0.007975,14.08819,0.00005,0.000183,-0.00003,(0.0_ 0.0_ 1.0)
175.4014,0.000046,0.007975,14.16941,0.000056,0.000186,0.001799,(0.0_ 0.0_ 1.0)
175.4126,0.000046,0.007975,14.24753,0.000056,0.000186,0.001799,(0.0_ 0.0_ 1.0)
175.4235,0.000046,0.007975,14.32421,0.000044,0.000178,-0.001338,(0.0_ 0.0_ 1.0)
175.4345,0.000047,0.007975,14.40093,0.000044,0.000178,-0.001338,(0.0_ 0.0_ 1.0)
175.4453,0.000047,0.007975,14.47675,0.000052,0.000181,0.000985,(0.0_ 0.0_ 1.0)
175.4568,0.000047,0.007975,14.55697,0.000052,0.000181,0.000985,(0.0_ 0.0_ 1.0)
175.4676,0.000047,0.007975,14.63251,0.000048,0.000177,-0.000497,(0.0_ 0.0_ 1.0)
175.4793,0.000048,0.007975,14.71449,0.000048,0.000177,-0.000497,(0.0_ 0.0_ 1.0)
175.4899,0.000048,0.007975,14.78909,0.000049,0.000176,0.00002,(0.0_ 0.0_ 1.0)
175.5014,0.000048,0.007975,14.86912,0.000043,0.000172,-0.001791,(0.0_ 0.0_ 1.0)
175.5123,0.000048,0.007975,14.94524,0.000043,0.000172,-0.001791,(0.0_ 0.0_ 1.0)
175.5233,0.000048,0.007975,15.0224,0.000054,0.000177,0.001411,(0.0_ 0.0_ 1.0)
175.5372,0.000049,0.007975,15.11973,0.000054,0.000177,0.001411,(0.0_ 0.0_ 1.0)
175.5454,0.000049,0.007975,15.17744,0.000045,0.000171,-0.000947,(0.0_ 0.0_ 1.0)
175.558,0.000049,0.007975,15.26551,0.000045,0.000171,-0.000947,(0.0_ 0.0_ 1.0)
175.5681,0.000049,0.007975,15.33627,0.000051,0.000172,0.000402,(0.0_ 0.0_ 1.0)
175.579,0.00005,0.007975,15.41232,0.000051,0.000172,0.000402,(0.0_ 0.0_ 1.0)
175.5951,0.00005,0.007975,15.52524,0.000052,0.000172,0.001076,(0.0_ 0.0_ 1.0)
175.6015,0.00005,0.007975,15.56979,0.000054,0.000173,0.001789,(0.0_ 0.0_ 1.0)
175.6136,0.000051,0.007975,15.65448,0.000054,0.000173,0.001789,(0.0_ 0.0_ 1.0)
175.6245,0.000051,0.007975,15.73097,0.000046,0.000165,-0.001138,(0.0_ 0.0_ 1.0)
175.6355,0.000051,0.007975,15.80771,0.000046,0.000165,-0.001138,(0.0_ 0.0_ 1.0)
175.646,0.000051,0.007975,15.88161,0.000052,0.000168,0.000838,(0.0_ 0.0_ 1.0)
175.658,0.000051,0.007975,15.96528,0.000052,0.000168,0.000838,(0.0_ 0.0_ 1.0)
175.6681,0.000052,0.007975,16.03593,0.000048,0.000164,-0.000395,(0.0_ 0.0_ 1.0)
175.6792,0.000052,0.007975,16.1136,0.000048,0.000164,-0.000395,(0.0_ 0.0_ 1.0)
175.6906,0.000052,0.007975,16.19357,0.000049,0.000163,-0.000114,(0.0_ 0.0_ 1.0)
175.7016,0.000052,0.007975,16.27052,0.000043,0.000159,-0.001749,(0.0_ 0.0_ 1.0)
175.7127,0.000053,0.007975,16.34864,0.000043,0.000159,-0.001749,(0.0_ 0.0_ 1.0)
175.7236,0.000053,0.007975,16.42487,0.000053,0.000163,0.001337,(0.0_ 0.0_ 1.0)
175.7368,0.000053,0.007975,16.51706,0.000053,0.000163,0.001337,(0.0_ 0.0_ 1.0)
175.7455,0.000053,0.007975,16.57812,0.000046,0.000157,-0.000926,(0.0_ 0.0_ 1.0)
175.757,0.000053,0.007975,16.65885,0.000046,0.000157,-0.000926,(0.0_ 0.0_ 1.0)
175.7679,0.000054,0.007975,16.73493,0.00005,0.000159,0.000442,(0.0_ 0.0_ 1.0)
175.7791,0.000054,0.007975,16.81309,0.00005,0.000159,0.000442,(0.0_ 0.0_ 1.0)
175.7899,0.000054,0.007975,16.88881,0.000048,0.000156,-0.000012,(0.0_ 0.0_ 1.0)
175.8014,0.000054,0.007975,16.96908,0.000055,0.000159,0.001808,(0.0_ 0.0_ 1.0)
175.8124,0.000055,0.007975,17.04601,0.000055,0.000159,0.001808,(0.0_ 0.0_ 1.0)
175.8236,0.000055,0.007975,17.12469,0.000045,0.000151,-0.001326,(0.0_ 0.0_ 1.0)
175.8347,0.000055,0.007975,17.20261,0.000045,0.000151,-0.001326,(0.0_ 0.0_ 1.0)
175.8453,0.000055,0.007975,17.2763,0.000053,0.000155,0.000999,(0.0_ 0.0_ 1.0)
175.8568,0.000055,0.007975,17.35696,0.000053,0.000155,0.000999,(0.0_ 0.0_ 1.0)
175.8677,0.000056,0.007975,17.4334,0.000048,0.00015,-0.000471,(0.0_ 0.0_ 1.0)
175.8792,0.000056,0.007975,17.51372,0.000048,0.00015,-0.000471,(0.0_ 0.0_ 1.0)
175.8899,0.000056,0.007975,17.58909,0.000049,0.00015,0.000018,(0.0_ 0.0_ 1.0)
175.9014,0.000056,0.007975,17.66918,0.000043,0.000145,-0.001792,(0.0_ 0.0_ 1.0)
175.9127,0.000056,0.007975,17.74843,0.000043,0.000145,-0.001792,(0.0_ 0.0_ 1.0)
175.9233,0.000057,0.007975,17.82241,0.000054,0.00015,0.00141,(0.0_ 0.0_ 1.0)
175.9345,0.000057,0.007975,17.9013,0.000054,0.00015,0.00141,(0.0_ 0.0_ 1.0)
175.9476,0.000057,0.007975,17.99288,0.000047,0.000145,-0.000484,(0.0_ 0.0_ 1.0)
175.9571,0.000057,0.007975,18.05933,0.000047,0.000145,-0.000484,(0.0_ 0.0_ 1.0)
175.9678,0.000057,0.007975,18.13396,0.000051,0.000145,0.000472,(0.0_ 0.0_ 1.0)
175.979,0.000058,0.007975,18.21274,0.000051,0.000145,0.000472,(0.0_ 0.0_ 1.0)
175.9901,0.000058,0.007975,18.28995,0.000049,0.000143,0.000023,(0.0_ 0.0_ 1.0)
176.0011,0.000058,0.007975,18.36751,0.000054,0.000146,0.001857,(0.0_ 0.0_ 1.0)
176.0123,0.000058,0.007975,18.44587,0.000054,0.000146,0.001857,(0.0_ 0.0_ 1.0)
176.0239,0.000059,0.007975,18.5267,0.000045,0.000138,-0.001266,(0.0_ 0.0_ 1.0)
176.0352,0.000059,0.007975,18.60619,0.000045,0.000138,-0.001266,(0.0_ 0.0_ 1.0)
176.0454,0.000059,0.007975,18.67716,0.000053,0.000141,0.000971,(0.0_ 0.0_ 1.0)
176.0572,0.000059,0.007975,18.76012,0.000053,0.000141,0.000971,(0.0_ 0.0_ 1.0)
176.0677,0.000059,0.007975,18.8334,0.000048,0.000137,-0.000471,(0.0_ 0.0_ 1.0)
176.0792,0.00006,0.007975,18.91414,0.000048,0.000137,-0.000471,(0.0_ 0.0_ 1.0)
176.0901,0.00006,0.007975,18.99052,0.000049,0.000136,-0.000023,(0.0_ 0.0_ 1.0)
176.1013,0.00006,0.007975,19.06874,0.000042,0.000132,-0.001802,(0.0_ 0.0_ 1.0)
176.1126,0.00006,0.007975,19.14779,0.000042,0.000132,-0.001802,(0.0_ 0.0_ 1.0)
176.1236,0.00006,0.007975,19.2243,0.000054,0.000137,0.001353,(0.0_ 0.0_ 1.0)
176.1348,0.00006,0.007975,19.30294,0.000054,0.000137,0.001353,(0.0_ 0.0_ 1.0)
176.1477,0.000061,0.007975,19.39357,0.000048,0.000131,-0.000465,(0.0_ 0.0_ 1.0)
176.1573,0.000061,0.007975,19.46023,0.000048,0.000131,-0.000465,(0.0_ 0.0_ 1.0)
176.168,0.000061,0.007975,19.53525,0.000051,0.000132,0.000433,(0.0_ 0.0_ 1.0)
176.179,0.000061,0.007975,19.61257,0.000051,0.000132,0.000433,(0.0_ 0.0_ 1.0)
176.1903,0.000061,0.007975,19.69136,0.00005,0.00013,0.000066,(0.0_ 0.0_ 1.0)
176.2012,0.000062,0.007975,19.76783,0.000056,0.000132,0.001847,(0.0_ 0.0_ 1.0)
176.2123,0.000062,0.007975,19.84578,0.000056,0.000132,0.001847,(0.0_ 0.0_ 1.0)
176.2235,0.000062,0.007975,19.92408,0.000044,0.000124,-0.001342,(0.0_ 0.0_ 1.0)
176.2349,0.000062,0.007975,20.00354,0.000044,0.000124,-0.001342,(0.0_ 0.0_ 1.0)
176.2458,0.000062,0.007975,20.08016,0.000052,0.000127,0.000883,(0.0_ 0.0_ 1.0)
176.2572,0.000062,0.007975,20.16019,0.000052,0.000127,0.000883,(0.0_ 0.0_ 1.0)
176.2679,0.000064,0.007975,20.2348,0.000047,0.000135,-0.000429,(0.0_ 0.0_ 1.0)
176.2792,0.000066,0.007975,20.31367,0.000047,0.000158,-0.000429,(0.0_ 0.0_ 1.0)
176.2903,0.000069,0.007988,20.39164,0.000022,0.000177,-0.000151,(0.0_ 0.0_ 1.0)
176.3018,0.000073,0.007989,20.47245,0.00002,0.000223,-0.000137,(0.0_ 0.0_ 1.0)
176.3125,0.000077,0.007989,20.54705,0.00002,0.00028,-0.000137,(0.0_ 0.0_ 1.0)
176.3234,0.000083,0.007991,20.62321,0.000017,0.000348,-0.000115,(0.0_ 0.0_ 1.0)
176.3351,0.00009,0.007991,20.70535,0.000017,0.000428,-0.000115,(0.0_ 0.0_ 1.0)
176.348,0.000099,0.007994,20.79553,0.00001,0.00052,-0.000072,(0.0_ 0.0_ 1.0)
176.3573,0.000106,0.007994,20.8609,0.00001,0.000621,-0.000072,(0.0_ 0.0_ 1.0)
176.3678,0.000115,0.007997,20.93437,0.000006,0.000733,-0.000047,(0.0_ 0.0_ 1.0)
176.3794,0.000126,0.007997,21.01507,0.000006,0.000855,-0.000047,(0.0_ 0.0_ 1.0)
176.3903,0.000137,0.007998,21.09179,0.000003,0.000988,-0.000026,(0.0_ 0.0_ 1.0)
176.4018,0.00015,0.007998,21.1723,0.000003,0.001131,-0.000024,(0.0_ 0.0_ 1.0)
176.4132,0.000164,0.007998,21.2516,0.000003,0.001284,-0.000024,(0.0_ 0.0_ 1.0)
176.4237,0.000178,0.007999,21.32535,0.000002,0.001447,-0.000021,(0.0_ 0.0_ 1.0)
176.4351,0.000193,0.007999,21.4049,0.000002,0.001621,-0.000021,(0.0_ 0.0_ 1.0)
176.4459,0.000209,0.007999,21.48109,0.000001,0.001804,-0.000016,(0.0_ 0.0_ 1.0)
176.4574,0.000227,0.007999,21.56141,0.000001,0.001996,-0.000016,(0.0_ 0.0_ 1.0)
176.4681,0.000245,0.007999,21.6361,0.000001,0.002199,-0.000011,(0.0_ 0.0_ 1.0)
176.4794,0.000265,0.007999,21.71562,0.000001,0.002411,-0.000011,(0.0_ 0.0_ 1.0)
176.4905,0.000285,0.008,21.79288,0.000001,0.002632,-0.000008,(0.0_ 0.0_ 1.0)
176.5018,0.000307,0.008,21.87193,0,0.002863,-0.000008,(0.0_ 0.0_ 1.0)
176.5128,0.00033,0.008,21.94933,0,0.003103,-0.000008,(0.0_ 0.0_ 1.0)
176.524,0.000353,0.008,22.0278,0,0.003352,-0.000008,(0.0_ 0.0_ 1.0)
176.535,0.000378,0.008,22.10428,0,0.003609,-0.000008,(0.0_ 0.0_ 1.0)
176.5458,0.000403,0.008,22.1799,0,0.003876,-0.000007,(0.0_ 0.0_ 1.0)
176.5599,0.000437,0.008,22.27862,0,0.004154,-0.000007,(0.0_ 0.0_ 1.0)
176.5677,0.000456,0.008,22.33313,0,0.004438,-0.000008,(0.0_ 0.0_ 1.0)
176.5793,0.000486,0.008,22.41471,0,0.00473,-0.000008,(0.0_ 0.0_ 1.0)
176.5906,0.000517,0.007981,22.4937,0.000014,0.005029,0.001543,(0.0_ 0.0_ 1.0)
176.6016,0.000547,0.00798,22.57058,0.000015,0.005339,0.001264,(0.0_ 0.0_ 1.0)
176.6128,0.000579,0.00798,22.64887,0.000015,0.005657,0.001264,(0.0_ 0.0_ 1.0)
176.6236,0.000612,0.007984,22.72486,0.000013,0.005987,0.001022,(0.0_ 0.0_ 1.0)
176.6351,0.000647,0.007984,22.80555,0.000013,0.006321,0.001022,(0.0_ 0.0_ 1.0)
176.6459,0.000681,0.007989,22.8809,0.000009,0.006666,0.000721,(0.0_ 0.0_ 1.0)
176.6578,0.00072,0.007989,22.96379,0.000009,0.007017,0.000721,(0.0_ 0.0_ 1.0)
176.6681,0.000755,0.007993,23.03624,0.000005,0.007378,0.000428,(0.0_ 0.0_ 1.0)
176.6794,0.000793,0.007993,23.11493,0.000005,0.007744,0.000428,(0.0_ 0.0_ 1.0)
176.6904,0.000833,0.007997,23.19208,0.000003,0.008121,0.000205,(0.0_ 0.0_ 1.0)
176.7015,0.000873,0.007997,23.26995,0.000003,0.008502,0.000189,(0.0_ 0.0_ 1.0)
176.7127,0.000916,0.007997,23.3486,0.000003,0.008891,0.000189,(0.0_ 0.0_ 1.0)
176.7244,0.000961,0.007998,23.43013,0.000002,0.009288,0.000146,(0.0_ 0.0_ 1.0)
176.7351,0.001003,0.007998,23.50528,0.000002,0.009691,0.000146,(0.0_ 0.0_ 1.0)
176.7461,0.001048,0.007998,23.58207,0.000002,0.010103,0.0001,(0.0_ 0.0_ 1.0)
176.7596,0.001104,0.007998,23.67636,0.000002,0.010522,0.0001,(0.0_ 0.0_ 1.0)
176.7679,0.001139,0.007999,23.73441,0.000001,0.010948,0.000059,(0.0_ 0.0_ 1.0)
176.7796,0.00119,0.007999,23.81673,0.000001,0.01138,0.000059,(0.0_ 0.0_ 1.0)
176.7909,0.001241,0.008,23.89588,0,0.01182,0.000024,(0.0_ 0.0_ 1.0)
176.8018,0.001291,0.008,23.97226,0,0.012267,0.000021,(0.0_ 0.0_ 1.0)
176.8129,0.001342,0.008,24.04972,0,0.012719,0.000021,(0.0_ 0.0_ 1.0)
176.8241,0.001396,0.008,24.12832,0,0.013179,0.000016,(0.0_ 0.0_ 1.0)
176.8352,0.00145,0.008,24.20591,0,0.013645,0.000016,(0.0_ 0.0_ 1.0)
176.8456,0.001502,0.008,24.279,0,0.014118,0.00001,(0.0_ 0.0_ 1.0)
176.8575,0.001562,0.008,24.36191,0,0.014598,0.00001,(0.0_ 0.0_ 1.0)
176.8685,0.001619,0.008,24.43876,0,0.015084,0.000003,(0.0_ 0.0_ 1.0)
176.8797,0.001678,0.008,24.51707,0,0.015576,0.000003,(0.0_ 0.0_ 1.0)
176.8905,0.001736,0.008,24.59271,0,0.016075,-0.000002,(0.0_ 0.0_ 1.0)
176.9022,0.001801,0.008,24.67463,0,0.016579,-0.000003,(0.0_ 0.0_ 1.0)
176.9133,0.001863,0.008,24.7529,0,0.01709,-0.000003,(0.0_ 0.0_ 1.0)
176.9239,0.001924,0.007993,24.82678,0.000005,0.017606,0.000567,(0.0_ 0.0_ 1.0)
176.9349,0.001988,0.007993,24.90404,0.000005,0.018129,0.000567,(0.0_ 0.0_ 1.0)
176.946,0.002053,0.007996,24.98132,0.000039,0.018652,0.000447,(0.0_ 0.0_ 1.0)
176.9579,0.002125,0.007996,25.06442,0.000039,0.019187,0.000447,(0.0_ 0.0_ 1.0)
176.9706,0.002203,0.007978,25.15365,0.000031,0.019733,-0.001379,(0.0_ 0.0_ 1.0)
176.9795,0.002258,0.007978,25.21579,0.000031,0.020279,-0.001379,(0.0_ 0.0_ 1.0)
176.991,0.002331,0.00799,25.29652,0.000015,0.020847,-0.000741,(0.0_ 0.0_ 1.0)
177.0017,0.0024,0.007991,25.37142,0.000013,0.021404,-0.000679,(0.0_ 0.0_ 1.0)
177.0131,0.002474,0.007991,25.45088,0.000013,0.021967,-0.000679,(0.0_ 0.0_ 1.0)
177.0242,0.002549,0.007993,25.52885,0.000011,0.022535,-0.00054,(0.0_ 0.0_ 1.0)
177.0353,0.002624,0.007993,25.6069,0.000011,0.023109,-0.00054,(0.0_ 0.0_ 1.0)
177.0458,0.002696,0.007995,25.67999,0.000008,0.023688,-0.000387,(0.0_ 0.0_ 1.0)
177.0578,0.00278,0.007995,25.76418,0.000008,0.024273,-0.000387,(0.0_ 0.0_ 1.0)
177.068,0.002852,0.007997,25.83521,0.000005,0.024862,-0.000237,(0.0_ 0.0_ 1.0)
177.0796,0.002936,0.007997,25.91639,0.000005,0.025457,-0.000237,(0.0_ 0.0_ 1.0)
177.0906,0.003016,0.007999,25.99359,0.000003,0.026056,-0.000115,(0.0_ 0.0_ 1.0)
177.1016,0.003098,0.007999,26.07061,-0.000002,0.026661,-0.000106,(0.0_ 0.0_ 1.0)
177.1128,0.003183,0.007999,26.14903,-0.000002,0.027283,-0.000106,(0.0_ 0.0_ 1.0)
177.1244,0.003274,0.007999,26.23027,-0.000001,0.027922,-0.000084,(0.0_ 0.0_ 1.0)
177.1352,0.00336,0.007999,26.30576,-0.000001,0.028577,-0.000084,(0.0_ 0.0_ 1.0)
177.146,0.003449,0.007999,26.38126,0.000017,0.029248,0.000088,(0.0_ 0.0_ 1.0)
177.1578,0.003551,0.007999,26.46423,0.000017,0.029959,0.000088,(0.0_ 0.0_ 1.0)
177.1707,0.003665,0.007999,26.55421,-0.000017,0.0307,0.000045,(0.0_ 0.0_ 1.0)
177.1796,0.003746,0.007999,26.61663,-0.000017,0.031473,0.000045,(0.0_ 0.0_ 1.0)
177.1912,0.003857,0.007999,26.69783,0.000022,0.032307,-0.00025,(0.0_ 0.0_ 1.0)
177.2021,0.003965,0.007996,26.77419,0.000022,0.033157,0.000061,(0.0_ 0.0_ 1.0)
177.2132,0.004079,0.007996,26.85195,0.000022,0.034056,0.000061,(0.0_ 0.0_ 1.0)
177.2242,0.004197,0.007997,26.92851,0.000017,0.034999,0.000075,(0.0_ 0.0_ 1.0)
177.2356,0.004326,0.007997,27.00861,0.000017,0.035995,0.000075,(0.0_ 0.0_ 1.0)
177.2464,0.004453,0.007998,27.08459,0.000012,0.037037,0.000051,(0.0_ 0.0_ 1.0)
177.2581,0.004594,0.007998,27.16603,0.000012,0.038127,0.000051,(0.0_ 0.0_ 1.0)
177.2683,0.004723,0.007999,27.23738,0.000007,0.03926,0.000028,(0.0_ 0.0_ 1.0)
177.2801,0.004877,0.007999,27.32028,0.000007,0.040442,0.000028,(0.0_ 0.0_ 1.0)
177.2913,0.005029,0.007999,27.39875,0.000007,0.041669,0.000028,(0.0_ 0.0_ 1.0)
177.3017,0.005173,0.007999,27.47102,0.000006,0.042937,0.000025,(0.0_ 0.0_ 1.0)
177.3131,0.005339,0.007999,27.55115,0.000006,0.044251,0.000025,(0.0_ 0.0_ 1.0)
177.3239,0.0055,0.007999,27.62705,0.000005,0.045608,0.000019,(0.0_ 0.0_ 1.0)
177.3351,0.005672,0.007999,27.70541,0.000005,0.047008,0.000019,(0.0_ 0.0_ 1.0)
177.3463,0.005849,0.007999,27.78353,0.000003,0.048451,0.000011,(0.0_ 0.0_ 1.0)
177.3578,0.006037,0.007999,27.86425,0.000003,0.049937,0.000011,(0.0_ 0.0_ 1.0)
177.3704,0.00625,0.008,27.95245,0.000001,0.051472,0.000002,(0.0_ 0.0_ 1.0)
177.3798,0.006412,0.008,28.01816,0.000001,0.05304,0.000002,(0.0_ 0.0_ 1.0)
177.3906,0.006604,0.008,28.09392,0.000001,0.054649,-0.000003,(0.0_ 0.0_ 1.0)
177.4021,0.006813,0.008,28.17438,0,0.056299,-0.000004,(0.0_ 0.0_ 1.0)
177.413,0.007017,0.008,28.25053,0,0.057989,-0.000004,(0.0_ 0.0_ 1.0)
177.424,0.007229,0.007993,28.32783,0.000006,0.059716,0.000588,(0.0_ 0.0_ 1.0)
177.4357,0.007457,0.007993,28.40915,0.000006,0.061485,0.000588,(0.0_ 0.0_ 1.0)
177.4463,0.007671,0.007996,28.48354,0.000041,0.063286,0.000455,(0.0_ 0.0_ 1.0)
177.458,0.007912,0.007996,28.56518,0.000041,0.065132,0.000455,(0.0_ 0.0_ 1.0)
177.4686,0.008138,0.007981,28.63999,0.000033,0.067018,-0.00104,(0.0_ 0.0_ 1.0)
177.4797,0.008378,0.007981,28.71764,0.000033,0.068937,-0.00104,(0.0_ 0.0_ 1.0)
177.4909,0.008625,0.007991,28.79582,0.000016,0.070909,-0.000586,(0.0_ 0.0_ 1.0)
177.5022,0.008882,0.007992,28.87517,0.000014,0.072915,-0.000522,(0.0_ 0.0_ 1.0)
177.5135,0.009145,0.007992,28.95383,0.000014,0.07498,-0.000522,(0.0_ 0.0_ 1.0)
177.5247,0.009414,0.007994,29.03212,0.000011,0.077105,-0.000403,(0.0_ 0.0_ 1.0)
177.5354,0.009681,0.007994,29.10763,0.000011,0.079297,-0.000403,(0.0_ 0.0_ 1.0)
177.5462,0.009956,0.007996,29.18289,0.000008,0.081566,-0.000281,(0.0_ 0.0_ 1.0)
177.5581,0.010273,0.007996,29.26645,0.000008,0.083934,-0.000281,(0.0_ 0.0_ 1.0)
177.5707,0.010621,0.007998,29.35466,0.000004,0.086416,-0.000134,(0.0_ 0.0_ 1.0)
177.58,0.010885,0.007998,29.41938,0.000004,0.088993,-0.000134,(0.0_ 0.0_ 1.0)
177.5918,0.011238,0.007999,29.50193,-0.000032,0.091711,-0.000049,(0.0_ 0.0_ 1.0)
177.6019,0.011553,0.007999,29.57275,-0.000024,0.094557,0.000002,(0.0_ 0.0_ 1.0)
177.6134,0.01193,0.007999,29.65351,-0.000024,0.097567,0.000002,(0.0_ 0.0_ 1.0)
177.6241,0.012292,0.007999,29.728,-0.000019,0.100734,0.000003,(0.0_ 0.0_ 1.0)
177.6355,0.0127,0.007999,29.80759,-0.000019,0.104092,0.000003,(0.0_ 0.0_ 1.0)
177.6464,0.013113,0.007999,29.88444,-0.000013,0.107655,0.000001,(0.0_ 0.0_ 1.0)
177.6578,0.013565,0.007999,29.96434,-0.000013,0.111439,0.000001,(0.0_ 0.0_ 1.0)
177.6686,0.014016,0.008,30.03984,-0.000008,0.115465,-0.000002,(0.0_ 0.0_ 1.0)
177.6798,0.014508,0.008,30.11788,-0.000008,0.119748,-0.000002,(0.0_ 0.0_ 1.0)
177.691,0.015031,0.008,30.19653,-0.000003,0.124314,-0.000003,(0.0_ 0.0_ 1.0)
177.702,0.015574,0.008,30.27374,0.000003,0.12917,0.000048,(0.0_ 0.0_ 1.0)
177.7131,0.016147,0.008,30.35081,0.000003,0.134346,0.000048,(0.0_ 0.0_ 1.0)
177.7244,0.016773,0.007992,30.4303,0.000007,0.139879,-0.000575,(0.0_ 0.0_ 1.0)
177.7354,0.017413,0.007992,30.50701,0.000007,0.145775,-0.000575,(0.0_ 0.0_ 1.0)
177.7465,0.018101,0.007995,30.58499,0.000005,0.152067,-0.000442,(0.0_ 0.0_ 1.0)
177.7579,0.01885,0.007995,30.66503,0.000005,0.15877,-0.000442,(0.0_ 0.0_ 1.0)
177.7688,0.019601,0.00798,30.74096,0.000015,0.165885,0.001104,(0.0_ 0.0_ 1.0)
177.7821,0.020581,0.007982,30.83389,0.000013,0.173532,0.00101,(0.0_ 0.0_ 1.0)
177.7911,0.021279,0.007982,30.89705,0.000013,0.181555,0.00101,(0.0_ 0.0_ 1.0)
177.8019,0.022163,0.007984,30.97291,0.000011,0.190037,0.000914,(0.0_ 0.0_ 1.0)
177.8132,0.023132,0.007984,31.05168,0.000011,0.199023,0.000914,(0.0_ 0.0_ 1.0)
177.8245,0.024159,0.007988,31.13077,0.000009,0.208535,0.000712,(0.0_ 0.0_ 1.0)
177.8355,0.025214,0.007988,31.2078,0.000009,0.218586,0.000712,(0.0_ 0.0_ 1.0)
177.8462,0.026299,0.007991,31.28311,0.000006,0.229183,0.00049,(0.0_ 0.0_ 1.0)
177.858,0.027556,0.007991,31.36575,0.000005,0.240394,0.00049,(0.0_ 0.0_ 1.0)
177.8684,0.028716,0.007995,31.43841,0.000003,0.252164,0.000282,(0.0_ 0.0_ 1.0)
177.8802,0.030099,0.007995,31.52063,0.000003,0.26458,0.000279,(0.0_ 0.0_ 1.0)
177.8918,0.03153,0.007995,31.60159,0.000003,0.277638,0.000279,(0.0_ 0.0_ 1.0)
177.9021,0.032872,0.007996,31.67407,0.000003,0.291299,0.00025,(0.0_ 0.0_ 1.0)
177.9128,0.034317,0.007996,31.74869,0.000003,0.305582,0.00025,(0.0_ 0.0_ 1.0)
177.9246,0.035997,0.007997,31.83135,0.000002,0.320575,0.000192,(0.0_ 0.0_ 1.0)
177.9356,0.037634,0.007997,31.90837,0.000002,0.336231,0.000192,(0.0_ 0.0_ 1.0)
177.9463,0.039293,0.007998,31.98316,0.000001,0.352536,0.00013,(0.0_ 0.0_ 1.0)
177.958,0.041198,0.007998,32.06521,0.000001,0.369594,0.00013,(0.0_ 0.0_ 1.0)
177.9683,0.042948,0.007999,32.1376,0.000001,0.387319,0.000074,(0.0_ 0.0_ 1.0)
177.9797,0.044949,0.007999,32.21691,0.000001,0.405779,0.000074,(0.0_ 0.0_ 1.0)
177.9933,0.047463,0.008,32.31196,0,0.425141,0.00002,(0.0_ 0.0_ 1.0)
178.0017,0.049078,0.008,32.37103,0,0.445062,0.000018,(0.0_ 0.0_ 1.0)
178.0133,0.051392,0.008,32.45227,0,0.465771,0.000018,(0.0_ 0.0_ 1.0)
178.024,0.053616,0.008,32.52745,0,0.487213,0.000013,(0.0_ 0.0_ 1.0)
178.0356,0.056102,0.008,32.6083,0,0.509447,0.000013,(0.0_ 0.0_ 1.0)
178.0462,0.058456,0.008,32.68217,0,0.532418,0.000007,(0.0_ 0.0_ 1.0)
178.0582,0.061243,0.008,32.76632,0,0.556231,0.000007,(0.0_ 0.0_ 1.0)
178.0689,0.063803,0.008,32.84097,0,0.580807,0,(0.0_ 0.0_ 1.0)
178.0799,0.066539,0.008,32.91801,0,0.606171,0,(0.0_ 0.0_ 1.0)
178.0907,0.069309,0.007951,32.99338,0.000128,0.632321,-0.000004,(0.0_ 0.0_ 1.0)
178.102,0.072318,0.007956,33.07248,0.000116,0.65931,-0.000004,(0.0_ 0.0_ 1.0)
178.1133,0.075439,0.007956,33.15176,0.000116,0.687144,-0.000004,(0.0_ 0.0_ 1.0)
178.1244,0.078608,0.007966,33.22963,0.00009,0.71582,-0.000005,(0.0_ 0.0_ 1.0)
178.1356,0.081882,0.007965,33.30751,0.00009,0.745341,-0.000005,(0.0_ 0.0_ 1.0)
178.1465,0.085201,0.007977,33.38403,0.000061,0.775684,-0.000007,(0.0_ 0.0_ 1.0)
178.1582,0.08886,0.007977,33.4657,0.000061,0.806918,-0.000006,(0.0_ 0.0_ 1.0)
178.1687,0.092241,0.007987,33.53897,0.000035,0.838954,-0.000005,(0.0_ 0.0_ 1.0)
178.18,0.096016,0.007987,33.61831,0.000035,0.87186,-0.000005,(0.0_ 0.0_ 1.0)
178.1935,0.100674,0.007987,33.71297,0.000035,0.905807,-0.000005,(0.0_ 0.0_ 1.0)
178.2018,0.103582,0.007988,33.77063,0.000032,0.940388,-0.000005,(0.0_ 0.0_ 1.0)
178.2136,0.107882,0.007988,33.85338,0.000032,0.975897,-0.000005,(0.0_ 0.0_ 1.0)
178.2247,0.112009,0.007991,33.93056,0.000025,1.012273,-0.000006,(0.0_ 0.0_ 1.0)
178.2357,0.116233,0.00799,34.00742,0.000025,1.049513,-0.000006,(0.0_ 0.0_ 1.0)
178.2467,0.120576,0.007994,34.08431,0.000017,1.087621,-0.000007,(0.0_ 0.0_ 1.0)
178.258,0.125172,0.007994,34.16347,0.000017,1.126636,-0.000007,(0.0_ 0.0_ 1.0)
178.2686,0.129607,0.007996,34.23785,0.000009,1.166516,-0.000007,(0.0_ 0.0_ 1.0)
178.2799,0.134427,0.007996,34.31659,0.000009,1.207301,-0.000007,(0.0_ 0.0_ 1.0)
178.2911,0.139344,0.007998,34.39483,0.000004,1.248989,-0.000007,(0.0_ 0.0_ 1.0)
178.3024,0.14441,0.007999,34.4734,0.000004,1.291583,-0.000007,(0.0_ 0.0_ 1.0)
178.3131,0.14939,0.007999,34.54873,0.000004,1.335049,-0.000007,(0.0_ 0.0_ 1.0)
178.3245,0.154781,0.007999,34.62824,0.000003,1.379449,-0.000007,(0.0_ 0.0_ 1.0)
178.3356,0.160131,0.007999,34.70524,0.000003,1.424743,-0.000007,(0.0_ 0.0_ 1.0)
178.3464,0.165503,0.007999,34.78073,0.000002,1.470916,-0.000007,(0.0_ 0.0_ 1.0)
178.3582,0.171509,0.007999,34.86308,0.000002,1.518049,-0.000007,(0.0_ 0.0_ 1.0)
178.3691,0.17719,0.008,34.93918,0.000001,1.56607,-0.000006,(0.0_ 0.0_ 1.0)
178.3804,0.18323,0.008,35.01822,0.000001,1.615003,-0.000006,(0.0_ 0.0_ 1.0)
178.3937,0.190491,0.008,35.11091,0.000001,1.664995,-0.000006,(0.0_ 0.0_ 1.0)
178.4018,0.195019,0.008,35.1676,0.000001,1.715635,-0.000006,(0.0_ 0.0_ 1.0)
178.4137,0.201783,0.008,35.25039,0.000001,1.767213,-0.000006,(0.0_ 0.0_ 1.0)
178.4243,0.207959,0.008,35.32441,0.000001,1.819619,-0.000006,(0.0_ 0.0_ 1.0)
178.4357,0.214737,0.008,35.40391,0.000001,1.872906,-0.000006,(0.0_ 0.0_ 1.0)
178.4463,0.221204,0.008,35.47823,0.000001,1.927007,-0.000006,(0.0_ 0.0_ 1.0)
178.458,0.228458,0.008,35.55988,0.000001,1.981993,-0.000006,(0.0_ 0.0_ 1.0)
178.4686,0.235115,0.008,35.63334,0.000001,2.037766,-0.000007,(0.0_ 0.0_ 1.0)
178.4801,0.242565,0.008,35.71393,0.000001,2.094394,-0.000007,(0.0_ 0.0_ 1.0)
178.4919,0.250309,0.008,35.79603,0.000001,2.151882,-0.000007,(0.0_ 0.0_ 1.0)
178.5018,0.256939,0.008,35.86506,-0.000005,2.210086,-0.000006,(0.0_ 0.0_ 1.0)
178.5134,0.264821,0.008,35.94556,-0.000004,2.269115,-0.000006,(0.0_ 0.0_ 1.0)
178.5245,0.272534,0.008,36.02288,0.00001,2.328919,0.000105,(0.0_ 0.0_ 1.0)
178.5357,0.280447,0.008,36.10077,0.00001,2.389515,0.000105,(0.0_ 0.0_ 1.0)
178.5465,0.288239,0.007989,36.17611,0.000014,2.450857,-0.000823,(0.0_ 0.0_ 1.0)
178.5582,0.296791,0.007989,36.25733,0.000015,2.512997,-0.000823,(0.0_ 0.0_ 1.0)
178.569,0.304891,0.007994,36.33294,0.000009,2.57588,-0.000533,(0.0_ 0.0_ 1.0)
178.58,0.313206,0.007994,36.40922,0.00001,2.639485,-0.000533,(0.0_ 0.0_ 1.0)
178.5913,0.321966,0.007975,36.48823,0.000018,2.703836,0.001551,(0.0_ 0.0_ 1.0)
178.6044,0.332231,0.007981,36.57917,0.000012,2.769039,0.001258,(0.0_ 0.0_ 1.0)
178.6131,0.33919,0.007981,36.6399,0.000011,2.834812,0.001258,(0.0_ 0.0_ 1.0)
178.6242,0.348141,0.007985,36.71674,0.000007,2.901292,0.000998,(0.1_ 0.0_ 1.0)
178.6356,0.357491,0.007985,36.79572,0.000006,2.968489,0.000998,(0.1_ 0.0_ 1.0)
178.6464,0.366517,0.00799,36.87078,0.000003,3.036364,0.000683,(0.1_ 0.0_ 1.0)
178.658,0.376421,0.00799,36.95184,0.000003,3.104957,0.000683,(0.1_ 0.0_ 1.0)
178.6684,0.3854,0.007994,37.02422,0.000001,3.17419,0.000394,(0.1_ 0.0_ 1.0)
178.6801,0.395573,0.007994,37.10496,0.000001,3.244122,0.000393,(0.1_ 0.0_ 1.0)
178.6913,0.405556,0.007994,37.18301,0,3.314726,0.000393,(0.1_ 0.0_ 1.0)
178.7018,0.415006,0.007995,37.25581,0,3.38595,0.000358,(0.1_ 0.0_ 1.0)
178.7132,0.425427,0.007995,37.33492,-0.000001,3.457839,0.000358,(0.1_ 0.0_ 1.0)
178.7245,0.43592,0.007996,37.41341,-0.000001,3.530383,0.000277,(0.1_ 0.0_ 1.0)
178.7358,0.446542,0.007996,37.49173,-0.000001,3.603572,0.000277,(0.1_ 0.0_ 1.0)
178.7465,0.456729,0.007997,37.56579,-0.000001,3.677365,0.000187,(0.1_ 0.0_ 1.0)
178.7581,0.467946,0.007997,37.64619,-0.000001,3.751805,0.000187,(0.1_ 0.0_ 1.0)
178.7687,0.478328,0.007999,37.71959,0,3.826831,0.000104,(0.1_ 0.0_ 1.0)
178.78,0.489635,0.007999,37.79844,0,3.902478,0.000104,(0.1_ 0.0_ 1.0)
178.7917,0.501339,0.007999,37.87893,-0.000001,3.978753,0.000104,(0.1_ 0.0_ 1.0)
178.8042,0.514174,0.007999,37.96598,0,4.055699,0.000081,(0.1_ 0.0_ 1.0)
178.8131,0.523307,0.007999,38.02716,-0.000001,4.133111,0.000081,(0.1_ 0.0_ 1.0)
178.8244,0.535123,0.007999,38.10527,0.000011,4.211121,-0.000043,(0.1_ 0.0_ 1.0)
178.8358,0.54721,0.007999,38.18414,0.000011,4.289712,-0.000043,(0.1_ 0.0_ 1.0)
178.8463,0.558523,0.007999,38.25701,0.000008,4.368854,-0.000037,(0.1_ 0.0_ 1.0)
178.8583,0.571577,0.007999,38.34,0.000008,4.448612,-0.000037,(0.1_ 0.0_ 1.0)
178.8687,0.583036,0.008,38.41195,0.000005,4.528913,-0.000024,(0.1_ 0.0_ 1.0)
178.88,0.595648,0.008,38.49014,0.000005,4.609807,-0.000024,(0.1_ 0.0_ 1.0)
178.8917,0.608801,0.008,38.57063,0.000005,4.691306,-0.000024,(0.1_ 0.0_ 1.0)
178.9019,0.620446,0.008,38.64105,0.000004,4.773328,-0.000023,(0.1_ 0.0_ 1.0)
178.9134,0.633754,0.008,38.72052,0.000005,4.855947,-0.000023,(0.1_ 0.0_ 1.0)
178.9247,0.647034,0.007999,38.79884,-0.000009,4.939159,-0.000016,(0.1_ 0.0_ 1.0)
178.9357,0.660072,0.007999,38.87479,-0.000009,5.02294,-0.000016,(0.1_ 0.0_ 1.0)
178.9464,0.672839,0.008,38.94829,-0.000007,5.107267,-0.000012,(0.1_ 0.0_ 1.0)
178.9581,0.687087,0.008,39.02931,-0.000007,5.192199,-0.000012,(0.1_ 0.0_ 1.0)
178.9686,0.699939,0.008,39.10153,-0.000004,5.277688,-0.00001,(0.1_ 0.0_ 1.0)
178.9799,0.713886,0.008,39.17897,-0.000003,5.363768,-0.00001,(0.1_ 0.0_ 1.0)
178.9915,0.728568,0.007999,39.25951,0.000033,5.450434,0.00028,(0.1_ 0.0_ 1.0)
179.0023,0.742173,0.007996,39.33328,0.000032,5.537683,-0.000055,(0.1_ 0.0_ 1.0)
179.0159,0.759718,0.007996,39.42724,0.000032,5.62564,-0.000055,(0.1_ 0.0_ 1.0)
179.0242,0.770413,0.007997,39.48391,0.000026,5.714022,-0.000073,(0.1_ 0.0_ 1.0)
179.0354,0.785226,0.007996,39.56148,0.000026,5.802972,-0.000073,(0.1_ 0.0_ 1.0)
179.0464,0.799839,0.007998,39.63714,0.000018,5.892476,-0.000053,(0.1_ 0.0_ 1.0)
179.0583,0.815794,0.007998,39.71881,0.000018,5.982567,-0.000053,(0.1_ 0.0_ 1.0)
179.0687,0.829903,0.007999,39.79024,0.000011,6.073168,-0.000031,(0.1_ 0.0_ 1.0)
179.0803,0.845699,0.007999,39.86932,0.000011,6.164328,-0.000031,(0.1_ 0.0_ 1.0)
179.0917,0.861566,0.007999,39.94788,0.000011,6.256036,-0.000031,(0.1_ 0.0_ 1.0)
179.1018,0.875671,0.007999,40.01696,0.00001,6.348222,-0.000029,(0.1_ 0.0_ 1.0)
179.1132,0.891833,0.007999,40.09528,0.00001,6.440943,-0.000029,(0.1_ 0.0_ 1.0)
179.1248,0.908343,0.007999,40.17442,0.000008,6.534201,-0.000024,(0.1_ 0.0_ 1.0)
179.1357,0.924148,0.007999,40.24937,0.000008,6.627959,-0.000024,(0.1_ 0.0_ 1.0)
179.1465,0.939951,0.007999,40.32355,0.000005,6.722208,-0.000018,(0.1_ 0.0_ 1.0)
179.1582,0.957108,0.007999,40.40322,0.000005,6.81698,-0.000018,(0.1_ 0.0_ 1.0)
179.1686,0.972644,0.008,40.47463,0.000003,6.912215,-0.000013,(0.1_ 0.0_ 1.0)
179.1801,0.989925,0.008,40.55325,0.000003,7.007953,-0.000013,(0.1_ 0.0_ 1.0)
179.1918,1.007645,0.008,40.63303,0.000003,7.104197,-0.000013,(0.1_ 0.0_ 1.0)
179.2022,1.023602,0.008,40.70415,0.000002,7.200888,-0.000012,(0.1_ 0.0_ 1.0)
179.2188,1.049254,0.008,40.81723,0.000003,7.298281,-0.000012,(0.1_ 0.0_ 1.0)
179.2271,1.062184,0.008,40.8737,0.000002,7.396019,-0.00001,(0.1_ 0.0_ 1.0)
179.2366,1.077328,0.008,40.93919,0.000002,7.494153,-0.00001,(0.1_ 0.0_ 1.0)
179.2477,1.094908,0.008,41.01448,0.000001,7.59274,-0.000009,(0.1_ 0.0_ 1.0)
179.2592,1.113439,0.008,41.09307,0.000001,7.691795,-0.000009,(0.1_ 0.0_ 1.0)
179.2695,1.130014,0.008,41.1627,0.000001,7.791258,-0.000009,(0.1_ 0.0_ 1.0)
179.2811,1.148993,0.007998,41.24165,0.000002,7.891182,0.000146,(0.1_ 0.0_ 1.0)
179.2919,1.166876,0.007998,41.31534,0.000002,7.99153,0.000146,(0.1_ 0.0_ 1.0)
179.3027,1.184831,0.007998,41.38863,0.000001,8.092293,0.000144,(0.1_ 0.0_ 1.0)
179.3137,1.203319,0.007998,41.4634,0.000001,8.19348,0.000144,(0.1_ 0.0_ 1.0)
179.3248,1.2222,0.00799,41.53904,0.000007,8.29509,-0.000611,(0.1_ 0.0_ 1.0)
179.3357,1.240892,0.00799,41.61324,0.000008,8.397108,-0.000611,(0.1_ 0.0_ 1.0)
179.3464,1.259236,0.007993,41.68539,0.000007,8.499528,-0.000473,(0.1_ 0.0_ 1.0)
179.3585,1.280271,0.007993,41.76735,0.000008,8.602385,-0.000473,(0.1_ 0.0_ 1.0)
179.3687,1.298187,0.007996,41.83654,0.000005,8.70561,-0.000275,(0.2_ 0.0_ 1.0)
179.38,1.318209,0.007996,41.91317,0.000006,8.809242,-0.000275,(0.2_ 0.0_ 1.0)
179.3911,1.338075,0.007998,41.98852,0.000003,8.913267,-0.000125,(0.2_ 0.0_ 1.0)
179.4021,1.357915,0.007998,42.06311,0.000003,9.01768,-0.000112,(0.2_ 0.0_ 1.0)
179.4136,1.378768,0.007998,42.14082,0.000003,9.122492,-0.000112,(0.2_ 0.0_ 1.0)
179.4245,1.398654,0.007999,42.21427,0.000002,9.227676,-0.000089,(0.2_ 0.0_ 1.0)
179.4376,1.422836,0.007999,42.30279,0.000002,9.333304,-0.000089,(0.2_ 0.0_ 1.0)
179.4464,1.43916,0.007999,42.36204,0.000002,9.439227,-0.000063,(0.2_ 0.0_ 1.0)
179.4583,1.461555,0.007999,42.44263,0.000002,9.545546,-0.000063,(0.2_ 0.0_ 1.0)
179.4687,1.481119,0.008,42.51243,0.000001,9.652203,-0.000038,(0.2_ 0.0_ 1.0)
179.4799,1.502502,0.008,42.58808,0.000001,9.759225,-0.000038,(0.2_ 0.0_ 1.0)
179.4911,1.523989,0.00798,42.66345,0.000011,9.866601,0.001618,(0.2_ 0.0_ 1.0)
179.502,1.545005,0.00798,42.73655,0.000012,9.974328,0.001261,(0.2_ 0.0_ 1.0)
179.5133,1.566958,0.00798,42.81228,0.00001,10.08241,0.001261,(0.2_ 0.0_ 1.0)
179.5245,1.588979,0.007984,42.88761,0.000006,10.19084,0.000963,(0.2_ 0.0_ 1.0)
179.5356,1.611031,0.007984,42.96243,0.000004,10.29961,0.000963,(0.2_ 0.0_ 1.0)
179.5465,1.632705,0.00799,43.03536,0.000002,10.40871,0.000652,(0.2_ 0.0_ 1.0)
179.5583,1.656494,0.00799,43.11476,0,10.51816,0.000652,(0.2_ 0.0_ 1.0)
179.5685,1.677005,0.007994,43.18266,0,10.62791,0.000376,(0.2_ 0.0_ 1.0)
179.5797,1.699928,0.007994,43.25794,-0.000001,10.738,0.000376,(0.2_ 0.0_ 1.0)
179.5909,1.722967,0.007997,43.333,-0.000001,10.84841,0.000169,(0.2_ 0.0_ 1.0)
179.6023,1.746592,0.007998,43.40935,-0.000001,10.95914,0.000148,(0.2_ 0.0_ 1.0)
179.6132,1.769151,0.007998,43.48169,-0.000001,11.07018,0.000148,(0.2_ 0.0_ 1.0)
179.6247,1.793348,0.007998,43.55866,-0.000001,11.18155,0.000112,(0.2_ 0.0_ 1.0)
179.6374,1.820313,0.007998,43.64375,-0.000001,11.29327,0.000112,(0.2_ 0.0_ 1.0)
179.646,1.838606,0.007999,43.70105,-0.000001,11.40522,0.000077,(0.2_ 0.0_ 1.0)
179.658,1.864218,0.007999,43.78064,-0.000001,11.5175,0.000077,(0.2_ 0.0_ 1.0)
179.6682,1.886409,0.007999,43.84907,0,11.63006,0.000043,(0.2_ 0.0_ 1.0)
179.6795,1.910953,0.007999,43.92418,0,11.74291,0.000043,(0.2_ 0.0_ 1.0)
179.6908,1.935666,0.008,43.99923,0,11.85606,0.000018,(0.2_ 0.0_ 1.0)
179.702,1.960388,0.008,44.07374,0,11.9695,0.000015,(0.2_ 0.0_ 1.0)
179.7136,1.986083,0.008,44.15059,0,12.08324,0.000015,(0.2_ 0.0_ 1.0)
179.7244,2.010181,0.008,44.22214,0,12.19725,0.000011,(0.2_ 0.0_ 1.0)
179.7352,2.034489,0.008,44.29377,0,12.31153,0.000011,(0.2_ 0.0_ 1.0)
179.7461,2.059102,0.007989,44.36576,0.000007,12.42608,-0.00088,(0.2_ 0.0_ 1.0)
179.7578,2.085864,0.007988,44.44345,0.000009,12.54092,-0.00088,(0.2_ 0.0_ 1.0)
179.7686,2.11062,0.007993,44.5148,0.000007,12.65603,-0.000581,(0.2_ 0.0_ 1.0)
179.7802,2.13728,0.007993,44.59108,0.000008,12.77141,-0.000553,(0.2_ 0.0_ 1.0)
179.7917,2.164113,0.007993,44.66728,0.000009,12.88706,-0.000553,(0.2_ 0.0_ 1.0)
179.8017,2.187644,0.007993,44.73363,-0.00005,13.00294,-0.000416,(0.2_ 0.0_ 1.0)
179.8132,2.214521,0.007993,44.80887,-0.000049,13.1191,-0.000416,(0.2_ 0.0_ 1.0)
179.8243,2.240861,0.007995,44.88208,-0.000038,13.2355,-0.000316,(0.2_ 0.0_ 1.0)
179.8354,2.267521,0.007995,44.95565,-0.000038,13.35216,-0.000317,(0.2_ 0.0_ 1.0)
179.8484,2.298678,0.007997,45.041,-0.000021,13.46911,-0.000186,(0.2_ 0.0_ 1.0)
179.8579,2.321497,0.007997,45.10308,-0.000021,13.58627,-0.000186,(0.2_ 0.0_ 1.0)
179.8685,2.347306,0.007998,45.17281,-0.000011,13.70366,-0.000108,(0.2_ 0.0_ 1.0)
179.8797,2.37477,0.007998,45.24648,-0.000011,13.8213,-0.000108,(0.2_ 0.0_ 1.0)
179.8911,2.402721,0.007999,45.32094,-0.000006,13.93918,-0.000052,(0.2_ 0.0_ 1.0)
179.9021,2.429828,0.007999,45.39265,0.000001,14.05729,0.000005,(0.2_ 0.0_ 1.0)
179.9138,2.458987,0.007999,45.46926,0.000001,14.17565,0.000005,(0.2_ 0.0_ 1.0)
179.9243,2.485316,0.007999,45.53796,0.000001,14.29422,0.000005,(0.2_ 0.0_ 1.0)
179.9357,2.514191,0.007999,45.61279,0.000001,14.41303,0.000005,(0.2_ 0.0_ 1.0)
179.9463,2.541063,0.008,45.68195,0,14.53206,0.000003,(0.3_ 0.0_ 1.0)
179.9577,2.570162,0.008,45.75633,0,14.65131,0.000003,(0.3_ 0.0_ 1.0)
179.9686,2.598003,0.008,45.82702,0,14.77078,-0.000002,(0.3_ 0.0_ 1.0)
179.9798,2.626905,0.008,45.89992,0,14.89047,-0.000002,(0.3_ 0.0_ 1.0)
179.9911,2.656322,0.008,45.97361,0,15.01038,-0.000003,(0.3_ 0.0_ 1.0)
180.0021,2.685029,0.008,46.04505,-0.000006,15.1305,-0.000002,(0.3_ 0.0_ 1.0)
180.0132,2.713976,0.008,46.1166,-0.000006,15.25083,-0.000002,(0.3_ 0.0_ 1.0)
180.0244,2.743766,0.008,46.18976,-0.000004,15.37137,-0.000002,(0.3_ 0.0_ 1.0)
180.0359,2.774322,0.008,46.2643,-0.000004,15.49212,-0.000002,(0.3_ 0.0_ 1.0)
180.0483,2.80737,0.008,46.34438,0.000021,15.61309,0.000202,(0.3_ 0.0_ 1.0)
180.058,2.833264,0.008,46.40673,0.00002,15.73425,0.000203,(0.3_ 0.0_ 1.0)
180.0688,2.862513,0.007985,46.47669,0.000023,15.8556,-0.001076,(0.3_ 0.0_ 1.0)
180.0802,2.893502,0.007985,46.55034,0.000025,15.97715,-0.001067,(0.3_ 0.0_ 1.0)
180.0913,2.923712,0.007985,46.62167,0.000027,16.09889,-0.001067,(0.3_ 0.0_ 1.0)
180.1019,2.95283,0.007986,46.68999,0.000027,16.22083,-0.000969,(0.3_ 0.0_ 1.0)
180.1133,2.984248,0.007986,46.76323,0.000029,16.34295,-0.000969,(0.3_ 0.0_ 1.0)
180.1242,3.014442,0.007989,46.83317,0.000025,16.46526,-0.000772,(0.3_ 0.0_ 1.0)
180.1356,3.046332,0.007988,46.90657,0.000026,16.58776,-0.000772,(0.3_ 0.0_ 1.0)
180.1464,3.076693,0.007992,46.97601,0.000019,16.71045,-0.00053,(0.3_ 0.0_ 1.0)
180.1579,3.109105,0.007992,47.04967,0.00002,16.83331,-0.00053,(0.3_ 0.0_ 1.0)
180.1688,3.139835,0.007995,47.11907,0.000012,16.95636,-0.000303,(0.3_ 0.0_ 1.0)
180.1801,3.172207,0.007995,47.19172,0.000013,17.07959,-0.000301,(0.3_ 0.0_ 1.0)
180.1915,3.204682,0.007995,47.26415,0.000013,17.203,-0.000301,(0.3_ 0.0_ 1.0)
180.2019,3.234664,0.007996,47.33061,0.000013,17.32657,-0.000274,(0.3_ 0.0_ 1.0)
180.2132,3.267356,0.007996,47.40262,0.000013,17.45032,-0.000274,(0.3_ 0.0_ 1.0)
180.2245,3.300328,0.007996,47.4748,0.000011,17.57423,-0.000215,(0.3_ 0.0_ 1.0)
180.2355,3.33256,0.007996,47.54494,0.000011,17.69829,-0.000215,(0.3_ 0.0_ 1.0)
180.2465,3.364725,0.007998,47.6145,0.000008,17.82251,-0.000148,(0.3_ 0.0_ 1.0)
180.2604,3.405769,0.007998,47.70271,0.000008,17.94692,-0.000146,(0.3_ 0.0_ 1.0)
180.2689,3.431026,0.007998,47.75668,0.000008,18.07145,-0.000146,(0.3_ 0.0_ 1.0)
180.2801,3.464467,0.007998,47.82769,0.000009,18.19613,-0.000145,(0.3_ 0.0_ 0.9)
180.2918,3.499388,0.007998,47.90141,0.000009,18.32096,-0.000145,(0.3_ 0.0_ 0.9)
180.3017,3.529333,0.007998,47.96424,0.000008,18.44592,-0.000133,(0.3_ 0.0_ 0.9)
180.3133,3.564479,0.007998,48.03755,0.000009,18.57104,-0.000133,(0.3_ 0.0_ 0.9)
180.3248,3.599279,0.007998,48.1097,0.000007,18.69631,-0.000103,(0.3_ 0.0_ 0.9)
180.3357,3.632777,0.007998,48.17875,0.000007,18.82171,-0.000103,(0.3_ 0.0_ 0.9)
180.3465,3.665904,0.007999,48.24662,0.000005,18.94725,-0.000072,(0.3_ 0.0_ 0.9)
180.3586,3.703057,0.007999,48.3223,0.000005,19.07294,-0.000072,(0.3_ 0.0_ 0.9)
180.3685,3.733895,0.007999,48.38475,0.000003,19.19876,-0.000043,(0.3_ 0.0_ 0.9)
180.3799,3.769337,0.007999,48.4561,0.000003,19.32471,-0.000043,(0.3_ 0.0_ 0.9)
180.3912,3.804628,0.008,48.52673,0.000001,19.4508,-0.000021,(0.3_ 0.0_ 0.9)
180.4022,3.839198,0.008,48.59552,0.000001,19.57702,-0.00002,(0.3_ 0.0_ 0.9)
180.4132,3.873967,0.008,48.6643,0.000001,19.70337,-0.00002,(0.3_ 0.0_ 0.9)
180.4242,3.908965,0.008,48.73313,-0.000011,19.82985,-0.000015,(0.3_ 0.0_ 0.9)
180.4357,3.94559,0.008,48.80475,-0.000011,19.95647,-0.000015,(0.3_ 0.0_ 0.9)
180.4462,3.979371,0.007999,48.87043,0.00001,20.08319,0.000142,(0.3_ 0.0_ 0.9)
180.4585,4.018881,0.007999,48.94681,0.00001,20.21006,0.000143,(0.3_ 0.0_ 0.9)
180.4711,4.059505,0.00798,49.02489,0.000018,20.33708,-0.00146,(0.3_ 0.0_ 0.9)
180.4801,4.08861,0.00798,49.08052,0.000021,20.46419,-0.001455,(0.3_ 0.0_ 0.9)
180.4915,4.125751,0.00798,49.1511,0.000024,20.59143,-0.001455,(0.4_ 0.0_ 0.9)
180.5018,4.159534,0.007982,49.21494,0.000025,20.71878,-0.001328,(0.4_ 0.0_ 0.9)
180.5133,4.197437,0.007981,49.28615,0.000028,20.84625,-0.001328,(0.4_ 0.0_ 0.9)
180.5245,4.234356,0.007985,49.35514,0.000024,20.97384,-0.001037,(0.4_ 0.0_ 0.9)
180.5356,4.271274,0.007985,49.42373,0.000026,21.10155,-0.001037,(0.4_ 0.0_ 0.9)
180.5465,4.307682,0.00799,49.49099,0.000019,21.22936,-0.000703,(0.4_ 0.0_ 0.9)
180.5585,4.34779,0.00799,49.56468,0.000021,21.35728,-0.000703,(0.4_ 0.0_ 0.9)
180.5686,4.381744,0.007994,49.62672,0.000013,21.48527,-0.000405,(0.4_ 0.0_ 0.9)
180.5798,4.419546,0.007994,49.69542,0.000014,21.61335,-0.000405,(0.4_ 0.0_ 0.9)
180.5913,4.45846,0.007997,49.76575,0.000006,21.7415,-0.000178,(0.4_ 0.0_ 0.9)
180.6023,4.49595,0.007998,49.83314,0.000006,21.86973,-0.000157,(0.4_ 0.0_ 0.9)
180.6132,4.533128,0.007998,49.8996,0.000006,21.99803,-0.000157,(0.4_ 0.0_ 0.9)
180.6241,4.57045,0.007998,49.96597,0.000005,22.1264,-0.000126,(0.4_ 0.0_ 0.9)
180.6352,4.608827,0.007998,50.03384,0.000005,22.25485,-0.000126,(0.4_ 0.0_ 0.9)
180.6464,4.647538,0.007999,50.10193,0.000003,22.38336,-0.000088,(0.4_ 0.0_ 0.9)
180.6577,4.686615,0.007999,50.1703,0.000004,22.51194,-0.000088,(0.4_ 0.0_ 0.9)
180.6685,4.724439,0.007999,50.23612,0.000003,22.64058,-0.000053,(0.4_ 0.0_ 0.9)
180.6822,4.772375,0.007999,50.3191,0.000002,22.76928,-0.000048,(0.4_ 0.0_ 0.9)
180.6911,4.803792,0.007999,50.3732,0.000003,22.89804,-0.000048,(0.4_ 0.0_ 0.9)
180.7022,4.842743,0.007999,50.43991,0.000002,23.02684,-0.000043,(0.4_ 0.0_ 0.9)
180.7135,4.882732,0.007999,50.50805,0.000002,23.15571,-0.000043,(0.4_ 0.0_ 0.9)
180.7246,4.922512,0.007999,50.57546,0.000002,23.28463,-0.000035,(0.4_ 0.0_ 0.9)
180.7356,4.961681,0.007999,50.6415,0.000002,23.41361,-0.000035,(0.4_ 0.0_ 0.9)
180.7465,5.000634,0.008,50.70682,0.000001,23.54264,-0.000025,(0.4_ 0.0_ 0.9)
180.7581,5.042634,0.008,50.77689,0.000001,23.67172,-0.000025,(0.4_ 0.0_ 0.9)
180.7686,5.080484,0.008,50.83971,0.000001,23.80086,-0.000015,(0.4_ 0.0_ 0.9)
180.7802,5.12227,0.008,50.9087,0.000001,23.93005,0.000007,(0.4_ 0.0_ 0.9)
180.7912,5.16257,0.008,50.97488,0.000001,24.05929,0.000007,(0.4_ 0.0_ 0.9)
180.8022,5.202639,0.008,51.04036,0.000001,24.18858,0.00002,(0.4_ 0.0_ 0.9)
180.8137,5.244949,0.008,51.10913,0.000001,24.31792,0.00002,(0.4_ 0.0_ 0.9)
180.8249,5.285997,0.008,51.17551,0.000001,24.44732,0.000015,(0.4_ 0.0_ 0.9)
180.8356,5.325568,0.008,51.23917,0.000001,24.57676,0.000015,(0.4_ 0.0_ 0.9)
180.8462,5.365044,0.008,51.30236,0.000001,24.70625,0.000009,(0.4_ 0.0_ 0.9)
180.858,5.408907,0.008,51.3722,0.000001,24.83579,0.000009,(0.4_ 0.0_ 0.9)
180.8686,5.448565,0.008,51.43504,0.000001,24.96538,0.000002,(0.4_ 0.0_ 0.9)
180.8817,5.497685,0.008,51.51245,0.000001,25.09502,0.000002,(0.4_ 0.0_ 0.9)
180.8918,5.535822,0.008,51.57226,0.000001,25.22471,0.000002,(0.4_ 0.0_ 0.9)
180.9017,5.573148,0.008,51.6305,0.000001,25.35443,0.000001,(0.4_ 0.0_ 0.9)
180.9133,5.616835,0.008,51.69831,0.000001,25.48421,0.000001,(0.4_ 0.0_ 0.9)
180.9243,5.658965,0.008,51.76338,0.000001,25.61403,-0.000001,(0.4_ 0.0_ 0.9)
180.9358,5.702601,0.008,51.83043,0.000001,25.74389,-0.000001,(0.4_ 0.0_ 0.9)
180.9464,5.743297,0.008,51.89265,0.000001,25.8738,-0.000003,(0.4_ 0.0_ 0.9)
180.9582,5.788845,0.008,51.96194,0.000001,26.00376,-0.000003,(0.4_ 0.0_ 0.9)
180.9689,5.82995,0.008,52.02415,0.000001,26.13375,-0.000005,(0.4_ 0.0_ 0.9)
180.9801,5.873263,0.008,52.08938,0.000001,26.2638,0.000004,(0.4_ 0.0_ 0.9)
180.9915,5.917821,0.008,52.15615,0.000001,26.39388,0.000004,(0.4_ 0.0_ 0.9)
181.0018,5.957704,0.008,52.21561,0,26.524,0.000015,(0.4_ 0.0_ 0.9)
181.0141,6.005796,0.008,52.28696,0,26.65417,0.000015,(0.4_ 0.0_ 0.9)
181.0248,6.047966,0.007991,52.34921,0.000007,26.78438,-0.000704,(0.5_ 0.0_ 0.9)
181.0362,6.093052,0.007991,52.41544,0.000009,26.91463,-0.000704,(0.5_ 0.0_ 0.9)
181.0466,6.133896,0.007994,52.47513,0.000008,27.04493,-0.000531,(0.5_ 0.0_ 0.9)
181.0579,6.178663,0.007994,52.54024,0.000009,27.17525,-0.000531,(0.5_ 0.0_ 0.9)
181.069,6.222935,0.007979,52.60431,0.000017,27.30561,0.001128,(0.5_ 0.0_ 0.9)
181.0822,6.275719,0.007981,52.68031,0.000012,27.43602,0.001026,(0.5_ 0.0_ 0.9)
181.0912,6.311837,0.007982,52.73207,0.00001,27.56647,0.001026,(0.5_ 0.0_ 0.9)
181.1018,6.354409,0.007983,52.79277,0.000007,27.69695,0.000935,(0.5_ 0.0_ 0.9)
181.1132,6.400406,0.007984,52.85804,0.000005,27.82747,0.000935,(0.5_ 0.0_ 0.9)
181.1245,6.446063,0.007987,52.9225,0.000002,27.95803,0.000726,(0.5_ 0.0_ 0.9)
181.1355,6.490824,0.007987,52.98539,0,28.08862,0.000726,(0.5_ 0.0_ 0.9)
181.1463,6.534845,0.007991,53.04695,-0.000001,28.21925,0.000497,(0.5_ 0.0_ 0.9)
181.1581,6.583074,0.007992,53.11405,-0.000002,28.34992,0.000497,(0.5_ 0.0_ 0.9)
181.1687,6.626433,0.007995,53.17408,-0.000002,28.48062,0.000278,(0.5_ 0.0_ 0.9)
181.1802,6.673451,0.007995,53.23887,-0.000002,28.61135,0.000276,(0.5_ 0.0_ 0.9)
181.1915,6.720117,0.007995,53.30285,-0.000003,28.74213,0.000276,(0.5_ 0.0_ 0.9)
181.2018,6.762888,0.007996,53.36121,-0.000003,28.87293,0.000251,(0.5_ 0.0_ 0.9)
181.2134,6.81119,0.007996,53.4268,-0.000004,29.00377,0.000251,(0.5_ 0.0_ 0.9)
181.2247,6.858018,0.007997,53.49008,-0.000003,29.13465,0.000191,(0.5_ 0.0_ 0.9)
181.2355,6.903365,0.007997,53.55106,-0.000004,29.26555,0.000191,(0.5_ 0.0_ 0.9)
181.2467,6.950084,0.007998,53.61359,-0.000003,29.39649,0.000126,(0.5_ 0.0_ 0.9)
181.2583,6.99891,0.007998,53.67862,-0.000003,29.52746,0.000126,(0.5_ 0.0_ 0.9)
181.2686,7.042249,0.007999,53.73606,-0.000002,29.65847,0.00007,(0.5_ 0.0_ 0.9)
181.2801,7.091002,0.007999,53.80037,-0.000002,29.78951,0.000069,(0.5_ 0.0_ 0.9)
181.294,7.149956,0.007999,53.87775,-0.000002,29.92058,0.000069,(0.5_ 0.0_ 0.9)
181.3019,7.183591,0.007999,53.9217,-0.000002,30.05168,0.000062,(0.5_ 0.0_ 0.9)
181.3134,7.232496,0.007999,53.98528,-0.000002,30.18281,0.000062,(0.5_ 0.0_ 0.9)
181.3248,7.281219,0.007999,54.04832,-0.000002,30.31396,0.000046,(0.5_ 0.0_ 0.9)
181.3359,7.329011,0.007999,54.10987,-0.000002,30.44516,0.000046,(0.5_ 0.0_ 0.9)
181.3461,7.372828,0.008,54.16603,-0.000001,30.57638,0.000031,(0.5_ 0.0_ 0.9)
181.3581,7.424651,0.008,54.23213,-0.000001,30.70762,0.000031,(0.5_ 0.0_ 0.9)
181.3685,7.469955,0.008,54.28964,0,30.8389,0.000016,(0.5_ 0.0_ 0.9)
181.3801,7.520127,0.008,54.35303,0,30.97021,0.000016,(0.5_ 0.0_ 0.9)
181.3923,7.573464,0.008,54.42009,0,31.10154,0.000016,(0.5_ 0.0_ 0.9)
181.4023,7.617089,0.008,54.47469,0,31.2329,0.000014,(0.5_ 0.0_ 0.9)
181.4135,7.666138,0.008,54.53577,0,31.36429,0.000014,(0.5_ 0.0_ 0.9)
181.4246,7.714735,0.008,54.59602,-0.000001,31.49571,0.000009,(0.5_ 0.0_ 0.9)
181.4358,7.764284,0.008,54.65715,-0.000001,31.62716,0.000009,(0.5_ 0.0_ 0.9)
181.4461,7.80974,0.008,54.71296,-0.000001,31.75863,0.000005,(0.5_ 0.0_ 0.9)
181.4583,7.863814,0.008,54.77904,-0.000001,31.89013,0.000005,(0.5_ 0.0_ 0.8)
181.4686,7.909532,0.008,54.83464,0,32.02165,0.000001,(0.5_ 0.0_ 0.8)
181.4802,7.961541,0.008,54.89761,0,32.15321,0.000001,(0.5_ 0.0_ 0.8)
181.4915,8.011985,0.008,54.95838,0,32.28478,0.000001,(0.5_ 0.0_ 0.8)
181.5042,8.068683,0.00799,55.02637,-0.000238,32.41639,0.000433,(0.5_ 0.0_ 0.8)
181.5132,8.109379,0.00799,55.07494,-0.000239,32.54801,0.000433,(0.5_ 0.0_ 0.8)
181.5244,8.159627,0.007992,55.13464,-0.000177,32.67966,0.000258,(0.5_ 0.0_ 0.8)
181.5354,8.209671,0.007993,55.19381,-0.000177,32.81134,0.000258,(0.5_ 0.0_ 0.8)
181.5463,8.259089,0.007995,55.25196,-0.000122,32.94304,0.000172,(0.5_ 0.0_ 0.8)
181.5583,8.313453,0.007995,55.31564,-0.000122,33.07477,0.000172,(0.5_ 0.0_ 0.8)
181.5685,8.3599,0.007997,55.36978,-0.000047,33.20653,-0.000115,(0.5_ 0.0_ 0.8)
181.58,8.412364,0.007997,55.43066,-0.000046,33.33831,-0.000115,(0.5_ 0.0_ 0.8)
181.5914,8.464657,0.007999,55.49105,-0.000019,33.47011,-0.000065,(0.6_ 0.0_ 0.8)
181.6024,8.515095,0.007999,55.54902,-0.00001,33.60192,0.000002,(0.6_ 0.0_ 0.8)
181.6133,8.565424,0.007999,55.6066,-0.00001,33.73376,0.000002,(0.6_ 0.0_ 0.8)
181.6244,8.61657,0.007999,55.66484,-0.000007,33.86562,0.000003,(0.6_ 0.0_ 0.8)
181.6357,8.669079,0.007999,55.72436,-0.000007,33.99751,0.000003,(0.6_ 0.0_ 0.8)
181.6462,8.718027,0.007999,55.77958,-0.000005,34.12941,0,(0.6_ 0.0_ 0.8)
181.6582,8.773896,0.007999,55.84231,-0.000005,34.26134,0,(0.6_ 0.0_ 0.8)
181.6684,8.821458,0.008,55.89546,-0.000003,34.39329,-0.000003,(0.6_ 0.0_ 0.8)
181.6803,8.876867,0.008,55.9571,-0.000003,34.52526,-0.000003,(0.6_ 0.0_ 0.8)
181.6913,8.928535,0.008,56.01431,-0.000003,34.65725,-0.000003,(0.6_ 0.0_ 0.8)
181.7021,8.979667,0.008,56.07066,-0.000002,34.78925,-0.000003,(0.6_ 0.0_ 0.8)
181.7158,9.043996,0.008,56.14122,-0.000002,34.92126,-0.000003,(0.6_ 0.0_ 0.8)
181.7245,9.085122,0.008,56.18612,-0.000002,35.05329,-0.000004,(0.6_ 0.0_ 0.8)
181.7356,9.137616,0.008,56.24317,-0.000002,35.18531,-0.000004,(0.6_ 0.0_ 0.8)
181.7463,9.1887,0.008,56.29843,-0.000001,35.31735,-0.000005,(0.6_ 0.0_ 0.8)
181.7585,9.246731,0.008,56.36092,-0.000001,35.44938,-0.000005,(0.6_ 0.0_ 0.8)
181.7685,9.294453,0.008,56.41207,0.000024,35.58139,0.000205,(0.6_ 0.0_ 0.8)
181.7799,9.348922,0.008,56.47018,0.000023,35.71339,0.000205,(0.6_ 0.0_ 0.8)
181.792,9.40731,0.007979,56.5322,0.000024,35.84537,-0.001542,(0.6_ 0.0_ 0.8)
181.8026,9.457961,0.007982,56.58575,0.000025,35.97733,-0.001372,(0.6_ 0.0_ 0.8)
181.8132,9.509404,0.007982,56.63989,0.000028,36.10924,-0.001371,(0.6_ 0.0_ 0.8)
181.8248,9.565385,0.007986,56.69854,0.000023,36.24111,-0.001049,(0.6_ 0.0_ 0.8)
181.8354,9.61675,0.007986,56.75211,0.000026,36.37292,-0.001049,(0.6_ 0.0_ 0.8)
181.8461,9.668581,0.00799,56.80593,0.00002,36.50466,-0.000735,(0.6_ 0.0_ 0.8)
181.8582,9.727461,0.00799,56.8668,0.000021,36.63633,-0.000735,(0.6_ 0.0_ 0.8)
181.8685,9.777795,0.007994,56.9186,0.000013,36.76792,-0.000426,(0.6_ 0.0_ 0.8)
181.8798,9.83292,0.007994,56.97509,0.000014,36.89943,-0.000426,(0.6_ 0.0_ 0.8)
181.891,9.887684,0.007997,57.03096,0.000007,37.03085,-0.000197,(0.6_ 0.0_ 0.8)
181.9024,9.943892,0.007997,57.08804,0.000007,37.16217,-0.000174,(0.6_ 0.0_ 0.8)
181.9153,10.00739,0.007997,57.15225,0.000007,37.29336,-0.000174,(0.6_ 0.0_ 0.8)
181.9246,10.05314,0.007998,57.19832,0.000006,37.42445,-0.000136,(0.6_ 0.0_ 0.8)
181.9354,10.10678,0.007998,57.25209,0.000006,37.55541,-0.000136,(0.6_ 0.0_ 0.8)
181.9465,10.16182,0.007999,57.30703,0.000004,37.68626,-0.000094,(0.6_ 0.0_ 0.8)
181.9581,10.21945,0.007999,57.36432,0.000004,37.81698,-0.000094,(0.6_ 0.0_ 0.8)
181.9688,10.27266,0.007999,57.41697,0.000003,37.94756,-0.000056,(0.6_ 0.0_ 0.8)
181.9802,10.32923,0.007999,57.47271,0.000003,38.078,-0.000055,(0.6_ 0.0_ 0.8)
181.9917,10.3866,0.007999,57.52901,0.000003,38.20827,-0.000055,(0.6_ 0.0_ 0.8)
182.0019,10.43783,0.007999,57.57906,0.000003,38.33841,-0.00005,(0.6_ 0.0_ 0.8)
182.0135,10.4958,0.007999,57.63547,0.000003,38.46837,-0.00005,(0.6_ 0.0_ 0.8)
182.0243,10.55051,0.007999,57.68848,-0.00001,38.59816,-0.000038,(0.6_ 0.0_ 0.8)
182.0354,10.60615,0.007999,57.74216,-0.000009,38.72779,-0.000038,(0.6_ 0.0_ 0.8)
182.0466,10.66271,0.007999,57.7965,-0.000006,38.85725,-0.000028,(0.6_ 0.0_ 0.8)
182.0586,10.72348,0.007999,57.85465,-0.000006,38.98653,-0.000028,(0.6_ 0.0_ 0.8)
182.0686,10.7739,0.007999,57.90269,0.000021,39.11565,0.000195,(0.6_ 0.0_ 0.8)
182.0802,10.83282,0.007999,57.9586,0.000021,39.2446,0.000172,(0.6_ 0.0_ 0.8)
182.0913,10.88974,0.007999,58.01239,0.00002,39.37338,0.000172,(0.6_ 0.0_ 0.8)
182.1026,10.94727,0.007991,58.06651,0.000021,39.502,-0.000487,(0.6_ 0.0_ 0.8)
182.1155,11.01312,0.007991,58.12822,0.000022,39.63044,-0.000487,(0.6_ 0.0_ 0.8)
182.1244,11.05867,0.007993,58.17073,0.000043,39.75874,-0.000438,(0.6_ 0.0_ 0.8)
182.1356,11.11576,0.007993,58.22377,0.000044,39.88688,-0.000438,(0.6_ 0.0_ 0.8)
182.1461,11.17023,0.007995,58.27418,0.000031,40.01488,-0.00031,(0.6_ 0.0_ 0.8)
182.1583,11.23263,0.007995,58.33169,0.000032,40.1427,-0.00031,(0.6_ 0.0_ 0.8)
182.1687,11.28622,0.007997,58.38086,0.000019,40.27038,-0.00018,(0.6_ 0.0_ 0.8)
182.18,11.34485,0.007997,58.43445,0.000019,40.3979,-0.00018,(0.6_ 0.0_ 0.8)
182.1915,11.40424,0.007997,58.48849,0.00002,40.52527,-0.000179,(0.6_ 0.0_ 0.8)
182.202,11.45878,0.007997,58.53792,0.000018,40.65249,-0.000162,(0.7_ 0.0_ 0.8)
182.2134,11.51793,0.007997,58.59131,0.000019,40.77957,-0.000162,(0.7_ 0.0_ 0.8)
182.2244,11.57549,0.007998,58.64304,0.000015,40.9065,-0.000128,(0.7_ 0.0_ 0.8)
182.2361,11.63627,0.007998,58.69744,0.000015,41.03328,-0.000128,(0.7_ 0.0_ 0.8)
182.2466,11.69092,0.007999,58.74614,0.00001,41.15993,-0.000088,(0.7_ 0.0_ 0.8)
182.2587,11.75445,0.007999,58.80254,0.000011,41.28642,-0.000088,(0.7_ 0.0_ 0.8)
182.2684,11.80563,0.007999,58.84777,0.000006,41.4128,-0.000054,(0.7_ 0.0_ 0.7)
182.28,11.86661,0.007999,58.90145,0.000006,41.53902,-0.000054,(0.7_ 0.0_ 0.7)
182.2911,11.92476,0.007999,58.95242,0.000006,41.66512,-0.000054,(0.7_ 0.0_ 0.7)
182.3021,11.98291,0.007999,59.00317,0,41.79108,-0.000047,(0.7_ 0.0_ 0.7)
182.3136,12.04364,0.007999,59.05597,0,41.9169,-0.000047,(0.7_ 0.0_ 0.7)
182.3272,12.11529,0.007999,59.11799,0,42.04256,-0.000032,(0.7_ 0.0_ 0.7)
182.3354,12.15879,0.007999,59.15549,0,42.16813,-0.000032,(0.7_ 0.0_ 0.7)
182.3463,12.21696,0.008,59.20543,0,42.29357,-0.000024,(0.7_ 0.0_ 0.7)
182.3581,12.27957,0.008,59.25896,0,42.41887,-0.000024,(0.7_ 0.0_ 0.7)
182.3685,12.33521,0.008,59.30632,0,42.54406,-0.000018,(0.7_ 0.0_ 0.7)
182.3802,12.39737,0.007999,59.35902,0.000001,42.66911,0.000007,(0.7_ 0.0_ 0.7)
182.3915,12.45811,0.007999,59.4103,0.000001,42.79404,0.000007,(0.7_ 0.0_ 0.7)
182.4021,12.51458,0.008,59.45777,0,42.91886,0.000019,(0.7_ 0.0_ 0.7)
182.4136,12.57631,0.008,59.50946,0,43.04355,0.000019,(0.7_ 0.0_ 0.7)
182.4247,12.63641,0.008,59.55956,0,43.16812,0.000015,(0.7_ 0.0_ 0.7)
182.4354,12.69378,0.008,59.6072,0,43.29258,0.000015,(0.7_ 0.0_ 0.7)
182.4465,12.75398,0.008,59.65697,0,43.41692,0.000008,(0.7_ 0.0_ 0.7)
182.4579,12.81541,0.008,59.70754,0,43.54115,0.000008,(0.7_ 0.0_ 0.7)
182.4685,12.87271,0.008,59.75452,0,43.66526,0.000003,(0.7_ 0.0_ 0.7)
182.4798,12.93399,0.008,59.80455,0,43.78926,0.000003,(0.7_ 0.0_ 0.7)
182.4915,12.99746,0.008,59.85616,0,43.91314,-0.000001,(0.7_ 0.0_ 0.7)
182.5025,13.05759,0.007994,59.90484,-0.000145,44.03692,-0.000265,(0.7_ 0.0_ 0.7)
182.5133,13.1163,0.007994,59.95218,-0.000144,44.16059,-0.000265,(0.7_ 0.0_ 0.7)
182.5246,13.17792,0.007995,60.00165,-0.000098,44.28414,-0.000114,(0.7_ 0.0_ 0.7)
182.538,13.25109,0.007995,60.06015,-0.000098,44.40757,-0.000115,(0.7_ 0.0_ 0.7)
182.5465,13.29771,0.007997,60.09726,-0.000066,44.53091,-0.000076,(0.7_ 0.0_ 0.7)
182.5583,13.3622,0.007997,60.14839,-0.000066,44.65416,-0.000076,(0.7_ 0.0_ 0.7)
182.5689,13.42069,0.007998,60.19456,-0.000036,44.7773,-0.000044,(0.7_ 0.0_ 0.7)
182.5802,13.48288,0.007998,60.24346,-0.000036,44.90034,-0.000043,(0.7_ 0.0_ 0.7)
182.5914,13.54479,0.007999,60.29192,-0.000036,45.02328,-0.000043,(0.7_ 0.0_ 0.7)
182.6022,13.60402,0.007999,60.3381,-0.000032,45.14612,-0.00004,(0.7_ 0.0_ 0.7)
182.6134,13.66633,0.007999,60.38647,-0.000032,45.26886,-0.00004,(0.7_ 0.0_ 0.7)
182.6243,13.7266,0.007999,60.43306,-0.000012,45.3915,0.000075,(0.7_ 0.0_ 0.7)
182.6355,13.78879,0.007999,60.48093,-0.000013,45.51405,0.000075,(0.7_ 0.0_ 0.7)
182.6465,13.84962,0.007999,60.52755,0.000009,45.63652,-0.000104,(0.7_ 0.0_ 0.7)
182.6583,13.91549,0.007999,60.57782,0.000009,45.75887,-0.000104,(0.7_ 0.0_ 0.7)
182.6685,13.97203,0.007985,60.6208,0.000014,45.88114,0.001114,(0.7_ 0.0_ 0.7)
182.6801,14.03671,0.007985,60.66975,0.000012,46.00331,0.001112,(0.7_ 0.0_ 0.7)
182.6915,14.10071,0.007985,60.71798,0.000009,46.1254,0.001112,(0.7_ 0.0_ 0.7)
182.7018,14.15823,0.007987,60.76114,0.000006,46.24739,0.001016,(0.7_ 0.0_ 0.7)
182.7133,14.22261,0.007987,60.80925,0.000004,46.36929,0.001016,(0.7_ 0.0_ 0.7)
182.7248,14.2877,0.00799,60.85767,-0.000012,46.49112,0.00077,(0.7_ 0.0_ 0.7)
182.7375,14.35868,0.00799,60.91026,-0.000014,46.61283,0.00077,(0.7_ 0.0_ 0.7)
182.7463,14.40824,0.007993,60.94682,0.000008,46.73449,0.000364,(0.7_ 0.0_ 0.7)
182.7582,14.47551,0.007993,60.99624,0.000007,46.85604,0.000364,(0.7_ 0.0_ 0.7)
182.7683,14.53277,0.007996,61.03812,0.000004,46.97753,0.000204,(0.7_ 0.0_ 0.7)
182.7799,14.59836,0.007996,61.08589,0.000003,47.09892,0.000204,(0.7_ 0.0_ 0.7)
182.7918,14.66588,0.007998,61.13486,0.000002,47.22023,0.000079,(0.7_ 0.0_ 0.7)
182.8025,14.7263,0.007999,61.17849,0.000001,47.34146,0.000069,(0.7_ 0.0_ 0.7)
182.8135,14.78887,0.007999,61.22348,0.000001,47.4626,0.000069,(0.7_ 0.0_ 0.7)
182.8245,14.85146,0.007999,61.2683,0,47.58367,0.000053,(0.7_ 0.0_ 0.7)
182.8414,14.94767,0.007999,61.33688,0,47.70462,0.000049,(0.7_ 0.0_ 0.7)
182.8465,14.97674,0.007999,61.35752,0,47.82553,0.000049,(0.7_ 0.0_ 0.7)
182.8589,15.04799,0.007999,61.40788,0,47.94636,0.000049,(0.7_ 0.0_ 0.7)
182.8696,15.10889,0.008,61.45073,0,48.06711,0.000023,(0.7_ 0.0_ 0.7)
182.8809,15.17374,0.008,61.49617,0,48.18779,0.000022,(0.7_ 0.0_ 0.7)
182.8917,15.23614,0.008,61.53971,0,48.3084,0.000022,(0.7_ 0.0_ 0.7)
182.9023,15.29662,0.008,61.58171,0,48.42893,0.000018,(0.7_ 0.0_ 0.7)
182.9141,15.36498,0.008,61.62899,0,48.54939,0.000018,(0.7_ 0.0_ 0.7)
182.9249,15.4268,0.008,61.67157,0,48.66977,0.000013,(0.8_ 0.0_ 0.7)
182.9377,15.50124,0.008,61.72261,0,48.79008,0.000013,(0.8_ 0.0_ 0.7)
182.9465,15.5518,0.008,61.75712,0.000018,48.91034,-0.000148,(0.8_ 0.0_ 0.7)
182.9586,15.62168,0.008,61.80462,0.000018,49.03052,-0.000148,(0.8_ 0.0_ 0.7)
182.9687,15.68038,0.007985,61.84434,0.000019,49.15063,0.001104,(0.8_ 0.0_ 0.7)
182.98,15.74597,0.007985,61.88854,0.000017,49.27067,0.001104,(0.8_ 0.0_ 0.7)
182.9918,15.81462,0.007994,61.93459,0.000005,49.39063,0.000558,(0.8_ 0.0_ 0.7)
183.0019,15.87368,0.007991,61.97404,0.000007,49.51054,0.000193,(0.8_ 0.0_ 0.6)
183.0131,15.93897,0.007991,62.01745,0.000006,49.63039,0.000193,(0.8_ 0.0_ 0.6)
183.0246,16.00569,0.007993,62.06163,0.000005,49.75017,0.000112,(0.8_ 0.0_ 0.6)
183.0359,16.07215,0.007993,62.10543,0.000004,49.86988,0.000112,(0.8_ 0.0_ 0.6)
183.0461,16.13181,0.007995,62.14459,0.000003,49.98953,0.000074,(0.8_ 0.0_ 0.6)
183.0578,16.20013,0.007995,62.18922,0.000003,50.10912,0.000074,(0.8_ 0.0_ 0.6)
183.0682,16.26116,0.007997,62.22893,0.000002,50.22865,0.000041,(0.8_ 0.0_ 0.6)
183.0799,16.32979,0.007997,62.27337,0.000001,50.34811,0.000041,(0.8_ 0.0_ 0.6)
183.0915,16.39828,0.007999,62.31753,0,50.46751,0.000015,(0.8_ 0.0_ 0.6)
183.1021,16.46037,0.007999,62.35738,0,50.58686,0.000012,(0.8_ 0.0_ 0.6)
183.1132,16.52608,0.007999,62.39938,0,50.70614,0.000012,(0.8_ 0.0_ 0.6)
183.1241,16.5906,0.007999,62.44042,0,50.82536,0.000009,(0.8_ 0.0_ 0.6)
183.1356,16.65862,0.007999,62.4835,0,50.94453,0.000009,(0.8_ 0.0_ 0.6)
183.1485,16.73485,0.008,62.53156,0,51.06364,0.000002,(0.8_ 0.0_ 0.6)
183.1578,16.78975,0.008,62.56602,0,51.18269,0.000002,(0.8_ 0.0_ 0.6)
183.1683,16.85251,0.008,62.60524,0,51.30169,-0.000001,(0.8_ 0.0_ 0.6)
183.1797,16.9198,0.008,62.64709,0,51.42062,-0.000001,(0.8_ 0.0_ 0.6)
183.1911,16.98792,0.008,62.68928,0,51.53951,-0.000004,(0.8_ 0.0_ 0.6)
183.2021,17.05319,0.008,62.72951,0,51.65834,-0.000005,(0.8_ 0.0_ 0.6)
183.2134,17.12074,0.008,62.77097,0,51.77712,-0.000005,(0.8_ 0.0_ 0.6)
183.2248,17.18878,0.007991,62.81253,0.000005,51.89583,0.000692,(0.8_ 0.0_ 0.6)
183.2356,17.25385,0.007991,62.85211,0.000004,52.0145,0.000692,(0.8_ 0.0_ 0.6)
183.2463,17.31768,0.007986,62.89074,0.000014,52.13313,-0.000211,(0.8_ 0.0_ 0.6)
183.2581,17.38858,0.007986,62.93347,0.000015,52.2517,-0.000211,(0.8_ 0.0_ 0.6)
183.2686,17.45117,0.007992,62.97102,0.000009,52.37022,-0.000177,(0.8_ 0.0_ 0.6)
183.2798,17.51903,0.007992,63.01154,0.000009,52.48869,-0.000177,(0.8_ 0.0_ 0.6)
183.2909,17.58561,0.007996,63.05111,0.000005,52.60711,-0.000087,(0.8_ 0.0_ 0.6)
183.3022,17.65379,0.007997,63.09145,0.000005,52.72547,-0.000078,(0.8_ 0.0_ 0.6)
183.3134,17.72134,0.007997,63.13123,0.000005,52.84379,-0.000078,(0.8_ 0.0_ 0.6)
183.3246,17.78856,0.007997,63.17064,0.000004,52.96206,-0.000063,(0.8_ 0.0_ 0.6)
183.3358,17.85633,0.007997,63.21019,0.000004,53.08028,-0.000063,(0.8_ 0.0_ 0.6)
183.3484,17.93282,0.007998,63.25462,0.000003,53.19845,-0.000038,(0.8_ 0.0_ 0.6)
183.358,17.99079,0.007998,63.28813,0.000003,53.31658,-0.000038,(0.8_ 0.0_ 0.6)
183.3686,18.05516,0.007999,63.32516,0.000001,53.43467,-0.000025,(0.8_ 0.0_ 0.6)
183.38,18.1244,0.007999,63.36482,0.000002,53.55271,-0.000025,(0.8_ 0.0_ 0.6)
183.3912,18.19261,0.008,63.40371,0.000001,53.6707,-0.000012,(0.8_ 0.0_ 0.6)
183.4022,18.25967,0.008,63.44175,0.000001,53.78865,-0.000012,(0.8_ 0.0_ 0.6)
183.4132,18.32651,0.008,63.4795,0.000001,53.90655,-0.000012,(0.8_ 0.0_ 0.6)
183.4245,18.39556,0.008,63.51831,0.000001,54.02441,-0.00001,(0.8_ 0.0_ 0.6)
183.4353,18.46137,0.008,63.55513,0.000001,54.14223,-0.00001,(0.8_ 0.0_ 0.6)
183.4465,18.53007,0.008,63.59338,0,54.26001,-0.000009,(0.8_ 0.0_ 0.6)
183.4577,18.59894,0.008,63.63155,0,54.37774,-0.000009,(0.8_ 0.0_ 0.6)
183.4684,18.66427,0.008,63.66758,0.000001,54.49543,-0.000006,(0.8_ 0.0_ 0.6)
183.4798,18.73418,0.008,63.70596,0.000001,54.61308,-0.000006,(0.8_ 0.0_ 0.6)
183.4913,18.80454,0.00798,63.74439,0.000011,54.73069,0.001641,(0.8_ 0.0_ 0.6)
183.5025,18.87365,0.00798,63.78197,0.000012,54.84826,0.001194,(0.8_ 0.0_ 0.6)
183.5134,18.94081,0.00798,63.81831,0.00001,54.96578,0.001194,(0.8_ 0.0_ 0.6)
183.5247,19.01062,0.007985,63.8559,0.000006,55.08327,0.000895,(0.8_ 0.0_ 0.6)
183.5361,19.08095,0.007985,63.8936,0.000004,55.20072,0.000895,(0.8_ 0.0_ 0.6)
183.5484,19.15677,0.007991,63.93403,0.000001,55.31813,0.000519,(0.8_ 0.0_ 0.6)
183.5583,19.21819,0.007991,63.96663,0,55.4355,0.000519,(0.8_ 0.0_ 0.6)
183.5686,19.28157,0.007995,64.00011,0,55.55284,0.000293,(0.8_ 0.0_ 0.6)
183.58,19.35266,0.007995,64.03748,-0.000001,55.67012,0.000292,(0.8_ 0.0_ 0.6)
183.5912,19.4218,0.007995,64.07364,-0.000001,55.78735,0.000292,(0.8_ 0.0_ 0.6)
183.602,19.48911,0.007996,64.10868,-0.000002,55.90453,0.000262,(0.8_ 0.0_ 0.6)
183.613,19.55702,0.007996,64.14385,-0.000002,56.02167,0.000262,(0.8_ 0.0_ 0.6)
183.6243,19.62742,0.007997,64.18014,-0.000002,56.13874,0.000206,(0.8_ 0.0_ 0.6)
183.6353,19.69629,0.007997,64.21547,-0.000003,56.25576,0.000206,(0.8_ 0.0_ 0.6)
183.6461,19.7633,0.007998,64.24967,-0.000002,56.37272,0.000142,(0.8_ 0.0_ 0.6)
183.6585,19.8407,0.007998,64.28899,-0.000002,56.4896,0.000142,(0.8_ 0.0_ 0.6)
183.6683,19.90224,0.007999,64.32011,-0.000001,56.60639,0.000082,(0.8_ 0.0_ 0.6)
183.6799,19.97481,0.007999,64.35662,-0.000002,56.72309,0.000082,(0.8_ 0.0_ 0.5)
183.691,20.04432,0.007999,64.39143,0,56.83971,0.000035,(0.8_ 0.0_ 0.5)
183.7023,20.11485,0.008,64.42657,0,56.9562,0.00003,(0.8_ 0.0_ 0.5)
183.713,20.18188,0.008,64.45981,-0.000001,57.07257,0.00003,(0.8_ 0.0_ 0.5)
183.7243,20.25279,0.008,64.4948,-0.000001,57.18882,0.000023,(0.8_ 0.0_ 0.5)
183.7355,20.32355,0.008,64.52956,-0.000001,57.30491,0.000023,(0.8_ 0.0_ 0.5)
183.746,20.38931,0.008,64.56171,0,57.42088,0.000014,(0.8_ 0.0_ 0.5)
183.76,20.47738,0.008,64.60456,0,57.53666,0.000014,(0.8_ 0.0_ 0.5)
183.7684,20.53066,0.008,64.63036,0,57.65233,0.000006,(0.8_ 0.0_ 0.5)
183.7797,20.60152,0.008,64.66451,0,57.76785,0.000006,(0.8_ 0.0_ 0.5)
183.7919,20.67883,0.008,64.70159,0,57.88321,-0.000001,(0.8_ 0.0_ 0.5)
183.8021,20.74329,0.008,64.73236,0,57.99843,-0.000001,(0.8_ 0.0_ 0.5)
183.8136,20.81607,0.008,64.76694,0,58.11349,-0.000001,(0.8_ 0.0_ 0.5)
183.8242,20.88319,0.008,64.79867,-0.000012,58.2284,0.000001,(0.9_ 0.0_ 0.5)
183.8355,20.95464,0.008,64.83228,-0.000012,58.34316,0.000001,(0.9_ 0.0_ 0.5)
183.8461,21.02182,0.007988,64.86375,0.000573,58.45779,0.000002,(0.9_ 0.0_ 0.5)
183.8582,21.09866,0.007987,64.89955,0.000573,58.57225,0.000003,(0.9_ 0.0_ 0.5)
183.8688,21.16552,0.007992,64.93055,0.000322,58.68657,-0.000004,(0.9_ 0.0_ 0.5)
183.8798,21.23534,0.007992,64.96277,0.000322,58.80075,-0.000004,(0.9_ 0.0_ 0.5)
183.8908,21.30544,0.007996,64.99496,0.000148,58.91479,-0.000005,(0.9_ 0.0_ 0.5)
183.9021,21.37785,0.007996,65.02805,0.000132,59.0287,-0.000005,(0.9_ 0.0_ 0.5)
183.9134,21.44953,0.007996,65.06064,0.000132,59.14246,-0.000005,(0.9_ 0.0_ 0.5)
183.9248,21.52205,0.007997,65.09345,0.0001,59.25607,-0.000005,(0.9_ 0.0_ 0.5)
183.9354,21.58996,0.007997,65.12403,0.0001,59.36956,-0.000005,(0.9_ 0.0_ 0.5)
183.9462,21.65905,0.007998,65.155,0.000069,59.48292,-0.000005,(0.9_ 0.0_ 0.5)
183.9603,21.7488,0.007998,65.19501,0.000068,59.59611,-0.000005,(0.9_ 0.0_ 0.5)
183.9689,21.80409,0.007997,65.21954,0.000068,59.70921,-0.000005,(0.9_ 0.0_ 0.5)
183.9794,21.87112,0.007997,65.24914,0.000068,59.82217,-0.000005,(0.9_ 0.0_ 0.5)
183.9911,21.9465,0.007999,65.28224,0.00003,59.93501,-0.000006,(0.9_ 0.0_ 0.5)
184.002,22.01647,0.007999,65.31283,0.000027,60.04772,-0.000006,(0.9_ 0.0_ 0.5)
184.0132,22.08795,0.007999,65.34391,0.000027,60.1603,-0.000006,(0.9_ 0.0_ 0.5)
184.0245,22.16077,0.007999,65.37542,0.000021,60.27275,-0.000006,(0.9_ 0.0_ 0.5)
184.0356,22.23212,0.007999,65.40614,0.000021,60.38509,-0.000006,(0.9_ 0.0_ 0.5)
184.0462,22.30012,0.007999,65.43526,0.000015,60.49731,-0.000006,(0.9_ 0.0_ 0.5)
184.0579,22.3758,0.007999,65.46751,0.000015,60.60941,-0.000006,(0.9_ 0.0_ 0.5)
184.0684,22.44345,0.008,65.49619,0.000009,60.72139,-0.000006,(0.9_ 0.0_ 0.5)
184.08,22.51833,0.008,65.52778,0.000009,60.83324,-0.000006,(0.9_ 0.0_ 0.5)
184.0912,22.59047,0.008,65.55805,0.000009,60.94498,-0.000006,(0.9_ 0.0_ 0.5)
184.1026,22.6641,0.008,65.58879,0.000007,61.05658,-0.000006,(0.9_ 0.0_ 0.5)
184.1135,22.73467,0.008,65.6181,0.000007,61.16806,-0.000006,(0.9_ 0.0_ 0.5)
184.1244,22.80484,0.008,65.6471,-0.000006,61.27941,-0.000002,(0.9_ 0.0_ 0.5)
184.1358,22.87891,0.008,65.67755,-0.000006,61.39062,-0.000002,(0.9_ 0.0_ 0.5)
184.1465,22.94847,0.008,65.706,-0.000004,61.50169,-0.000003,(0.9_ 0.0_ 0.5)
184.1604,23.03834,0.008,65.74258,-0.000004,61.61255,-0.000003,(0.9_ 0.0_ 0.5)
184.1687,23.0918,0.008,65.76422,-0.000004,61.72329,-0.000003,(0.9_ 0.0_ 0.5)
184.1801,23.16588,0.008,65.79407,-0.000004,61.83385,-0.000004,(0.9_ 0.0_ 0.5)
184.1915,23.23989,0.008,65.82373,-0.000004,61.94421,-0.000004,(0.9_ 0.0_ 0.5)
184.2018,23.30722,0.008,65.85059,-0.000004,62.05441,-0.000004,(0.9_ 0.0_ 0.5)
184.2134,23.38272,0.008,65.88055,-0.000004,62.16442,-0.000004,(0.9_ 0.0_ 0.5)
184.2243,23.45354,0.008,65.90851,-0.000003,62.27424,-0.000004,(0.9_ 0.0_ 0.5)
184.2355,23.52645,0.008,65.93714,-0.000003,62.38386,-0.000004,(0.9_ 0.0_ 0.5)
184.2462,23.5966,0.008,65.96456,-0.000002,62.49328,-0.000005,(0.9_ 0.0_ 0.5)
184.2579,23.6725,0.008,65.99408,-0.000002,62.60248,-0.000005,(0.9_ 0.0_ 0.5)
184.2685,23.74193,0.008,66.02095,0.000023,62.71144,0.000206,(0.9_ 0.0_ 0.5)
184.2804,23.81954,0.007999,66.05083,0.000023,62.82019,0.000149,(0.9_ 0.0_ 0.5)
184.2916,23.89291,0.007999,66.07895,0.000022,62.92869,0.000149,(0.9_ 0.0_ 0.5)
184.3021,23.96135,0.007993,66.10503,0.000022,63.03697,-0.000371,(0.9_ 0.0_ 0.5)
184.3133,24.03487,0.007993,66.13292,0.000023,63.145,-0.000371,(0.9_ 0.0_ 0.5)
184.3244,24.10747,0.007995,66.16032,0.000041,63.25277,-0.000347,(0.9_ 0.0_ 0.5)
184.3359,24.18283,0.007995,66.18863,0.000042,63.36026,-0.000347,(0.9_ 0.0_ 0.4)
184.3464,24.25173,0.007996,66.21439,0.000029,63.46748,-0.000243,(0.9_ 0.0_ 0.4)
184.3581,24.32847,0.007996,66.24294,0.000029,63.57441,-0.000243,(0.9_ 0.0_ 0.4)
184.3711,24.41362,0.007998,66.27447,0.000013,63.681,-0.000114,(0.9_ 0.0_ 0.4)
184.38,24.47217,0.007998,66.29604,0.000013,63.78733,-0.000114,(0.9_ 0.0_ 0.4)
184.3913,24.54623,0.007999,66.3232,-0.000024,63.89333,-0.000046,(0.9_ 0.0_ 0.4)
184.4023,24.61874,0.007999,66.34966,-0.000022,63.999,-0.000041,(0.9_ 0.0_ 0.4)
184.4136,24.69324,0.007999,66.37673,-0.000021,64.10431,-0.000041,(0.9_ 0.0_ 0.4)
184.4247,24.76607,0.007999,66.40307,-0.000016,64.20927,-0.000033,(0.9_ 0.0_ 0.4)
184.4359,24.84037,0.007999,66.42982,-0.000016,64.31386,-0.000033,(0.9_ 0.0_ 0.4)
184.4465,24.9102,0.007999,66.45484,-0.000011,64.41808,-0.000024,(0.9_ 0.0_ 0.4)
184.4635,25.02212,0.008,66.49479,-0.000009,64.52171,-0.000021,(0.9_ 0.0_ 0.4)
184.4685,25.05488,0.008,66.50642,-0.000009,64.62515,-0.000021,(0.9_ 0.0_ 0.4)
184.4804,25.13376,0.008,66.53432,-0.000007,64.72815,-0.00001,(0.9_ 0.0_ 0.4)
184.4926,25.21375,0.008,66.56248,-0.000007,64.83068,-0.00001,(0.9_ 0.0_ 0.4)
184.5029,25.28214,0.008,66.58646,-0.000006,64.9328,-0.000007,(0.9_ 0.0_ 0.4)
184.5142,25.35683,0.008,66.61253,-0.000006,65.03447,-0.000007,(0.9_ 0.0_ 0.4)
184.5255,25.43132,0.008,66.63842,0.000012,65.13565,0.000129,(0.9_ 0.0_ 0.4)
184.5356,25.49853,0.008,66.66168,0.000011,65.23638,0.000129,(0.9_ 0.0_ 0.4)
184.5466,25.57143,0.007988,66.68681,0.000016,65.33662,-0.000822,(0.9_ 0.0_ 0.4)
184.5582,25.64802,0.007988,66.71311,0.000017,65.43629,-0.000822,(0.9_ 0.0_ 0.4)
184.5705,25.72966,0.007994,66.74105,0.00001,65.53537,-0.000482,(0.9_ 0.0_ 0.4)
184.5804,25.79479,0.007994,66.76324,0.000011,65.63392,-0.000412,(0.9_ 0.0_ 0.4)
184.5918,25.87021,0.007994,66.78885,0.000012,65.73186,-0.000412,(0.9_ 0.0_ 0.4)
184.6023,25.94028,0.007994,66.81255,0.000011,65.82922,-0.00035,(0.9_ 0.0_ 0.4)
184.6132,26.01248,0.007994,66.83689,0.000011,65.92593,-0.00035,(0.9_ 0.0_ 0.4)
184.6241,26.08448,0.007995,66.86108,0.000009,66.022,-0.00028,(0.9_ 0.0_ 0.4)
184.6355,26.16051,0.007995,66.88654,0.00001,66.11736,-0.00028,(0.9_ 0.0_ 0.4)
184.6462,26.23129,0.007997,66.91016,0.000007,66.21205,-0.000197,(0.9_ 0.0_ 0.4)
184.658,26.31003,0.007997,66.93636,0.000008,66.30595,-0.000197,(0.9_ 0.0_ 0.4)
184.6686,26.38005,0.007998,66.95959,0.000005,66.39913,-0.000115,(0.9_ 0.0_ 0.4)
184.6798,26.45469,0.007998,66.98429,0.000005,66.49154,-0.000115,(0.9_ 0.0_ 0.4)
184.6908,26.52763,0.007999,67.00835,0.000003,66.58317,-0.000057,(0.9_ 0.0_ 0.4)
184.7023,26.60404,0.007999,67.0335,0.000003,66.67395,-0.000051,(0.9_ 0.0_ 0.4)
184.7137,26.68007,0.007999,67.05846,0.000003,66.76388,-0.000051,(0.9_ 0.0_ 0.4)
184.7243,26.75055,0.007999,67.08154,0.000002,66.85298,-0.000042,(0.9_ 0.0_ 0.4)
184.7357,26.82675,0.007999,67.10643,0.000002,66.9412,-0.000042,(0.9_ 0.0_ 0.4)
184.7464,26.89775,0.008,67.12957,0.000002,67.02857,-0.000031,(0.9_ 0.0_ 0.4)
184.7578,26.97343,0.008,67.15418,0.000002,67.11504,-0.000031,(0.9_ 0.0_ 0.4)
184.7684,27.04414,0.008,67.17712,0.000001,67.20063,-0.000021,(0.9_ 0.0_ 0.4)
184.7823,27.13647,0.007996,67.20705,0.000004,67.2851,0.000313,(0.9_ 0.0_ 0.4)
184.7913,27.19662,0.007996,67.2265,0.000003,67.3688,0.000313,(0.9_ 0.0_ 0.4)
184.8021,27.26868,0.007996,67.24976,0.000002,67.45161,0.000296,(0.9_ 0.0_ 0.4)
184.8132,27.34241,0.007996,67.27351,0.000002,67.53347,0.000296,(0.9_ 0.0_ 0.4)
184.8241,27.41525,0.007989,67.29694,0.000007,67.61441,-0.000385,(0.9_ 0.0_ 0.4)
184.8353,27.48996,0.007989,67.32093,0.000008,67.69441,-0.000385,(0.9_ 0.0_ 0.4)
184.8466,27.56527,0.007993,67.34507,0.000006,67.77348,-0.000315,(0.9_ 0.0_ 0.4)
184.8582,27.64268,0.007993,67.36985,0.000007,67.85157,-0.000315,(0.9_ 0.0_ 0.4)
184.8685,27.71086,0.007996,67.39164,0.000004,67.92886,-0.000188,(0.9_ 0.0_ 0.4)
184.8796,27.7853,0.007996,67.41539,0.000004,68.00524,-0.000188,(0.9_ 0.0_ 0.4)
184.8909,27.86045,0.007998,67.43932,0.000002,68.08076,-0.000088,(0.9_ 0.0_ 0.4)
184.9025,27.93813,0.007998,67.46403,0.000002,68.15539,-0.000077,(0.9_ 0.0_ 0.4)
184.9134,28.01093,0.007998,67.48714,0.000002,68.22918,-0.000077,(0.9_ 0.0_ 0.4)
184.9245,28.08499,0.007999,67.51062,0.000002,68.30216,-0.000062,(0.9_ 0.0_ 0.4)
184.9354,28.15742,0.007999,67.53354,0.000002,68.37437,-0.000062,(0.9_ 0.0_ 0.4)
184.946,28.22816,0.007999,67.55589,0.000002,68.44582,-0.000046,(0.9_ 0.0_ 0.4)
184.958,28.30807,0.007999,67.58109,0.000002,68.51643,-0.000046,(0.9_ 0.0_ 0.4)
184.9685,28.37829,0.007999,67.6032,0.000001,68.58632,-0.000029,(0.9_ 0.0_ 0.4)
184.9819,28.46818,0.007999,67.63148,0.000001,68.65526,-0.000027,(0.9_ 0.0_ 0.4)
184.9912,28.52981,0.007999,67.65083,0.000001,68.72358,-0.000027,(0.9_ 0.0_ 0.4)
185.0022,28.60324,0.008,67.67384,0.000001,68.79118,-0.000024,(0.9_ 0.0_ 0.4)
185.013,28.67587,0.008,67.69657,0.000001,68.85803,-0.000024,(0.9_ 0.0_ 0.4)
185.0238,28.74777,0.008,67.71904,0.000001,68.92419,-0.000021,(0.9_ 0.0_ 0.4)
185.0355,28.82616,0.008,67.7435,0.000001,68.98958,-0.000021,(0.9_ 0.0_ 0.4)
185.0462,28.89753,0.007999,67.76573,-0.000016,69.05428,-0.000013,(0.9_ 0.0_ 0.4)
185.0582,28.9778,0.007999,67.7907,-0.000016,69.11822,-0.000013,(0.9_ 0.0_ 0.4)
185.0684,29.04599,0.007999,67.81189,0.000014,69.1815,0.000198,(0.9_ 0.0_ 0.4)
185.0802,29.12469,0.007999,67.8363,0.000014,69.24406,0.000171,(0.9_ 0.0_ 0.4)
185.0914,29.19964,0.007999,67.85952,0.000014,69.30594,0.000171,(0.9_ 0.0_ 0.4)
185.1018,29.26935,0.007994,67.88108,0.000015,69.36719,-0.000285,(0.9_ 0.0_ 0.4)
185.1131,29.34491,0.007994,67.90442,0.000015,69.42775,-0.000285,(0.9_ 0.0_ 0.4)
185.1245,29.42104,0.007995,67.9279,0.000033,69.48765,-0.00028,(0.9_ 0.0_ 0.4)
185.1355,29.49482,0.007995,67.95062,0.000033,69.54688,-0.00028,(0.9_ 0.0_ 0.3)
185.146,29.56515,0.007997,67.97225,0.000024,69.60551,-0.000202,(0.9_ 0.0_ 0.3)
185.1583,29.64749,0.007997,67.99754,0.000024,69.66341,-0.000202,(0.9_ 0.0_ 0.3)
185.1684,29.71508,0.007998,68.01827,0.000014,69.72076,-0.000119,(0.9_ 0.0_ 0.3)
185.1804,29.79507,0.007998,68.04278,0.000013,69.77744,-0.000117,(0.9_ 0.0_ 0.3)
185.1938,29.88463,0.007998,68.07019,0.000013,69.83336,-0.000117,(0.9_ 0.0_ 0.3)
185.2014,29.93547,0.007998,68.08572,0.000013,69.88887,-0.000109,(0.9_ 0.0_ 0.3)
185.2137,30.01772,0.007998,68.11082,0.000013,69.9437,-0.000109,(0.9_ 0.0_ 0.3)
185.2241,30.08783,0.007999,68.13219,0.00001,69.99797,-0.000088,(0.9_ 0.0_ 0.3)
185.2357,30.1654,0.007999,68.15579,0.00001,70.05163,-0.000088,(0.9_ 0.0_ 0.3)
185.2461,30.23515,0.007999,68.17699,0.000007,70.10474,-0.000063,(0.9_ 0.0_ 0.3)
185.2576,30.31222,0.007999,68.20039,0.000007,70.15726,-0.000063,(0.9_ 0.0_ 0.3)
185.2684,30.3846,0.007999,68.22234,-0.000019,70.20921,-0.000034,(0.9_ 0.0_ 0.3)
185.2801,30.46295,0.007999,68.24606,-0.000019,70.26058,-0.000033,(0.9_ 0.0_ 0.3)
185.2914,30.5386,0.007999,68.26894,-0.000019,70.31138,-0.000033,(0.9_ 0.0_ 0.3)
185.3023,30.61131,0.007999,68.29091,-0.000017,70.36163,-0.000031,(0.9_ 0.0_ 0.3)
185.3141,30.69053,0.007999,68.31482,-0.000017,70.41129,-0.000031,(0.9_ 0.0_ 0.3)
185.3248,30.76229,0.007999,68.33644,0.000001,70.46044,0.000094,(0.9_ 0.0_ 0.3)
185.3355,30.83432,0.007999,68.35812,0.000001,70.50907,0.000094,(0.9_ 0.0_ 0.3)
185.3462,30.90577,0.007989,68.37961,0.000008,70.5572,-0.000793,(0.9_ 0.0_ 0.3)
185.3578,30.9838,0.007989,68.40304,0.000009,70.60477,-0.000793,(0.9_ 0.0_ 0.3)
185.3685,31.05532,0.007993,68.42449,0.000007,70.65187,-0.00053,(0.9_ 0.0_ 0.3)
185.38,31.13233,0.007993,68.44757,0.000007,70.69842,-0.00053,(0.9_ 0.0_ 0.3)
185.3913,31.20823,0.007975,68.4703,0.000018,70.74445,0.001549,(0.9_ 0.0_ 0.3)
185.4046,31.29705,0.007981,68.49686,0.000013,70.78989,0.001246,(0.9_ 0.0_ 0.3)
185.4134,31.35639,0.007981,68.51459,0.000012,70.83494,0.001246,(0.9_ 0.0_ 0.3)
185.425,31.43397,0.007986,68.53773,0.000008,70.87949,0.00094,(0.9_ 0.0_ 0.3)
185.4356,31.50509,0.007986,68.55893,0.000007,70.92357,0.00094,(0.9_ 0.0_ 0.3)
185.4465,31.57842,0.00799,68.58076,0.000004,70.96719,0.000636,(0.9_ 0.0_ 0.3)
185.4579,31.6546,0.00799,68.60342,0.000004,71.01031,0.000636,(0.9_ 0.0_ 0.3)
185.4687,31.72709,0.007995,68.62495,0.000001,71.05299,0.00036,(0.9_ 0.0_ 0.3)
185.48,31.80341,0.007995,68.64761,0.000001,71.09518,0.00036,(0.9_ 0.0_ 0.3)
