time,pos_x,pos_y,pos_z,rot_x,rot_y,rot_z,forward_direction
38.78777,0,0,0,0,0,0,(0.0_ 0.0_ 1.0)
38.78777,0,0,0,0,0,0,(0.0_ 0.0_ 1.0)
38.78777,0,0,0,0,0,0,(0.0_ 0.0_ 1.0)
38.78777,0,0,0,0,0,0,(0.0_ 0.0_ 1.0)
38.78777,0,0,0,0,0,0,(0.0_ 0.0_ 1.0)
38.78777,0,0,0,0,0,0,(0.0_ 0.0_ 1.0)
38.78777,0,0,0,0,0,0,(0.0_ 0.0_ 1.0)
38.78777,0,0,0,0,0,0,(0.0_ 0.0_ 1.0)
38.78777,0,0,0,0,0,0,(0.0_ 0.0_ 1.0)
38.78777,0,0,0,0,0,0,(0.0_ 0.0_ 1.0)
38.78777,0,0,0,0,0,0,(0.0_ 0.0_ 1.0)
38.78777,0,0,0,0,0,0,(0.0_ 0.0_ 1.0)
38.78777,0,0,0,0,0,0,(0.0_ 0.0_ 1.0)
38.78777,0,0,0,0,0,0,(0.0_ 0.0_ 1.0)
38.78777,0,0,0,0,0,0,(0.0_ 0.0_ 1.0)
38.78777,0,0,0,0,0,0,(0.0_ 0.0_ 1.0)
38.78777,0,0,0,0,0,0,(0.0_ 0.0_ 1.0)
38.78777,0,0,0,0,0,0,(0.0_ 0.0_ 1.0)
38.78777,0,0,0,0,0,0,(0.0_ 0.0_ 1.0)
38.78777,0,0,0,0,0,0,(0.0_ 0.0_ 1.0)
38.78777,0,0,0,0,0,0,(0.0_ 0.0_ 1.0)
38.78777,0,0,0,0,0,0,(0.0_ 0.0_ 1.0)
38.78777,0,0,0,0,0,0,(0.0_ 0.0_ 1.0)
38.78777,0,0,0,0,0,0,(0.0_ 0.0_ 1.0)
38.78777,0,0,0,0,0,0,(0.0_ 0.0_ 1.0)
38.78777,0,0,0,0,0,0,(0.0_ 0.0_ 1.0)
38.78777,0,0,0,0,0,0,(0.0_ 0.0_ 1.0)
38.78777,0,0,0,0,0,0,(0.0_ 0.0_ 1.0)
38.78777,0,0,0,0,0,0,(0.0_ 0.0_ 1.0)
38.78777,0,0,0,0,0,0,(0.0_ 0.0_ 1.0)
38.78777,0,0,0,0,0,0,(0.0_ 0.0_ 1.0)
38.78777,0,0,0,0,0,0,(0.0_ 0.0_ 1.0)
38.78777,0,0,0,0,0,0,(0.0_ 0.0_ 1.0)
38.78777,0,0,0,0,0,0,(0.0_ 0.0_ 1.0)
38.78777,0,0,0,0,0,0,(0.0_ 0.0_ 1.0)
38.78777,0,0,0,0,0,0,(0.0_ 0.0_ 1.0)
38.78777,0,0,0,0,0,0,(0.0_ 0.0_ 1.0)
38.78777,0,0,0,0,0,0,(0.0_ 0.0_ 1.0)
38.78777,0,0,0,0,0,0,(0.0_ 0.0_ 1.0)
38.78777,0,0,0,0,0,0,(0.0_ 0.0_ 1.0)
38.78777,0,0,0,0,0,0,(0.0_ 0.0_ 1.0)
38.78777,0,0,0,0,0,0,(0.0_ 0.0_ 1.0)
38.78777,0,0,0,0,0,0,(0.0_ 0.0_ 1.0)
38.78777,0,0,0,0,0,0,(0.0_ 0.0_ 1.0)
38.78777,0,0,0,0,0,0,(0.0_ 0.0_ 1.0)
38.78777,0,0,0,0,0,0,(0.0_ 0.0_ 1.0)
38.78777,0,0,0,0,0,0,(0.0_ 0.0_ 1.0)
38.78777,0,0,0,0,0,0,(0.0_ 0.0_ 1.0)
38.78777,0,0,0,0,0,0,(0.0_ 0.0_ 1.0)
38.78777,0,0,0,0,0,0,(0.0_ 0.0_ 1.0)
38.78777,0,0,0,0,0,0,(0.0_ 0.0_ 1.0)
38.78777,0,0,0,0,0,0,(0.0_ 0.0_ 1.0)
38.78777,0,0,0,0,0,0,(0.0_ 0.0_ 1.0)
38.78777,0,0,0,0,0,0,(0.0_ 0.0_ 1.0)
38.78777,0,0,0,0,0,0,(0.0_ 0.0_ 1.0)
38.78777,0,0,0,0,0,0,(0.0_ 0.0_ 1.0)
38.78777,0,0,0,0,0,0,(0.0_ 0.0_ 1.0)
38.78777,0,0,0,0,0,0,(0.0_ 0.0_ 1.0)
38.78777,0,0,0,0,0,0,(0.0_ 0.0_ 1.0)
38.78777,0,0,0,0,0,0,(0.0_ 0.0_ 1.0)
38.78777,0,0,0,0,0,0,(0.0_ 0.0_ 1.0)
38.78777,0,0,0,0,0,0,(0.0_ 0.0_ 1.0)
38.78777,0,0,0,0,0,0,(0.0_ 0.0_ 1.0)
38.78777,0,0,0,0,0,0,(0.0_ 0.0_ 1.0)
38.78777,0,0,0,0,0,0,(0.0_ 0.0_ 1.0)
38.78777,0,0,0,0,0,0,(0.0_ 0.0_ 1.0)
38.78777,0,0,0,0,0,0,(0.0_ 0.0_ 1.0)
38.78777,0,0,0,0,0,0,(0.0_ 0.0_ 1.0)
38.78777,0,0,0,0,0,0,(0.0_ 0.0_ 1.0)
38.78777,0,0,0,0,0,0,(0.0_ 0.0_ 1.0)
38.78777,0,0,0,0,0,0,(0.0_ 0.0_ 1.0)
38.78777,0,0,0,0,0,0,(0.0_ 0.0_ 1.0)
38.78777,0,0,0,0,0,0,(0.0_ 0.0_ 1.0)
38.78777,0,0,0,0,0,0,(0.0_ 0.0_ 1.0)
38.78777,0,0,0,0,0,0,(0.0_ 0.0_ 1.0)
38.78777,0,0,0,0,0,0,(0.0_ 0.0_ 1.0)
38.78777,0,0,0,0,0,0,(0.0_ 0.0_ 1.0)
38.78777,0,0,0,0,0,0,(0.0_ 0.0_ 1.0)
38.78777,0,0,0,0,0,0,(0.0_ 0.0_ 1.0)
38.78777,0,0,0,0,0,0,(0.0_ 0.0_ 1.0)
38.78777,0,0,0,0,0,0,(0.0_ 0.0_ 1.0)
38.78777,0,0,0,0,0,0,(0.0_ 0.0_ 1.0)
38.78777,0,0,0,0,0,0,(0.0_ 0.0_ 1.0)
38.78777,0,0,0,0,0,0,(0.0_ 0.0_ 1.0)
38.78777,0,0,0,0,0,0,(0.0_ 0.0_ 1.0)
38.78777,0,0,0,0,0,0,(0.0_ 0.0_ 1.0)
38.78777,0,0,0,0,0,0,(0.0_ 0.0_ 1.0)
38.78777,0,0,0,0,0,0,(0.0_ 0.0_ 1.0)
38.78777,0,0,0,0,0,0,(0.0_ 0.0_ 1.0)
38.78777,0,0,0,0,0,0,(0.0_ 0.0_ 1.0)
38.78777,0,0,0,0,0,0,(0.0_ 0.0_ 1.0)
38.78777,0,0,0,0,0,0,(0.0_ 0.0_ 1.0)
38.78777,0,0,0,0,0,0,(0.0_ 0.0_ 1.0)
38.78777,0,0,0,0,0,0,(0.0_ 0.0_ 1.0)
38.78777,0,0,0,0,0,0,(0.0_ 0.0_ 1.0)
38.78777,0,0,0,0,0,0,(0.0_ 0.0_ 1.0)
38.78777,0,0,0,0,0,0,(0.0_ 0.0_ 1.0)
38.78777,0,0,0,0,0,0,(0.0_ 0.0_ 1.0)
38.78777,0,0,0,0,0,0,(0.0_ 0.0_ 1.0)
38.78777,0,0,0,0,0,0,(0.0_ 0.0_ 1.0)
38.78777,0,0,0,0,0,0,(0.0_ 0.0_ 1.0)
38.78777,0,0,0,0,0,0,(0.0_ 0.0_ 1.0)
38.78777,0,0,0,0,0,0,(0.0_ 0.0_ 1.0)
38.78777,0,0,0,0,0,0,(0.0_ 0.0_ 1.0)
38.78777,0,0,0,0,0,0,(0.0_ 0.0_ 1.0)
38.78777,0,0,0,0,0,0,(0.0_ 0.0_ 1.0)
38.78777,0,0,0,0,0,0,(0.0_ 0.0_ 1.0)
38.78777,0,0,0,0,0,0,(0.0_ 0.0_ 1.0)
38.78777,0,0,0,0,0,0,(0.0_ 0.0_ 1.0)
38.78777,0,0,0,0,0,0,(0.0_ 0.0_ 1.0)
38.78777,0,0,0,0,0,0,(0.0_ 0.0_ 1.0)
38.78777,0,0,0,0,0,0,(0.0_ 0.0_ 1.0)
38.78777,0,0,0,0,0,0,(0.0_ 0.0_ 1.0)
38.78777,0,0,0,0,0,0,(0.0_ 0.0_ 1.0)
38.78777,0,0,0,0,0,0,(0.0_ 0.0_ 1.0)
38.78777,0,0,0,0,0,0,(0.0_ 0.0_ 1.0)
38.78777,0,0,0,0,0,0,(0.0_ 0.0_ 1.0)
38.78777,0,0,0,0,0,0,(0.0_ 0.0_ 1.0)
38.78777,0,0,0,0,0,0,(0.0_ 0.0_ 1.0)
38.78777,0,0,0,0,0,0,(0.0_ 0.0_ 1.0)
38.78777,0,0,0,0,0,0,(0.0_ 0.0_ 1.0)
38.78777,0,0,0,0,0,0,(0.0_ 0.0_ 1.0)
38.78777,0,0,0,0,0,0,(0.0_ 0.0_ 1.0)
38.78777,0,0,0,0,0,0,(0.0_ 0.0_ 1.0)
38.78777,0,0,0,0,0,0,(0.0_ 0.0_ 1.0)
38.78777,0,0,0,0,0,0,(0.0_ 0.0_ 1.0)
38.78777,0,0,0,0,0,0,(0.0_ 0.0_ 1.0)
38.78777,0,0,0,0,0,0,(0.0_ 0.0_ 1.0)
38.78777,0,0,0,0,0,0,(0.0_ 0.0_ 1.0)
38.78777,0,0,0,0,0,0,(0.0_ 0.0_ 1.0)
38.78777,0,0,0,0,0,0,(0.0_ 0.0_ 1.0)
38.78777,0,0,0,0,0,0,(0.0_ 0.0_ 1.0)
38.78777,0,0,0,0,0,0,(0.0_ 0.0_ 1.0)
38.78777,0,0,0,0,0,0,(0.0_ 0.0_ 1.0)
38.78777,0,0,0,0,0,0,(0.0_ 0.0_ 1.0)
38.78777,0,0,0,0,0,0,(0.0_ 0.0_ 1.0)
38.78777,0,0,0,0,0,0,(0.0_ 0.0_ 1.0)
38.78777,0,0,0,0,0,0,(0.0_ 0.0_ 1.0)
38.78777,0,0,0,0,0,0,(0.0_ 0.0_ 1.0)
38.78777,0,0,0,0,0,0,(0.0_ 0.0_ 1.0)
38.78777,0,0,0,0,0,0,(0.0_ 0.0_ 1.0)
38.78777,0,0,0,0,0,0,(0.0_ 0.0_ 1.0)
38.78777,0,0,0,0,0,0,(0.0_ 0.0_ 1.0)
38.78777,0,0,0,0,0,0,(0.0_ 0.0_ 1.0)
38.78777,0,0,0,0,0,0,(0.0_ 0.0_ 1.0)
38.78777,0,0,0,0,0,0,(0.0_ 0.0_ 1.0)
38.78777,0,0,0,0,0,0,(0.0_ 0.0_ 1.0)
38.78777,0,0,0,0,0,0,(0.0_ 0.0_ 1.0)
38.78777,0,0,0,0,0,0,(0.0_ 0.0_ 1.0)
38.78777,0,0,0,0,0,0,(0.0_ 0.0_ 1.0)
38.78777,0,0,0,0,0,0,(0.0_ 0.0_ 1.0)
38.78777,0,0,0,0,0,0,(0.0_ 0.0_ 1.0)
38.78777,0,0,0,0,0,0,(0.0_ 0.0_ 1.0)
38.78777,0,0,0,0,0,0,(0.0_ 0.0_ 1.0)
38.78777,0,0,0,0,0,0,(0.0_ 0.0_ 1.0)
38.78777,0,0,0,0,0,0,(0.0_ 0.0_ 1.0)
38.78777,0,0,0,0,0,0,(0.0_ 0.0_ 1.0)
38.78777,0,0,0,0,0,0,(0.0_ 0.0_ 1.0)
38.78777,0,0,0,0,0,0,(0.0_ 0.0_ 1.0)
38.78777,0,0,0,0,0,0,(0.0_ 0.0_ 1.0)
38.78777,0,0,0,0,0,0,(0.0_ 0.0_ 1.0)
38.78777,0,0,0,0,0,0,(0.0_ 0.0_ 1.0)
38.78777,0,0,0,0,0,0,(0.0_ 0.0_ 1.0)
38.78777,0,0,0,0,0,0,(0.0_ 0.0_ 1.0)
38.78777,0,0,0,0,0,0,(0.0_ 0.0_ 1.0)
38.78777,0,0,0,0,0,0,(0.0_ 0.0_ 1.0)
38.78777,0,0,0,0,0,0,(0.0_ 0.0_ 1.0)
38.78777,0,0,0,0,0,0,(0.0_ 0.0_ 1.0)
38.78777,0,0,0,0,0,0,(0.0_ 0.0_ 1.0)
38.78777,0,0,0,0,0,0,(0.0_ 0.0_ 1.0)
38.78777,0,0,0,0,0,0,(0.0_ 0.0_ 1.0)
38.78777,0,0,0,0,0,0,(0.0_ 0.0_ 1.0)
38.78777,0,0,0,0,0,0,(0.0_ 0.0_ 1.0)
38.78777,0,0,0,0,0,0,(0.0_ 0.0_ 1.0)
38.78777,0,0,0,0,0,0,(0.0_ 0.0_ 1.0)
38.78777,0,0,0,0,0,0,(0.0_ 0.0_ 1.0)
38.78777,0,0,0,0,0,0,(0.0_ 0.0_ 1.0)
38.78777,0,0,0,0,0,0,(0.0_ 0.0_ 1.0)
38.78777,0,0,0,0,0,0,(0.0_ 0.0_ 1.0)
38.78777,0,0,0,0,0,0,(0.0_ 0.0_ 1.0)
38.78777,0,0,0,0,0,0,(0.0_ 0.0_ 1.0)
38.78777,0,0,0,0,0,0,(0.0_ 0.0_ 1.0)
38.78777,0,0,0,0,0,0,(0.0_ 0.0_ 1.0)
38.78777,0,0,0,0,0,0,(0.0_ 0.0_ 1.0)
38.78777,0,0,0,0,0,0,(0.0_ 0.0_ 1.0)
38.78777,0,0,0,0,0,0,(0.0_ 0.0_ 1.0)
38.78777,0,0,0,0,0,0,(0.0_ 0.0_ 1.0)
38.78777,0,0,0,0,0,0,(0.0_ 0.0_ 1.0)
38.78777,0,0,0,0,0,0,(0.0_ 0.0_ 1.0)
38.78777,0,0,0,0,0,0,(0.0_ 0.0_ 1.0)
38.78777,0,0,0,0,0,0,(0.0_ 0.0_ 1.0)
38.78777,0,0,0,0,0,0,(0.0_ 0.0_ 1.0)
38.78777,0,0,0,0,0,0,(0.0_ 0.0_ 1.0)
38.78777,0,0,0,0,0,0,(0.0_ 0.0_ 1.0)
38.78777,0,0,0,0,0,0,(0.0_ 0.0_ 1.0)
38.78777,0,0,0,0,0,0,(0.0_ 0.0_ 1.0)
38.78777,0,0,0,0,0,0,(0.0_ 0.0_ 1.0)
38.78777,0,0,0,0,0,0,(0.0_ 0.0_ 1.0)
38.78777,0,0,0,0,0,0,(0.0_ 0.0_ 1.0)
38.78777,0,0,0,0,0,0,(0.0_ 0.0_ 1.0)
38.78777,0,0,0,0,0,0,(0.0_ 0.0_ 1.0)
38.78777,0,0,0,0,0,0,(0.0_ 0.0_ 1.0)
38.78777,0,0,0,0,0,0,(0.0_ 0.0_ 1.0)
38.78777,0,0,0,0,0,0,(0.0_ 0.0_ 1.0)
38.78777,0,0,0,0,0,0,(0.0_ 0.0_ 1.0)
38.78777,0,0,0,0,0,0,(0.0_ 0.0_ 1.0)
38.78777,0,0,0,0,0,0,(0.0_ 0.0_ 1.0)
38.78777,0,0,0,0,0,0,(0.0_ 0.0_ 1.0)
38.78777,0,0,0,0,0,0,(0.0_ 0.0_ 1.0)
38.78777,0,0,0,0,0,0,(0.0_ 0.0_ 1.0)
38.78777,0,0,0,0,0,0,(0.0_ 0.0_ 1.0)
38.78777,0,0,0,0,0,0,(0.0_ 0.0_ 1.0)
38.78777,0,0,0,0,0,0,(0.0_ 0.0_ 1.0)
38.78777,0,0,0,0,0,0,(0.0_ 0.0_ 1.0)
38.78777,0,0,0,0,0,0,(0.0_ 0.0_ 1.0)
38.78777,0,0,0,0,0,0,(0.0_ 0.0_ 1.0)
38.78777,0,0,0,0,0,0,(0.0_ 0.0_ 1.0)
38.78777,0,0,0,0,0,0,(0.0_ 0.0_ 1.0)
38.78777,0,0,0,0,0,0,(0.0_ 0.0_ 1.0)
38.78777,0,0,0,0,0,0,(0.0_ 0.0_ 1.0)
38.78777,0,0,0,0,0,0,(0.0_ 0.0_ 1.0)
38.78777,0,0,0,0,0,0,(0.0_ 0.0_ 1.0)
38.78777,0,0,0,0,0,0,(0.0_ 0.0_ 1.0)
38.78777,0,0,0,0,0,0,(0.0_ 0.0_ 1.0)
38.78777,0,0,0,0,0,0,(0.0_ 0.0_ 1.0)
38.78777,0,0,0,0,0,0,(0.0_ 0.0_ 1.0)
38.78777,0,0,0,0,0,0,(0.0_ 0.0_ 1.0)
38.78777,0,0,0,0,0,0,(0.0_ 0.0_ 1.0)
38.78777,0,0,0,0,0,0,(0.0_ 0.0_ 1.0)
38.78777,0,0,0,0,0,0,(0.0_ 0.0_ 1.0)
38.78777,0,0,0,0,0,0,(0.0_ 0.0_ 1.0)
38.78777,0,0,0,0,0,0,(0.0_ 0.0_ 1.0)
38.78777,0,0,0,0,0,0,(0.0_ 0.0_ 1.0)
38.78777,0,0,0,0,0,0,(0.0_ 0.0_ 1.0)
38.78777,0,0,0,0,0,0,(0.0_ 0.0_ 1.0)
38.78777,0,0,0,0,0,0,(0.0_ 0.0_ 1.0)
38.78777,0,0,0,0,0,0,(0.0_ 0.0_ 1.0)
38.78777,0,0,0,0,0,0,(0.0_ 0.0_ 1.0)
38.78777,0,0,0,0,0,0,(0.0_ 0.0_ 1.0)
38.78777,0,0,0,0,0,0,(0.0_ 0.0_ 1.0)
38.78777,0,0,0,0,0,0,(0.0_ 0.0_ 1.0)
38.78777,0,0,0,0,0,0,(0.0_ 0.0_ 1.0)
38.78777,0,0,0,0,0,0,(0.0_ 0.0_ 1.0)
38.78777,0,0,0,0,0,0,(0.0_ 0.0_ 1.0)
38.78777,0,0,0,0,0,0,(0.0_ 0.0_ 1.0)
38.78777,0,0,0,0,0,0,(0.0_ 0.0_ 1.0)
38.78777,0,0,0,0,0,0,(0.0_ 0.0_ 1.0)
38.78777,0,0,0,0,0,0,(0.0_ 0.0_ 1.0)
38.78777,0,0,0,0,0,0,(0.0_ 0.0_ 1.0)
38.78777,0,0,0,0,0,0,(0.0_ 0.0_ 1.0)
38.78777,0,0,0,0,0,0,(0.0_ 0.0_ 1.0)
38.78777,0,0,0,0,0,0,(0.0_ 0.0_ 1.0)
38.78777,0,0,0,0,0,0,(0.0_ 0.0_ 1.0)
38.78777,0,0,0,0,0,0,(0.0_ 0.0_ 1.0)
38.78777,0,0,0,0,0,0,(0.0_ 0.0_ 1.0)
38.78777,0,0,0,0,0,0,(0.0_ 0.0_ 1.0)
38.78777,0,0,0,0,0,0,(0.0_ 0.0_ 1.0)
38.78777,0,0,0,0,0,0,(0.0_ 0.0_ 1.0)
38.78777,0,0,0,0,0,0,(0.0_ 0.0_ 1.0)
38.78777,0,0,0,0,0,0,(0.0_ 0.0_ 1.0)
38.78777,0,0,0,0,0,0,(0.0_ 0.0_ 1.0)
38.78777,0,0,0,0,0,0,(0.0_ 0.0_ 1.0)
38.78777,0,0,0,0,0,0,(0.0_ 0.0_ 1.0)
38.78777,0,0,0,0,0,0,(0.0_ 0.0_ 1.0)
38.78777,0,0,0,0,0,0,(0.0_ 0.0_ 1.0)
38.78777,0,0,0,0,0,0,(0.0_ 0.0_ 1.0)
38.78777,0,0,0,0,0,0,(0.0_ 0.0_ 1.0)
38.78777,0,0,0,0,0,0,(0.0_ 0.0_ 1.0)
38.78777,0,0,0,0,0,0,(0.0_ 0.0_ 1.0)
38.78777,0,0,0,0,0,0,(0.0_ 0.0_ 1.0)
38.78777,0,0,0,0,0,0,(0.0_ 0.0_ 1.0)
38.78777,0,0,0,0,0,0,(0.0_ 0.0_ 1.0)
38.78777,0,0,0,0,0,0,(0.0_ 0.0_ 1.0)
38.78777,0,0,0,0,0,0,(0.0_ 0.0_ 1.0)
38.78777,0,0,0,0,0,0,(0.0_ 0.0_ 1.0)
38.78777,0,0,0,0,0,0,(0.0_ 0.0_ 1.0)
38.78777,0,0,0,0,0,0,(0.0_ 0.0_ 1.0)
38.78777,0,0,0,0,0,0,(0.0_ 0.0_ 1.0)
38.78777,0,0,0,0,0,0,(0.0_ 0.0_ 1.0)
38.78777,0,0,0,0,0,0,(0.0_ 0.0_ 1.0)
38.78777,0,0,0,0,0,0,(0.0_ 0.0_ 1.0)
38.78777,0,0,0,0,0,0,(0.0_ 0.0_ 1.0)
38.78777,0,0,0,0,0,0,(0.0_ 0.0_ 1.0)
38.78777,0,0,0,0,0,0,(0.0_ 0.0_ 1.0)
38.78777,0,0,0,0,0,0,(0.0_ 0.0_ 1.0)
38.78777,0,0,0,0,0,0,(0.0_ 0.0_ 1.0)
38.78777,0,0,0,0,0,0,(0.0_ 0.0_ 1.0)
38.78777,0,0,0,0,0,0,(0.0_ 0.0_ 1.0)
38.78777,0,0,0,0,0,0,(0.0_ 0.0_ 1.0)
38.78777,0,0,0,0,0,0,(0.0_ 0.0_ 1.0)
38.78777,0,0,0,0,0,0,(0.0_ 0.0_ 1.0)
38.78777,0,0,0,0,0,0,(0.0_ 0.0_ 1.0)
38.78777,0,0,0,0,0,0,(0.0_ 0.0_ 1.0)
38.78777,0,0,0,0,0,0,(0.0_ 0.0_ 1.0)
38.78777,0,0,0,0,0,0,(0.0_ 0.0_ 1.0)
38.78777,0,0,0,0,0,0,(0.0_ 0.0_ 1.0)
38.78777,0,0,0,0,0,0,(0.0_ 0.0_ 1.0)
38.78777,0,0,0,0,0,0,(0.0_ 0.0_ 1.0)
38.78777,0,0,0,0,0,0,(0.0_ 0.0_ 1.0)
38.78777,0,0,0,0,0,0,(0.0_ 0.0_ 1.0)
38.78777,0,0,0,0,0,0,(0.0_ 0.0_ 1.0)
38.78777,0,0,0,0,0,0,(0.0_ 0.0_ 1.0)
38.78777,0,0,0,0,0,0,(0.0_ 0.0_ 1.0)
38.78777,0,0,0,0,0,0,(0.0_ 0.0_ 1.0)
38.78777,0,0,0,0,0,0,(0.0_ 0.0_ 1.0)
38.78777,0,0,0,0,0,0,(0.0_ 0.0_ 1.0)
38.78777,0,0,0,0,0,0,(0.0_ 0.0_ 1.0)
38.78777,0,0,0,0,0,0,(0.0_ 0.0_ 1.0)
38.78777,0,0,0,0,0,0,(0.0_ 0.0_ 1.0)
38.78777,0,0,0,0,0,0,(0.0_ 0.0_ 1.0)
38.78777,0,0,0,0,0,0,(0.0_ 0.0_ 1.0)
38.78777,0,0,0,0,0,0,(0.0_ 0.0_ 1.0)
38.78777,0,0,0,0,0,0,(0.0_ 0.0_ 1.0)
38.78777,0,0,0,0,0,0,(0.0_ 0.0_ 1.0)
38.78777,0,0,0,0,0,0,(0.0_ 0.0_ 1.0)
38.78777,0,0,0,0,0,0,(0.0_ 0.0_ 1.0)
38.78777,0,0,0,0,0,0,(0.0_ 0.0_ 1.0)
38.78777,0,0,0,0,0,0,(0.0_ 0.0_ 1.0)
38.78777,0,0,0,0,0,0,(0.0_ 0.0_ 1.0)
38.78777,0,0,0,0,0,0,(0.0_ 0.0_ 1.0)
38.78777,0,0,0,0,0,0,(0.0_ 0.0_ 1.0)
38.78777,0,0,0,0,0,0,(0.0_ 0.0_ 1.0)
38.78777,0,0,0,0,0,0,(0.0_ 0.0_ 1.0)
38.78777,0,0,0,0,0,0,(0.0_ 0.0_ 1.0)
38.78777,0,0,0,0,0,0,(0.0_ 0.0_ 1.0)
38.78777,0,0,0,0,0,0,(0.0_ 0.0_ 1.0)
38.78777,0,0,0,0,0,0,(0.0_ 0.0_ 1.0)
38.78777,0,0,0,0,0,0,(0.0_ 0.0_ 1.0)
38.78777,0,0,0,0,0,0,(0.0_ 0.0_ 1.0)
38.78777,0,0,0,0,0,0,(0.0_ 0.0_ 1.0)
38.78777,0,0,0,0,0,0,(0.0_ 0.0_ 1.0)
38.78777,0,0,0,0,0,0,(0.0_ 0.0_ 1.0)
38.78777,0,0,0,0,0,0,(0.0_ 0.0_ 1.0)
38.78777,0,0,0,0,0,0,(0.0_ 0.0_ 1.0)
38.78777,0,0,0,0,0,0,(0.0_ 0.0_ 1.0)
38.78777,0,0,0,0,0,0,(0.0_ 0.0_ 1.0)
38.78777,0,0,0,0,0,0,(0.0_ 0.0_ 1.0)
38.78777,0,0,0,0,0,0,(0.0_ 0.0_ 1.0)
38.78777,0,0,0,0,0,0,(0.0_ 0.0_ 1.0)
38.78777,0,0,0,0,0,0,(0.0_ 0.0_ 1.0)
38.78777,0,0,0,0,0,0,(0.0_ 0.0_ 1.0)
38.78777,0,0,0,0,0,0,(0.0_ 0.0_ 1.0)
38.78777,0,0,0,0,0,0,(0.0_ 0.0_ 1.0)
38.78777,0,0,0,0,0,0,(0.0_ 0.0_ 1.0)
38.78777,0,0,0,0,0,0,(0.0_ 0.0_ 1.0)
38.78777,0,0,0,0,0,0,(0.0_ 0.0_ 1.0)
38.78777,0,0,0,0,0,0,(0.0_ 0.0_ 1.0)
38.78777,0,0,0,0,0,0,(0.0_ 0.0_ 1.0)
38.78777,0,0,0,0,0,0,(0.0_ 0.0_ 1.0)
38.78777,0,0,0,0,0,0,(0.0_ 0.0_ 1.0)
38.78777,0,0,0,0,0,0,(0.0_ 0.0_ 1.0)
38.78777,0,0,0,0,0,0,(0.0_ 0.0_ 1.0)
38.78777,0,0,0,0,0,0,(0.0_ 0.0_ 1.0)
38.78777,0,0,0,0,0,0,(0.0_ 0.0_ 1.0)
38.78777,0,0,0,0,0,0,(0.0_ 0.0_ 1.0)
38.78777,0,0,0,0,0,0,(0.0_ 0.0_ 1.0)
38.78777,0,0,0,0,0,0,(0.0_ 0.0_ 1.0)
38.78777,0,0,0,0,0,0,(0.0_ 0.0_ 1.0)
38.78777,0,0,0,0,0,0,(0.0_ 0.0_ 1.0)
38.78777,0,0,0,0,0,0,(0.0_ 0.0_ 1.0)
38.78777,0,0,0,0,0,0,(0.0_ 0.0_ 1.0)
38.78777,0,0,0,0,0,0,(0.0_ 0.0_ 1.0)
38.78777,0,0,0,0,0,0,(0.0_ 0.0_ 1.0)
38.78777,0,0,0,0,0,0,(0.0_ 0.0_ 1.0)
38.78777,0,0,0,0,0,0,(0.0_ 0.0_ 1.0)
38.78777,0,0,0,0,0,0,(0.0_ 0.0_ 1.0)
38.78777,0,0,0,0,0,0,(0.0_ 0.0_ 1.0)
38.78777,0,0,0,0,0,0,(0.0_ 0.0_ 1.0)
38.78777,0,0,0,0,0,0,(0.0_ 0.0_ 1.0)
38.78777,0,0,0,0,0,0,(0.0_ 0.0_ 1.0)
38.78777,0,0,0,0,0,0,(0.0_ 0.0_ 1.0)
38.78777,0,0,0,0,0,0,(0.0_ 0.0_ 1.0)
38.78777,0,0,0,0,0,0,(0.0_ 0.0_ 1.0)
38.78777,0,0,0,0,0,0,(0.0_ 0.0_ 1.0)
38.78777,0,0,0,0,0,0,(0.0_ 0.0_ 1.0)
38.78777,0,0,0,0,0,0,(0.0_ 0.0_ 1.0)
38.78777,0,0,0,0,0,0,(0.0_ 0.0_ 1.0)
38.78777,0,0,0,0,0,0,(0.0_ 0.0_ 1.0)
38.78777,0,0,0,0,0,0,(0.0_ 0.0_ 1.0)
38.78777,0,0,0,0,0,0,(0.0_ 0.0_ 1.0)
38.78777,0,0,0,0,0,0,(0.0_ 0.0_ 1.0)
38.78777,0,0,0,0,0,0,(0.0_ 0.0_ 1.0)
38.78777,0,0,0,0,0,0,(0.0_ 0.0_ 1.0)
38.78777,0,0,0,0,0,0,(0.0_ 0.0_ 1.0)
38.78777,0,0,0,0,0,0,(0.0_ 0.0_ 1.0)
38.78777,0,0,0,0,0,0,(0.0_ 0.0_ 1.0)
38.78777,0,0,0,0,0,0,(0.0_ 0.0_ 1.0)
38.78777,0,0,0,0,0,0,(0.0_ 0.0_ 1.0)
38.78777,0,0,0,0,0,0,(0.0_ 0.0_ 1.0)
38.78777,0,0,0,0,0,0,(0.0_ 0.0_ 1.0)
38.78777,0,0,0,0,0,0,(0.0_ 0.0_ 1.0)
38.78777,0,0,0,0,0,0,(0.0_ 0.0_ 1.0)
38.78777,0,0,0,0,0,0,(0.0_ 0.0_ 1.0)
38.78777,0,0,0,0,0,0,(0.0_ 0.0_ 1.0)
38.78777,0,0,0,0,0,0,(0.0_ 0.0_ 1.0)
38.78777,0,0,0,0,0,0,(0.0_ 0.0_ 1.0)
38.78777,0,0,0,0,0,0,(0.0_ 0.0_ 1.0)
38.78777,0,0,0,0,0,0,(0.0_ 0.0_ 1.0)
38.78777,0,0,0,0,0,0,(0.0_ 0.0_ 1.0)
38.78777,0,0,0,0,0,0,(0.0_ 0.0_ 1.0)
38.78777,0,0,0,0,0,0,(0.0_ 0.0_ 1.0)
38.78777,0,0,0,0,0,0,(0.0_ 0.0_ 1.0)
38.78777,0,0,0,0,0,0,(0.0_ 0.0_ 1.0)
38.78777,0,0,0,0,0,0,(0.0_ 0.0_ 1.0)
38.78777,0,0,0,0,0,0,(0.0_ 0.0_ 1.0)
38.78777,0,0,0,0,0,0,(0.0_ 0.0_ 1.0)
38.78777,0,0,0,0,0,0,(0.0_ 0.0_ 1.0)
38.78777,0,0,0,0,0,0,(0.0_ 0.0_ 1.0)
38.78777,0,0,0,0,0,0,(0.0_ 0.0_ 1.0)
38.78777,0,0,0,0,0,0,(0.0_ 0.0_ 1.0)
38.78777,0,0,0,0,0,0,(0.0_ 0.0_ 1.0)
38.78777,0,0,0,0,0,0,(0.0_ 0.0_ 1.0)
38.78777,0,0,0,0,0,0,(0.0_ 0.0_ 1.0)
38.78777,0,0,0,0,0,0,(0.0_ 0.0_ 1.0)
38.78777,0,0,0,0,0,0,(0.0_ 0.0_ 1.0)
38.78777,0,0,0,0,0,0,(0.0_ 0.0_ 1.0)
38.78777,0,0,0,0,0,0,(0.0_ 0.0_ 1.0)
38.78777,0,0,0,0,0,0,(0.0_ 0.0_ 1.0)
38.78777,0,0,0,0,0,0,(0.0_ 0.0_ 1.0)
38.78777,0,0,0,0,0,0,(0.0_ 0.0_ 1.0)
38.78777,0,0,0,0,0,0,(0.0_ 0.0_ 1.0)
38.78777,0,0,0,0,0,0,(0.0_ 0.0_ 1.0)
38.78777,0,0,0,0,0,0,(0.0_ 0.0_ 1.0)
38.78777,0,0,0,0,0,0,(0.0_ 0.0_ 1.0)
38.78777,0,0,0,0,0,0,(0.0_ 0.0_ 1.0)
38.78777,0,0,0,0,0,0,(0.0_ 0.0_ 1.0)
38.78777,0,0,0,0,0,0,(0.0_ 0.0_ 1.0)
38.78777,0,0,0,0,0,0,(0.0_ 0.0_ 1.0)
38.78777,0,0,0,0,0,0,(0.0_ 0.0_ 1.0)
38.78777,0,0,0,0,0,0,(0.0_ 0.0_ 1.0)
38.78777,0,0,0,0,0,0,(0.0_ 0.0_ 1.0)
38.78777,0,0,0,0,0,0,(0.0_ 0.0_ 1.0)
38.78777,0,0,0,0,0,0,(0.0_ 0.0_ 1.0)
38.78777,0,0,0,0,0,0,(0.0_ 0.0_ 1.0)
38.78777,0,0,0,0,0,0,(0.0_ 0.0_ 1.0)
38.78777,0,0,0,0,0,0,(0.0_ 0.0_ 1.0)
38.78777,0,0,0,0,0,0,(0.0_ 0.0_ 1.0)
38.78777,0,0,0,0,0,0,(0.0_ 0.0_ 1.0)
38.78777,0,0,0,0,0,0,(0.0_ 0.0_ 1.0)
38.78777,0,0,0,0,0,0,(0.0_ 0.0_ 1.0)
38.78777,0,0,0,0,0,0,(0.0_ 0.0_ 1.0)
38.78777,0,0,0,0,0,0,(0.0_ 0.0_ 1.0)
38.78777,0,0,0,0,0,0,(0.0_ 0.0_ 1.0)
38.78777,0,0,0,0,0,0,(0.0_ 0.0_ 1.0)
38.78777,0,0,0,0,0,0,(0.0_ 0.0_ 1.0)
38.78777,0,0,0,0,0,0,(0.0_ 0.0_ 1.0)
38.78777,0,0,0,0,0,0,(0.0_ 0.0_ 1.0)
38.78777,0,0,0,0,0,0,(0.0_ 0.0_ 1.0)
38.78777,0,0,0,0,0,0,(0.0_ 0.0_ 1.0)
38.78777,0,0,0,0,0,0,(0.0_ 0.0_ 1.0)
38.78777,0,0,0,0,0,0,(0.0_ 0.0_ 1.0)
38.78777,0,0,0,0,0,0,(0.0_ 0.0_ 1.0)
38.78777,0,0,0,0,0,0,(0.0_ 0.0_ 1.0)
38.78777,0,0,0,0,0,0,(0.0_ 0.0_ 1.0)
38.78777,0,0,0,0,0,0,(0.0_ 0.0_ 1.0)
38.78777,0,0,0,0,0,0,(0.0_ 0.0_ 1.0)
38.78777,0,0,0,0,0,0,(0.0_ 0.0_ 1.0)
38.78777,0,0,0,0,0,0,(0.0_ 0.0_ 1.0)
38.78777,0,0,0,0,0,0,(0.0_ 0.0_ 1.0)
38.78777,0,0,0,0,0,0,(0.0_ 0.0_ 1.0)
38.78777,0,0,0,0,0,0,(0.0_ 0.0_ 1.0)
38.78777,0,0,0,0,0,0,(0.0_ 0.0_ 1.0)
38.78777,0,0,0,0,0,0,(0.0_ 0.0_ 1.0)
38.78777,0,0,0,0,0,0,(0.0_ 0.0_ 1.0)
38.78777,0,0,0,0,0,0,(0.0_ 0.0_ 1.0)
38.78777,0,0,0,0,0,0,(0.0_ 0.0_ 1.0)
38.78777,0,0,0,0,0,0,(0.0_ 0.0_ 1.0)
38.78777,0,0,0,0,0,0,(0.0_ 0.0_ 1.0)
38.78777,0,0,0,0,0,0,(0.0_ 0.0_ 1.0)
38.78777,0,0,0,0,0,0,(0.0_ 0.0_ 1.0)
38.78777,0,0,0,0,0,0,(0.0_ 0.0_ 1.0)
38.78777,0,0,0,0,0,0,(0.0_ 0.0_ 1.0)
38.78777,0,0,0,0,0,0,(0.0_ 0.0_ 1.0)
38.78777,0,0,0,0,0,0,(0.0_ 0.0_ 1.0)
38.78777,0,0,0,0,0,0,(0.0_ 0.0_ 1.0)
38.78777,0,0,0,0,0,0,(0.0_ 0.0_ 1.0)
38.78777,0,0,0,0,0,0,(0.0_ 0.0_ 1.0)
38.78777,0,0,0,0,0,0,(0.0_ 0.0_ 1.0)
38.78777,0,0,0,0,0,0,(0.0_ 0.0_ 1.0)
38.78777,0,0,0,0,0,0,(0.0_ 0.0_ 1.0)
38.78777,0,0,0,0,0,0,(0.0_ 0.0_ 1.0)
38.78777,0,0,0,0,0,0,(0.0_ 0.0_ 1.0)
38.78777,0,0,0,0,0,0,(0.0_ 0.0_ 1.0)
38.78777,0,0,0,0,0,0,(0.0_ 0.0_ 1.0)
38.78777,0,0,0,0,0,0,(0.0_ 0.0_ 1.0)
38.78777,0,0,0,0,0,0,(0.0_ 0.0_ 1.0)
38.78777,0,0,0,0,0,0,(0.0_ 0.0_ 1.0)
38.78777,0,0,0,0,0,0,(0.0_ 0.0_ 1.0)
38.78777,0,0,0,0,0,0,(0.0_ 0.0_ 1.0)
38.78777,0,0,0,0,0,0,(0.0_ 0.0_ 1.0)
38.78777,0,0,0,0,0,0,(0.0_ 0.0_ 1.0)
38.78777,0,0,0,0,0,0,(0.0_ 0.0_ 1.0)
38.78777,0,0,0,0,0,0,(0.0_ 0.0_ 1.0)
38.78777,0,0,0,0,0,0,(0.0_ 0.0_ 1.0)
38.78777,0,0,0,0,0,0,(0.0_ 0.0_ 1.0)
38.78777,0,0,0,0,0,0,(0.0_ 0.0_ 1.0)
38.78777,0,0,0,0,0,0,(0.0_ 0.0_ 1.0)
38.78777,0,0,0,0,0,0,(0.0_ 0.0_ 1.0)
38.78777,0,0,0,0,0,0,(0.0_ 0.0_ 1.0)
38.78777,0,0,0,0,0,0,(0.0_ 0.0_ 1.0)
38.78777,0,0,0,0,0,0,(0.0_ 0.0_ 1.0)
38.78777,0,0,0,0,0,0,(0.0_ 0.0_ 1.0)
38.78777,0,0,0,0,0,0,(0.0_ 0.0_ 1.0)
38.78777,0,0,0,0,0,0,(0.0_ 0.0_ 1.0)
38.78777,0,0,0,0,0,0,(0.0_ 0.0_ 1.0)
38.78777,0,0,0,0,0,0,(0.0_ 0.0_ 1.0)
38.78777,0,0,0,0,0,0,(0.0_ 0.0_ 1.0)
38.78777,0,0,0,0,0,0,(0.0_ 0.0_ 1.0)
38.78777,0,0,0,0,0,0,(0.0_ 0.0_ 1.0)
38.78777,0,0,0,0,0,0,(0.0_ 0.0_ 1.0)
38.78777,0,0,0,0,0,0,(0.0_ 0.0_ 1.0)
38.78777,0,0,0,0,0,0,(0.0_ 0.0_ 1.0)
38.78777,0,0,0,0,0,0,(0.0_ 0.0_ 1.0)
38.78777,0,0,0,0,0,0,(0.0_ 0.0_ 1.0)
38.78777,0,0,0,0,0,0,(0.0_ 0.0_ 1.0)
38.78777,0,0,0,0,0,0,(0.0_ 0.0_ 1.0)
38.78777,0,0,0,0,0,0,(0.0_ 0.0_ 1.0)
38.78777,0,0,0,0,0,0,(0.0_ 0.0_ 1.0)
38.78777,0,0,0,0,0,0,(0.0_ 0.0_ 1.0)
38.78777,0,0,0,0,0,0,(0.0_ 0.0_ 1.0)
38.78777,0,0,0,0,0,0,(0.0_ 0.0_ 1.0)
38.78777,0,0,0,0,0,0,(0.0_ 0.0_ 1.0)
38.78777,0,0,0,0,0,0,(0.0_ 0.0_ 1.0)
38.78777,0,0,0,0,0,0,(0.0_ 0.0_ 1.0)
38.78777,0,0,0,0,0,0,(0.0_ 0.0_ 1.0)
38.78777,0,0,0,0,0,0,(0.0_ 0.0_ 1.0)
38.78777,0,0,0,0,0,0,(0.0_ 0.0_ 1.0)
38.78777,0,0,0,0,0,0,(0.0_ 0.0_ 1.0)
38.78777,0,0,0,0,0,0,(0.0_ 0.0_ 1.0)
38.78777,0,0,0,0,0,0,(0.0_ 0.0_ 1.0)
38.78777,0,0,0,0,0,0,(0.0_ 0.0_ 1.0)
38.78777,0,0,0,0,0,0,(0.0_ 0.0_ 1.0)
38.78777,0,0,0,0,0,0,(0.0_ 0.0_ 1.0)
38.78777,0,0,0,0,0,0,(0.0_ 0.0_ 1.0)
38.78777,0,0,0,0,0,0,(0.0_ 0.0_ 1.0)
38.78777,0,0,0,0,0,0,(0.0_ 0.0_ 1.0)
38.78777,0,0,0,0,0,0,(0.0_ 0.0_ 1.0)
38.78777,0,0,0,0,0,0,(0.0_ 0.0_ 1.0)
38.78777,0,0,0,0,0,0,(0.0_ 0.0_ 1.0)
38.78777,0,0,0,0,0,0,(0.0_ 0.0_ 1.0)
38.78777,0,0,0,0,0,0,(0.0_ 0.0_ 1.0)
38.78777,0,0,0,0,0,0,(0.0_ 0.0_ 1.0)
38.78777,0,0,0,0,0,0,(0.0_ 0.0_ 1.0)
38.78777,0,0,0,0,0,0,(0.0_ 0.0_ 1.0)
38.78777,0,0,0,0,0,0,(0.0_ 0.0_ 1.0)
38.78777,0,0,0,0,0,0,(0.0_ 0.0_ 1.0)
38.78777,0,0,0,0,0,0,(0.0_ 0.0_ 1.0)
38.78777,0,0,0,0,0,0,(0.0_ 0.0_ 1.0)
38.78777,0,0,0,0,0,0,(0.0_ 0.0_ 1.0)
38.78777,0,0,0,0,0,0,(0.0_ 0.0_ 1.0)
38.78777,0,0,0,0,0,0,(0.0_ 0.0_ 1.0)
38.78777,0,0,0,0,0,0,(0.0_ 0.0_ 1.0)
38.78777,0,0,0,0,0,0,(0.0_ 0.0_ 1.0)
38.78777,0,0,0,0,0,0,(0.0_ 0.0_ 1.0)
38.78777,0,0,0,0,0,0,(0.0_ 0.0_ 1.0)
38.78777,0,0,0,0,0,0,(0.0_ 0.0_ 1.0)
38.78777,0,0,0,0,0,0,(0.0_ 0.0_ 1.0)
38.78777,0,0,0,0,0,0,(0.0_ 0.0_ 1.0)
38.78777,0,0,0,0,0,0,(0.0_ 0.0_ 1.0)
38.78777,0,0,0,0,0,0,(0.0_ 0.0_ 1.0)
38.78777,0,0,0,0,0,0,(0.0_ 0.0_ 1.0)
38.78777,0,0,0,0,0,0,(0.0_ 0.0_ 1.0)
38.78777,0,0,0,0,0,0,(0.0_ 0.0_ 1.0)
38.78777,0,0,0,0,0,0,(0.0_ 0.0_ 1.0)
38.78777,0,0,0,0,0,0,(0.0_ 0.0_ 1.0)
38.78777,0,0,0,0,0,0,(0.0_ 0.0_ 1.0)
38.78777,0,0,0,0,0,0,(0.0_ 0.0_ 1.0)
38.78777,0,0,0,0,0,0,(0.0_ 0.0_ 1.0)
38.78777,0,0,0,0,0,0,(0.0_ 0.0_ 1.0)
38.78777,0,0,0,0,0,0,(0.0_ 0.0_ 1.0)
38.78777,0,0,0,0,0,0,(0.0_ 0.0_ 1.0)
38.78777,0,0,0,0,0,0,(0.0_ 0.0_ 1.0)
38.78777,0,0,0,0,0,0,(0.0_ 0.0_ 1.0)
38.78777,0,0,0,0,0,0,(0.0_ 0.0_ 1.0)
38.78777,0,0,0,0,0,0,(0.0_ 0.0_ 1.0)
38.78777,0,0,0,0,0,0,(0.0_ 0.0_ 1.0)
38.78777,0,0,0,0,0,0,(0.0_ 0.0_ 1.0)
38.78777,0,0,0,0,0,0,(0.0_ 0.0_ 1.0)
38.78777,0,0,0,0,0,0,(0.0_ 0.0_ 1.0)
38.78777,0,0,0,0,0,0,(0.0_ 0.0_ 1.0)
38.78777,0,0,0,0,0,0,(0.0_ 0.0_ 1.0)
38.78777,0,0,0,0,0,0,(0.0_ 0.0_ 1.0)
38.78777,0,0,0,0,0,0,(0.0_ 0.0_ 1.0)
38.78777,0,0,0,0,0,0,(0.0_ 0.0_ 1.0)
38.78777,0,0,0,0,0,0,(0.0_ 0.0_ 1.0)
38.78777,0,0,0,0,0,0,(0.0_ 0.0_ 1.0)
38.78777,0,0,0,0,0,0,(0.0_ 0.0_ 1.0)
38.78777,0,0,0,0,0,0,(0.0_ 0.0_ 1.0)
38.78777,0,0,0,0,0,0,(0.0_ 0.0_ 1.0)
38.78777,0,0,0,0,0,0,(0.0_ 0.0_ 1.0)
38.78777,0,0,0,0,0,0,(0.0_ 0.0_ 1.0)
38.78777,0,0,0,0,0,0,(0.0_ 0.0_ 1.0)
38.78777,0,0,0,0,0,0,(0.0_ 0.0_ 1.0)
38.78777,0,0,0,0,0,0,(0.0_ 0.0_ 1.0)
38.78777,0,0,0,0,0,0,(0.0_ 0.0_ 1.0)
38.78777,0,0,0,0,0,0,(0.0_ 0.0_ 1.0)
38.78777,0,0,0,0,0,0,(0.0_ 0.0_ 1.0)
38.78777,0,0,0,0,0,0,(0.0_ 0.0_ 1.0)
38.78777,0,0,0,0,0,0,(0.0_ 0.0_ 1.0)
38.78777,0,0,0,0,0,0,(0.0_ 0.0_ 1.0)
38.78777,0,0,0,0,0,0,(0.0_ 0.0_ 1.0)
38.78777,0,0,0,0,0,0,(0.0_ 0.0_ 1.0)
38.78777,0,0,0,0,0,0,(0.0_ 0.0_ 1.0)
38.78777,0,0,0,0,0,0,(0.0_ 0.0_ 1.0)
38.78777,0,0,0,0,0,0,(0.0_ 0.0_ 1.0)
38.78777,0,0,0,0,0,0,(0.0_ 0.0_ 1.0)
38.78777,0,0,0,0,0,0,(0.0_ 0.0_ 1.0)
38.78777,0,0,0,0,0,0,(0.0_ 0.0_ 1.0)
38.78777,0,0,0,0,0,0,(0.0_ 0.0_ 1.0)
38.78777,0,0,0,0,0,0,(0.0_ 0.0_ 1.0)
38.78777,0,0,0,0,0,0,(0.0_ 0.0_ 1.0)
38.78777,0,0,0,0,0,0,(0.0_ 0.0_ 1.0)
38.78777,0,0,0,0,0,0,(0.0_ 0.0_ 1.0)
38.78777,0,0,0,0,0,0,(0.0_ 0.0_ 1.0)
38.78777,0,0,0,0,0,0,(0.0_ 0.0_ 1.0)
38.78777,0,0,0,0,0,0,(0.0_ 0.0_ 1.0)
38.78777,0,0,0,0,0,0,(0.0_ 0.0_ 1.0)
38.78777,0,0,0,0,0,0,(0.0_ 0.0_ 1.0)
38.78777,0,0,0,0,0,0,(0.0_ 0.0_ 1.0)
38.78777,0,0,0,0,0,0,(0.0_ 0.0_ 1.0)
38.78777,0,0,0,0,0,0,(0.0_ 0.0_ 1.0)
38.78777,0,0,0,0,0,0,(0.0_ 0.0_ 1.0)
38.78777,0,0,0,0,0,0,(0.0_ 0.0_ 1.0)
38.78777,0,0,0,0,0,0,(0.0_ 0.0_ 1.0)
38.78777,0,0,0,0,0,0,(0.0_ 0.0_ 1.0)
38.78777,0,0,0,0,0,0,(0.0_ 0.0_ 1.0)
38.78777,0,0,0,0,0,0,(0.0_ 0.0_ 1.0)
38.78777,0,0,0,0,0,0,(0.0_ 0.0_ 1.0)
38.78777,0,0,0,0,0,0,(0.0_ 0.0_ 1.0)
38.78777,0,0,0,0,0,0,(0.0_ 0.0_ 1.0)
38.78777,0,0,0,0,0,0,(0.0_ 0.0_ 1.0)
38.78777,0,0,0,0,0,0,(0.0_ 0.0_ 1.0)
38.78777,0,0,0,0,0,0,(0.0_ 0.0_ 1.0)
38.78777,0,0,0,0,0,0,(0.0_ 0.0_ 1.0)
38.78777,0,0,0,0,0,0,(0.0_ 0.0_ 1.0)
38.78777,0,0,0,0,0,0,(0.0_ 0.0_ 1.0)
38.78777,0,0,0,0,0,0,(0.0_ 0.0_ 1.0)
38.78777,0,0,0,0,0,0,(0.0_ 0.0_ 1.0)
38.78777,0,0,0,0,0,0,(0.0_ 0.0_ 1.0)
38.78777,0,0,0,0,0,0,(0.0_ 0.0_ 1.0)
38.78777,0,0,0,0,0,0,(0.0_ 0.0_ 1.0)
38.78777,0,0,0,0,0,0,(0.0_ 0.0_ 1.0)
38.78777,0,0,0,0,0,0,(0.0_ 0.0_ 1.0)
38.78777,0,0,0,0,0,0,(0.0_ 0.0_ 1.0)
38.78777,0,0,0,0,0,0,(0.0_ 0.0_ 1.0)
38.78777,0,0,0,0,0,0,(0.0_ 0.0_ 1.0)
38.78777,0,0,0,0,0,0,(0.0_ 0.0_ 1.0)
38.78777,0,0,0,0,0,0,(0.0_ 0.0_ 1.0)
38.78777,0,0,0,0,0,0,(0.0_ 0.0_ 1.0)
38.78777,0,0,0,0,0,0,(0.0_ 0.0_ 1.0)
38.78777,0,0,0,0,0,0,(0.0_ 0.0_ 1.0)
38.78777,0,0,0,0,0,0,(0.0_ 0.0_ 1.0)
38.78777,0,0,0,0,0,0,(0.0_ 0.0_ 1.0)
38.78777,0,0,0,0,0,0,(0.0_ 0.0_ 1.0)
38.78777,0,0,0,0,0,0,(0.0_ 0.0_ 1.0)
38.78777,0,0,0,0,0,0,(0.0_ 0.0_ 1.0)
38.78777,0,0,0,0,0,0,(0.0_ 0.0_ 1.0)
38.78777,0,0,0,0,0,0,(0.0_ 0.0_ 1.0)
38.78777,0,0,0,0,0,0,(0.0_ 0.0_ 1.0)
38.78777,0,0,0,0,0,0,(0.0_ 0.0_ 1.0)
38.78777,0,0,0,0,0,0,(0.0_ 0.0_ 1.0)
38.78777,0,0,0,0,0,0,(0.0_ 0.0_ 1.0)
38.78777,0,0,0,0,0,0,(0.0_ 0.0_ 1.0)
38.78777,0,0,0,0,0,0,(0.0_ 0.0_ 1.0)
38.78777,0,0,0,0,0,0,(0.0_ 0.0_ 1.0)
38.78777,0,0,0,0,0,0,(0.0_ 0.0_ 1.0)
38.78777,0,0,0,0,0,0,(0.0_ 0.0_ 1.0)
38.78777,0,0,0,0,0,0,(0.0_ 0.0_ 1.0)
38.78777,0,0,0,0,0,0,(0.0_ 0.0_ 1.0)
38.78777,0,0,0,0,0,0,(0.0_ 0.0_ 1.0)
38.78777,0,0,0,0,0,0,(0.0_ 0.0_ 1.0)
38.78777,0,0,0,0,0,0,(0.0_ 0.0_ 1.0)
38.78777,0,0,0,0,0,0,(0.0_ 0.0_ 1.0)
38.7986,0,0,0.075748,0,0,0,(0.0_ 0.0_ 1.0)
38.81001,-0.000001,0.004003,0.155633,0.000001,0.000023,-0.000201,(0.0_ 0.0_ 1.0)
38.82116,-0.000001,0.004235,0.233701,0.000002,0.000047,-0.000389,(0.0_ 0.0_ 1.0)
38.83256,-0.000001,0.004235,0.313485,0.000002,0.000047,-0.000389,(0.0_ 0.0_ 1.0)
38.84341,0,0.004876,0.389424,0,0.000073,-0.000174,(0.0_ 0.0_ 1.0)
38.85477,0,0.004876,0.468973,0,0.000073,-0.000174,(0.0_ 0.0_ 1.0)
38.86545,0,0.005727,0.543712,0,0.000087,-0.000145,(0.0_ 0.0_ 1.0)
38.87682,0,0.005727,0.62333,0,0.000087,-0.000145,(0.0_ 0.0_ 1.0)
38.88763,0,0.006595,0.699008,0,0.000097,-0.000099,(0.0_ 0.0_ 1.0)
38.89868,0,0.006595,0.776362,0,0.000097,-0.000099,(0.0_ 0.0_ 1.0)
38.90977,0,0.007282,0.854001,0,0.000103,-0.000059,(0.0_ 0.0_ 1.0)
38.92122,0,0.007325,0.934137,0,0.000105,-0.000045,(0.0_ 0.0_ 1.0)
38.93502,0,0.007325,1.030721,0,0.000105,-0.000045,(0.0_ 0.0_ 1.0)
38.94315,0.000001,0.007432,1.087649,0,0.000108,-0.000026,(0.0_ 0.0_ 1.0)
38.95649,0.000001,0.007432,1.181048,0,0.000108,-0.000026,(0.0_ 0.0_ 1.0)
38.97082,0.000001,0.007739,1.281342,0,0.000114,-0.000026,(0.0_ 0.0_ 1.0)
38.97712,0.000001,0.007739,1.325423,0,0.000114,-0.000026,(0.0_ 0.0_ 1.0)
38.98911,0.000001,0.007858,1.409367,0,0.000117,-0.000023,(0.0_ 0.0_ 1.0)
39.0005,0.000001,0.007862,1.489114,0,0.000119,-0.000021,(0.0_ 0.0_ 1.0)
39.01113,0.000001,0.007862,1.563471,0,0.000119,-0.000021,(0.0_ 0.0_ 1.0)
39.02205,0.000002,0.007876,1.639934,0,0.000123,-0.000011,(0.0_ 0.0_ 1.0)
39.03269,0.000002,0.007876,1.714405,0,0.000123,-0.000011,(0.0_ 0.0_ 1.0)
39.04303,0.000002,0.007895,1.78681,0,0.000126,-0.000011,(0.0_ 0.0_ 1.0)
39.05461,0.000002,0.007895,1.867823,0,0.000126,-0.000011,(0.0_ 0.0_ 1.0)
39.06554,0.000002,0.007924,1.944389,0,0.000129,-0.000011,(0.0_ 0.0_ 1.0)
39.07677,0.000002,0.007924,2.02297,0,0.000129,-0.000011,(0.0_ 0.0_ 1.0)
39.08734,0.000002,0.007952,2.096942,0,0.000131,-0.000009,(0.0_ 0.0_ 1.0)
39.09935,0.000003,0.007952,2.181049,0,0.000131,-0.000009,(0.0_ 0.0_ 1.0)
39.10944,0.000003,0.007975,2.251683,0,0.000133,-0.000007,(0.0_ 0.0_ 1.0)
39.12061,0.000003,0.007975,2.329815,0,0.000134,-0.000006,(0.0_ 0.0_ 1.0)
39.13167,0.000003,0.007975,2.407282,0,0.000134,-0.000006,(0.0_ 0.0_ 1.0)
39.14518,0.000003,0.007982,2.501833,0,0.000135,-0.000007,(0.0_ 0.0_ 1.0)
39.15401,0.000004,0.007982,2.563624,0,0.000135,-0.000007,(0.0_ 0.0_ 1.0)
39.1646,0.000004,0.007986,2.637806,0,0.000137,-0.000006,(0.0_ 0.0_ 1.0)
39.17616,0.000004,0.007986,2.718684,0,0.000137,-0.000006,(0.0_ 0.0_ 1.0)
39.18685,0.000004,0.007991,2.793515,0,0.000138,-0.000007,(0.0_ 0.0_ 1.0)
39.1981,0.000004,0.007991,2.872267,0,0.000138,-0.000007,(0.0_ 0.0_ 1.0)
39.20931,0.000004,0.007995,2.950755,0,0.000139,-0.000006,(0.0_ 0.0_ 1.0)
39.22043,0.000005,0.007995,3.028576,0,0.000139,-0.000006,(0.0_ 0.0_ 1.0)
39.23154,0.000005,0.007995,3.106384,0,0.000139,-0.000006,(0.0_ 0.0_ 1.0)
39.24248,0.000005,0.007996,3.182927,0,0.00014,-0.000007,(0.0_ 0.0_ 1.0)
39.25427,0.000005,0.007996,3.265456,0,0.00014,-0.000007,(0.0_ 0.0_ 1.0)
39.26447,0.000005,0.007997,3.336873,0,0.000141,-0.000008,(0.0_ 0.0_ 1.0)
39.27619,0.000006,0.007997,3.418901,0,0.000141,-0.000008,(0.0_ 0.0_ 1.0)
39.28705,0.000006,0.007998,3.494938,0.000001,0.000142,-0.000007,(0.0_ 0.0_ 1.0)
39.29833,0.000006,0.007998,3.573888,0.000001,0.000142,-0.000007,(0.0_ 0.0_ 1.0)
39.30948,0.000006,0.007999,3.651955,0,0.000142,-0.000006,(0.0_ 0.0_ 1.0)
39.32068,0.000006,0.007999,3.730367,0,0.000143,-0.000006,(0.0_ 0.0_ 1.0)
39.3316,0.000007,0.007999,3.806817,0,0.000143,-0.000006,(0.0_ 0.0_ 1.0)
39.34256,0.000007,0.007999,3.883472,0.000001,0.000144,-0.000005,(0.0_ 0.0_ 1.0)
39.35637,0.000007,0.007999,3.980143,0.000001,0.000144,-0.000005,(0.0_ 0.0_ 1.0)
39.36478,0.000007,0.007999,4.039051,0,0.000144,-0.000006,(0.0_ 0.0_ 1.0)
39.37605,0.000007,0.007999,4.117924,0,0.000144,-0.000006,(0.0_ 0.0_ 1.0)
39.38677,0.000007,0.008,4.192955,0,0.000145,-0.000008,(0.0_ 0.0_ 1.0)
39.39809,0.000008,0.008,4.272192,0,0.000145,-0.000008,(0.0_ 0.0_ 1.0)
39.40933,0.000008,0.008,4.350903,0,0.000146,-0.000007,(0.0_ 0.0_ 1.0)
39.42028,0.000008,0.008,4.42753,0,0.000146,-0.000006,(0.0_ 0.0_ 1.0)
39.43169,0.000008,0.008,4.507439,0,0.000146,-0.000006,(0.0_ 0.0_ 1.0)
39.44244,0.000008,0.008,4.582668,0,0.000147,-0.000007,(0.0_ 0.0_ 1.0)
39.45385,0.000009,0.008,4.66256,0,0.000147,-0.000007,(0.0_ 0.0_ 1.0)
39.46452,0.000009,0.008,4.737225,0,0.000148,-0.000008,(0.0_ 0.0_ 1.0)
39.47588,0.000009,0.008,4.816708,0,0.000148,-0.000008,(0.0_ 0.0_ 1.0)
39.48688,0.000009,0.008,4.893742,0,0.000149,-0.000006,(0.0_ 0.0_ 1.0)
39.49825,0.000009,0.008,4.973301,0,0.000149,-0.000006,(0.0_ 0.0_ 1.0)
39.50955,0.00001,0.008,5.052407,0,0.000149,-0.000005,(0.0_ 0.0_ 1.0)
39.52053,0.00001,0.007999,5.129323,0.000001,0.00015,0.000073,(0.0_ 0.0_ 1.0)
39.5316,0.00001,0.007999,5.206772,0.000001,0.00015,0.000073,(0.0_ 0.0_ 1.0)
39.54252,0.00001,0.007998,5.28322,0.000027,0.000145,0.00243,(0.0_ 0.0_ 1.0)
39.55451,0.00001,0.007998,5.367168,0.000027,0.000145,0.00243,(0.0_ 0.0_ 1.0)
39.56772,0.000011,0.007988,5.459643,0.000044,0.000154,0.000257,(0.0_ 0.0_ 1.0)
39.57641,0.000011,0.007988,5.520462,0.000044,0.000154,0.000257,(0.0_ 0.0_ 1.0)
39.58728,0.000011,0.007985,5.596563,0.000045,0.000159,0.000732,(0.0_ 0.0_ 1.0)
39.59822,0.000011,0.007985,5.673099,0.000045,0.000159,0.000732,(0.0_ 0.0_ 1.0)
39.60916,0.000012,0.00798,5.749679,0.000046,0.000163,-0.00002,(0.0_ 0.0_ 1.0)
39.62066,0.000012,0.00798,5.830228,0.000054,0.000165,0.001928,(0.0_ 0.0_ 1.0)
39.63161,0.000012,0.00798,5.906868,0.000054,0.000165,0.001928,(0.0_ 0.0_ 1.0)
39.64231,0.000012,0.00798,5.981793,0.000044,0.00016,-0.00152,(0.0_ 0.0_ 1.0)
39.65398,0.000012,0.00798,6.063476,0.000044,0.00016,-0.00152,(0.0_ 0.0_ 1.0)
39.66498,0.000013,0.007979,6.140456,0.000051,0.000163,0.001041,(0.0_ 0.0_ 1.0)
39.676,0.000013,0.007979,6.217585,0.000051,0.000163,0.001041,(0.0_ 0.0_ 1.0)
39.68676,0.000013,0.007977,6.292906,0.000046,0.00016,-0.000629,(0.0_ 0.0_ 1.0)
39.69818,0.000013,0.007977,6.372855,0.000046,0.00016,-0.000629,(0.0_ 0.0_ 1.0)
39.70901,0.000013,0.007976,6.448686,0.00005,0.00016,0.000215,(0.0_ 0.0_ 1.0)
39.72046,0.000014,0.007976,6.528807,0.000042,0.000155,-0.001949,(0.0_ 0.0_ 1.0)
39.73159,0.000014,0.007976,6.606711,0.000042,0.000155,-0.001949,(0.0_ 0.0_ 1.0)
39.74272,0.000014,0.007976,6.684615,0.000054,0.00016,0.001522,(0.0_ 0.0_ 1.0)
39.75372,0.000014,0.007976,6.761648,0.000054,0.00016,0.001522,(0.0_ 0.0_ 1.0)
39.76462,0.000015,0.007976,6.837896,0.000045,0.000154,-0.001099,(0.0_ 0.0_ 1.0)
39.77906,0.000015,0.007976,6.939044,0.000045,0.000154,-0.001099,(0.0_ 0.0_ 1.0)
39.78686,0.000015,0.007976,6.99362,0.000051,0.000156,0.000659,(0.0_ 0.0_ 1.0)
39.79824,0.000015,0.007975,7.07324,0.000051,0.000156,0.000659,(0.0_ 0.0_ 1.0)
39.80923,0.000015,0.007975,7.150191,0.000048,0.000153,-0.000149,(0.0_ 0.0_ 1.0)
39.82058,0.000016,0.007975,7.22968,0.000055,0.000156,0.001968,(0.0_ 0.0_ 1.0)
39.8314,0.000016,0.007975,7.30539,0.000055,0.000156,0.001968,(0.0_ 0.0_ 1.0)
39.84238,0.000016,0.007975,7.382249,0.000043,0.000147,-0.001578,(0.0_ 0.0_ 1.0)
39.85405,0.000016,0.007975,7.463965,0.000043,0.000147,-0.001578,(0.0_ 0.0_ 1.0)
39.86452,0.000016,0.007975,7.537239,0.000053,0.000151,0.001149,(0.0_ 0.0_ 1.0)
39.87666,0.000017,0.007975,7.622231,0.000053,0.000151,0.001149,(0.0_ 0.0_ 1.0)
39.88692,0.000017,0.007975,7.694051,0.000047,0.000146,-0.000632,(0.0_ 0.0_ 1.0)
39.89835,0.000017,0.007975,7.774066,0.000047,0.000146,-0.000632,(0.0_ 0.0_ 1.0)
39.90914,0.000017,0.007975,7.849541,0.00005,0.000146,0.00019,(0.0_ 0.0_ 1.0)
39.92055,0.000018,0.007975,7.929452,0.000043,0.000141,-0.001961,(0.0_ 0.0_ 1.0)
39.9316,0.000018,0.007975,8.006761,0.000043,0.000141,-0.001961,(0.0_ 0.0_ 1.0)
39.94282,0.000018,0.007975,8.085307,0.000054,0.000147,0.001507,(0.0_ 0.0_ 1.0)
39.9538,0.000018,0.007975,8.162212,0.000054,0.000147,0.001507,(0.0_ 0.0_ 1.0)
39.96478,0.000018,0.007975,8.239032,0.000046,0.00014,-0.001081,(0.0_ 0.0_ 1.0)
39.97848,0.000019,0.007975,8.334962,0.000046,0.00014,-0.001081,(0.0_ 0.0_ 1.0)
39.98666,0.000019,0.007975,8.392166,0.000052,0.000142,0.000707,(0.0_ 0.0_ 1.0)
39.99837,0.000019,0.007975,8.474199,0.000052,0.000142,0.000707,(0.0_ 0.0_ 1.0)
40.00956,0.000019,0.007975,8.552467,0.00005,0.000139,-0.000085,(0.0_ 0.0_ 1.0)
40.02045,0.000019,0.007975,8.628712,0.000057,0.000143,0.002003,(0.0_ 0.0_ 1.0)
40.03196,0.00002,0.007975,8.709316,0.000057,0.000143,0.002003,(0.0_ 0.0_ 1.0)
40.04264,0.00002,0.007975,8.784093,0.000043,0.000134,-0.001526,(0.0_ 0.0_ 1.0)
40.054,0.00002,0.007975,8.863602,0.000043,0.000134,-0.001526,(0.0_ 0.0_ 1.0)
40.0648,0.00002,0.007975,8.939201,0.000053,0.000138,0.001095,(0.0_ 0.0_ 1.0)
40.07642,0.00002,0.007975,9.020514,0.000053,0.000138,0.001095,(0.0_ 0.0_ 1.0)
40.08699,0.000021,0.007975,9.094488,0.000047,0.000133,-0.00062,(0.0_ 0.0_ 1.0)
40.09835,0.000021,0.007975,9.174004,0.000047,0.000133,-0.00062,(0.0_ 0.0_ 1.0)
40.10952,0.000021,0.007975,9.252212,0.000049,0.000133,0.00011,(0.0_ 0.0_ 1.0)
40.12084,0.000021,0.007975,9.33148,0.000043,0.000128,-0.001904,(0.0_ 0.0_ 1.0)
40.13171,0.000021,0.007975,9.407558,0.000043,0.000128,-0.001904,(0.0_ 0.0_ 1.0)
40.14266,0.000021,0.007975,9.48418,0.000054,0.000134,0.001539,(0.0_ 0.0_ 1.0)
40.15407,0.000022,0.007975,9.564048,0.000054,0.000134,0.001539,(0.0_ 0.0_ 1.0)
40.1654,0.000022,0.007975,9.643366,0.000047,0.000127,-0.000952,(0.0_ 0.0_ 1.0)
40.17926,0.000022,0.007975,9.7404,0.000047,0.000127,-0.000952,(0.0_ 0.0_ 1.0)
40.18689,0.000022,0.007975,9.793783,0.000051,0.000129,0.00066,(0.0_ 0.0_ 1.0)
40.19835,0.000022,0.007975,9.874049,0.000051,0.000129,0.00066,(0.0_ 0.0_ 1.0)
40.20938,0.000023,0.007975,9.951223,0.000049,0.000126,-0.000121,(0.0_ 0.0_ 1.0)
40.22046,0.000023,0.007975,10.02879,0.000056,0.000129,0.002002,(0.0_ 0.0_ 1.0)
40.23156,0.000023,0.007975,10.10654,0.000056,0.000129,0.002002,(0.0_ 0.0_ 1.0)
40.24285,0.000023,0.007975,10.18554,0.000044,0.000121,-0.001483,(0.0_ 0.0_ 1.0)
40.25418,0.000023,0.007975,10.26484,0.000044,0.000121,-0.001483,(0.0_ 0.0_ 1.0)
40.26496,0.000023,0.007975,10.34031,0.000052,0.000124,0.001062,(0.0_ 0.0_ 1.0)
40.27632,0.000024,0.007975,10.41983,0.000052,0.000124,0.001062,(0.0_ 0.0_ 1.0)
40.29198,0.000024,0.007975,10.52943,0.000052,0.000121,0.000423,(0.0_ 0.0_ 1.0)
40.29838,0.000024,0.007975,10.57424,0.000052,0.000121,0.000423,(0.0_ 0.0_ 1.0)
40.31044,0.000024,0.007975,10.65863,0.000049,0.000119,-0.000081,(0.0_ 0.0_ 1.0)
40.32186,0.000024,0.007975,10.7386,0.000043,0.000115,-0.00169,(0.0_ 0.0_ 1.0)
40.33269,0.000024,0.007975,10.81439,0.000043,0.000115,-0.00169,(0.0_ 0.0_ 1.0)
40.34373,0.000025,0.007975,10.89167,0.000053,0.00012,0.001317,(0.0_ 0.0_ 1.0)
40.35474,0.000025,0.007975,10.96877,0.000053,0.00012,0.001317,(0.0_ 0.0_ 1.0)
40.36538,0.000025,0.007975,11.04326,0.000047,0.000114,-0.000954,(0.0_ 0.0_ 1.0)
40.37677,0.000025,0.007975,11.12295,0.000047,0.000114,-0.000954,(0.0_ 0.0_ 1.0)
40.39001,0.000025,0.007975,11.21564,0.000049,0.000114,0.000008,(0.0_ 0.0_ 1.0)
40.39854,0.000025,0.007975,11.27533,0.000049,0.000114,0.000008,(0.0_ 0.0_ 1.0)
40.40977,0.000026,0.007975,11.35397,0.000049,0.000112,-0.00004,(0.0_ 0.0_ 1.0)
40.42085,0.000026,0.007975,11.43149,0.000055,0.000116,0.001919,(0.0_ 0.0_ 1.0)
40.43166,0.000026,0.007975,11.50717,0.000055,0.000116,0.001919,(0.0_ 0.0_ 1.0)
40.44279,0.000026,0.007975,11.58514,0.000045,0.000107,-0.001495,(0.0_ 0.0_ 1.0)
40.45412,0.000026,0.007975,11.6644,0.000045,0.000107,-0.001495,(0.0_ 0.0_ 1.0)
40.4647,0.000026,0.007975,11.7385,0.000053,0.000111,0.001114,(0.0_ 0.0_ 1.0)
40.47624,0.000026,0.007975,11.81928,0.000053,0.000111,0.001114,(0.0_ 0.0_ 1.0)
40.48725,0.000027,0.007975,11.89631,0.000048,0.000106,-0.000565,(0.0_ 0.0_ 1.0)
40.49855,0.000027,0.007975,11.97545,0.000048,0.000106,-0.000565,(0.0_ 0.0_ 1.0)
40.5093,0.000027,0.007975,12.0507,0.000051,0.000106,0.000156,(0.0_ 0.0_ 1.0)
40.52077,0.000027,0.007975,12.13102,0.000044,0.000101,-0.001917,(0.0_ 0.0_ 1.0)
40.53168,0.000027,0.007975,12.20733,0.000044,0.000101,-0.001917,(0.0_ 0.0_ 1.0)
40.5428,0.000027,0.007975,12.28518,0.000055,0.000107,0.001512,(0.0_ 0.0_ 1.0)
40.55393,0.000027,0.007975,12.36308,0.000055,0.000107,0.001512,(0.0_ 0.0_ 1.0)
40.56477,0.000028,0.007975,12.43896,0.000047,0.0001,-0.001083,(0.0_ 0.0_ 1.0)
40.57606,0.000028,0.007975,12.51798,0.000047,0.0001,-0.001083,(0.0_ 0.0_ 1.0)
40.58693,0.000028,0.007975,12.59412,0.000051,0.000102,0.00065,(0.0_ 0.0_ 1.0)
40.60107,0.000028,0.007975,12.69308,0.000043,0.000096,-0.001857,(0.0_ 0.0_ 1.0)
40.60933,0.000028,0.007975,12.75089,0.000043,0.000096,-0.001857,(0.0_ 0.0_ 1.0)
40.62031,0.000028,0.007975,12.82778,0.000055,0.000102,0.002031,(0.0_ 0.0_ 1.0)
40.63177,0.000028,0.007974,12.90799,0.000055,0.000102,0.002031,(0.0_ 0.0_ 1.0)
40.64247,0.000029,0.007975,12.98289,0.000045,0.000094,-0.001563,(0.0_ 0.0_ 1.0)
40.65445,0.000029,0.007974,13.06673,0.000045,0.000094,-0.001563,(0.0_ 0.0_ 1.0)
40.66472,0.000029,0.007975,13.13862,0.000052,0.000098,0.001113,(0.0_ 0.0_ 1.0)
40.67651,0.000029,0.007974,13.22118,0.000052,0.000098,0.001113,(0.0_ 0.0_ 1.0)
40.68708,0.000029,0.007975,13.29518,0.000047,0.000093,-0.000603,(0.0_ 0.0_ 1.0)
40.69826,0.000029,0.007975,13.37341,0.000047,0.000093,-0.000603,(0.0_ 0.0_ 1.0)
40.70909,0.000029,0.007975,13.44923,0.00005,0.000093,0.000197,(0.0_ 0.0_ 1.0)
40.72094,0.000029,0.007975,13.53214,0.000043,0.000088,-0.001887,(0.0_ 0.0_ 1.0)
40.73159,0.00003,0.007975,13.6067,0.000043,0.000088,-0.001887,(0.0_ 0.0_ 1.0)
40.74249,0.00003,0.007975,13.68301,0.000054,0.000093,0.001575,(0.0_ 0.0_ 1.0)
40.75407,0.00003,0.007975,13.76406,0.000054,0.000093,0.001575,(0.0_ 0.0_ 1.0)
40.76492,0.00003,0.007975,13.84005,0.000047,0.000086,-0.001052,(0.0_ 0.0_ 1.0)
40.77608,0.00003,0.007975,13.91816,0.000047,0.000086,-0.001052,(0.0_ 0.0_ 1.0)
40.78692,0.00003,0.007975,13.99404,0.000052,0.000088,0.000652,(0.0_ 0.0_ 1.0)
40.79822,0.00003,0.007975,14.07313,0.000052,0.000088,0.000652,(0.0_ 0.0_ 1.0)
40.81169,0.000031,0.007975,14.16742,0.00005,0.000086,0.000361,(0.0_ 0.0_ 1.0)
40.82064,0.000031,0.007975,14.23006,0.000055,0.000089,0.001963,(0.0_ 0.0_ 1.0)
40.83172,0.000031,0.007975,14.30764,0.000055,0.000089,0.001963,(0.0_ 0.0_ 1.0)
40.84261,0.000031,0.007975,14.38387,0.000044,0.00008,-0.001532,(0.0_ 0.0_ 1.0)
40.85421,0.000031,0.007975,14.46508,0.000044,0.00008,-0.001532,(0.0_ 0.0_ 1.0)
40.86477,0.000031,0.007975,14.53895,0.000053,0.000084,0.001101,(0.0_ 0.0_ 1.0)
40.87681,0.000031,0.007975,14.62326,0.000053,0.000084,0.001101,(0.0_ 0.0_ 1.0)
40.88658,0.000031,0.007975,14.69163,0.000047,0.000079,-0.000707,(0.0_ 0.0_ 1.0)
40.89808,0.000032,0.007975,14.77213,0.000047,0.000079,-0.000707,(0.0_ 0.0_ 1.0)
40.90864,0.000032,0.007975,14.84608,0.000051,0.000079,0.000292,(0.0_ 0.0_ 1.0)
40.92033,0.000032,0.007975,14.92788,0.000042,0.000074,-0.002012,(0.0_ 0.0_ 1.0)
40.93134,0.000032,0.007975,15.00493,0.000042,0.000074,-0.002012,(0.0_ 0.0_ 1.0)
40.94237,0.000032,0.007975,15.08218,0.000055,0.00008,0.0016,(0.0_ 0.0_ 1.0)
40.95371,0.000032,0.007975,15.16155,0.000055,0.00008,0.0016,(0.0_ 0.0_ 1.0)
40.96476,0.000032,0.007975,15.23888,0.000045,0.000073,-0.001086,(0.0_ 0.0_ 1.0)
40.97646,0.000032,0.007975,15.32077,0.000045,0.000073,-0.001086,(0.0_ 0.0_ 1.0)
40.98691,0.000032,0.007975,15.39394,0.000052,0.000075,0.000655,(0.0_ 0.0_ 1.0)
40.99825,0.000032,0.007975,15.47335,0.000052,0.000075,0.000655,(0.0_ 0.0_ 1.0)
41.01164,0.000033,0.007975,15.56709,0.00005,0.000073,0.000352,(0.0_ 0.0_ 1.0)
41.02084,0.000033,0.007975,15.63145,0.000056,0.000075,0.001922,(0.0_ 0.0_ 1.0)
41.03149,0.000033,0.007975,15.70601,0.000056,0.000075,0.001922,(0.0_ 0.0_ 1.0)
41.04276,0.000033,0.007975,15.78489,0.000044,0.000067,-0.0015,(0.0_ 0.0_ 1.0)
41.05421,0.000033,0.007975,15.86506,0.000044,0.000067,-0.0015,(0.0_ 0.0_ 1.0)
41.0647,0.000033,0.007975,15.93848,0.000052,0.000071,0.001116,(0.0_ 0.0_ 1.0)
41.07629,0.000033,0.007975,16.01962,0.000052,0.000071,0.001116,(0.0_ 0.0_ 1.0)
41.0868,0.000033,0.007975,16.09318,0.000047,0.000066,-0.00066,(0.0_ 0.0_ 1.0)
41.09821,0.000033,0.007975,16.17302,0.000047,0.000066,-0.00066,(0.0_ 0.0_ 1.0)
41.10939,0.000033,0.007975,16.25129,0.00005,0.000066,0.000138,(0.0_ 0.0_ 1.0)
41.12071,0.000034,0.007975,16.33057,0.000043,0.000061,-0.00193,(0.0_ 0.0_ 1.0)
41.13195,0.000034,0.007975,16.40922,0.000043,0.000061,-0.00193,(0.0_ 0.0_ 1.0)
41.14233,0.000034,0.007975,16.48192,0.000056,0.000066,0.001608,(0.0_ 0.0_ 1.0)
41.154,0.000034,0.007975,16.56359,0.000056,0.000066,0.001608,(0.0_ 0.0_ 1.0)
41.16489,0.000034,0.007975,16.63983,0.000045,0.00006,-0.001056,(0.0_ 0.0_ 1.0)
41.17622,0.000034,0.007975,16.71916,0.000045,0.00006,-0.001056,(0.0_ 0.0_ 1.0)
41.18703,0.000034,0.007975,16.79479,0.000052,0.000061,0.00063,(0.0_ 0.0_ 1.0)
41.19845,0.000034,0.007975,16.87475,0.000052,0.000061,0.00063,(0.0_ 0.0_ 1.0)
41.21188,0.000034,0.007975,16.96877,0.000051,0.000059,0.000402,(0.0_ 0.0_ 1.0)
41.22052,0.000034,0.007975,17.02924,0.000055,0.000062,0.001988,(0.0_ 0.0_ 1.0)
41.2317,0.000035,0.007975,17.10749,0.000055,0.000062,0.001988,(0.0_ 0.0_ 1.0)
41.24261,0.000035,0.007975,17.18385,0.000045,0.000053,-0.001535,(0.0_ 0.0_ 1.0)
41.254,0.000035,0.007975,17.26361,0.000045,0.000053,-0.001535,(0.0_ 0.0_ 1.0)
41.26503,0.000035,0.007975,17.34079,0.000054,0.000057,0.001046,(0.0_ 0.0_ 1.0)
41.27655,0.000035,0.007975,17.42145,0.000054,0.000057,0.001046,(0.0_ 0.0_ 1.0)
41.28716,0.000035,0.007975,17.4957,0.000047,0.000052,-0.000586,(0.0_ 0.0_ 1.0)
41.29848,0.000035,0.007975,17.57494,0.000047,0.000052,-0.000586,(0.0_ 0.0_ 1.0)
41.30939,0.000035,0.007975,17.65129,0.00005,0.000052,0.000137,(0.0_ 0.0_ 1.0)
41.32087,0.000035,0.007975,17.7317,0.000044,0.000047,-0.001898,(0.0_ 0.0_ 1.0)
41.33191,0.000035,0.007975,17.80893,0.000044,0.000047,-0.001898,(0.0_ 0.0_ 1.0)
41.34275,0.000035,0.007975,17.88483,0.000056,0.000053,0.001521,(0.0_ 0.0_ 1.0)
41.35415,0.000035,0.007975,17.96465,0.000056,0.000053,0.001521,(0.0_ 0.0_ 1.0)
41.36486,0.000035,0.007975,18.0396,0.000046,0.000046,-0.001064,(0.0_ 0.0_ 1.0)
41.37661,0.000035,0.007975,18.12181,0.000046,0.000046,-0.001064,(0.0_ 0.0_ 1.0)
41.38716,0.000035,0.007975,18.19571,0.000051,0.000048,0.000603,(0.0_ 0.0_ 1.0)
41.39858,0.000036,0.007975,18.27563,0.000051,0.000048,0.000603,(0.0_ 0.0_ 1.0)
41.41199,0.000036,0.007975,18.36948,0.00005,0.000046,0.000423,(0.0_ 0.0_ 1.0)
41.42073,0.000036,0.007975,18.43066,0.000056,0.000048,0.001945,(0.0_ 0.0_ 1.0)
41.43209,0.000036,0.007975,18.51026,0.000056,0.000048,0.001945,(0.0_ 0.0_ 1.0)
41.44259,0.000036,0.007975,18.58373,0.000044,0.00004,-0.001535,(0.0_ 0.0_ 1.0)
41.454,0.000036,0.007975,18.66357,0.000044,0.00004,-0.001535,(0.0_ 0.0_ 1.0)
41.46485,0.000036,0.007975,18.73952,0.000052,0.000044,0.001085,(0.0_ 0.0_ 1.0)
41.47674,0.000036,0.007975,18.82275,0.000052,0.000044,0.001085,(0.0_ 0.0_ 1.0)
41.48753,0.000036,0.007975,18.89833,0.000047,0.000039,-0.000506,(0.0_ 0.0_ 1.0)
41.499,0.000036,0.007975,18.97856,0.000047,0.000039,-0.000506,(0.0_ 0.0_ 1.0)
41.50937,0.000036,0.007975,19.05116,0.000049,0.000039,0.000141,(0.0_ 0.0_ 1.0)
41.5206,0.000036,0.007975,19.12982,0.000043,0.000034,-0.001954,(0.0_ 0.0_ 1.0)
41.53191,0.000036,0.007975,19.20897,0.000043,0.000034,-0.001954,(0.0_ 0.0_ 1.0)
41.54264,0.000036,0.007975,19.28407,0.000054,0.000039,0.001542,(0.0_ 0.0_ 1.0)
41.55389,0.000036,0.007975,19.36283,0.000054,0.000039,0.001542,(0.0_ 0.0_ 1.0)
41.56504,0.000037,0.007975,19.44087,0.000045,0.000033,-0.001027,(0.0_ 0.0_ 1.0)
41.57653,0.000037,0.007975,19.52131,0.000045,0.000033,-0.001027,(0.0_ 0.0_ 1.0)
41.58735,0.000037,0.007975,19.597,0.000051,0.000034,0.000563,(0.0_ 0.0_ 1.0)
41.59945,0.000037,0.007975,19.68173,0.000051,0.000034,0.000563,(0.0_ 0.0_ 1.0)
41.61625,0.000037,0.007975,19.79933,0.000054,0.000034,0.001313,(0.0_ 0.0_ 1.0)
41.62178,0.000037,0.007975,19.83806,0.000055,0.000034,0.001724,(0.0_ 0.0_ 1.0)
41.63321,0.000037,0.007975,19.91808,0.000055,0.000034,0.001724,(0.0_ 0.0_ 1.0)
41.6436,0.000037,0.007975,19.99076,0.000044,0.000027,-0.001326,(0.0_ 0.0_ 1.0)
41.65462,0.000037,0.007975,20.06796,0.000044,0.000027,-0.001326,(0.0_ 0.0_ 1.0)
41.66548,0.000037,0.007975,20.14392,0.000052,0.00003,0.000954,(0.0_ 0.0_ 1.0)
41.6772,0.00004,0.007975,20.22595,0.000052,0.000067,0.000954,(0.0_ 0.0_ 1.0)
41.68796,0.000045,0.007985,20.30132,0.000031,0.000149,0.000535,(0.0_ 0.0_ 1.0)
41.69898,0.000054,0.007985,20.37846,0.000031,0.000254,0.000535,(0.0_ 0.0_ 1.0)
41.70987,0.000065,0.007992,20.45467,0.000016,0.000396,0.000266,(0.0_ 0.0_ 1.0)
41.72091,0.000078,0.007993,20.53194,0.000015,0.000567,0.000254,(0.0_ 0.0_ 1.0)
41.73209,0.000095,0.007993,20.61021,0.000015,0.000772,0.000254,(0.0_ 0.0_ 1.0)
41.74313,0.000114,0.007994,20.68751,0.000013,0.00101,0.000214,(0.0_ 0.0_ 1.0)
41.75404,0.000136,0.007994,20.76387,0.000013,0.001279,0.000214,(0.0_ 0.0_ 1.0)
41.76513,0.000161,0.007995,20.84152,0.00001,0.00158,0.000158,(0.0_ 0.0_ 1.0)
41.77655,0.00019,0.007995,20.92147,0.00001,0.001914,0.000158,(0.0_ 0.0_ 1.0)
41.78721,0.00022,0.007997,20.99604,0.000007,0.002278,0.0001,(0.0_ 0.0_ 1.0)
41.79841,0.000254,0.007997,21.07449,0.000007,0.002673,0.0001,(0.0_ 0.0_ 1.0)
41.8093,0.00029,0.007998,21.15069,0.000004,0.0031,0.000052,(0.0_ 0.0_ 1.0)
41.82303,0.00034,0.007999,21.24678,0.000003,0.003562,0.000043,(0.0_ 0.0_ 1.0)
41.83157,0.000372,0.007999,21.30654,0.000003,0.004048,0.000043,(0.0_ 0.0_ 1.0)
41.84275,0.000418,0.007999,21.38481,0.000003,0.004564,0.000036,(0.0_ 0.0_ 1.0)
41.85369,0.000466,0.007999,21.46143,0.000003,0.005108,0.000036,(0.0_ 0.0_ 1.0)
41.86487,0.000518,0.007999,21.53969,0.000002,0.005682,0.000026,(0.0_ 0.0_ 1.0)
41.8762,0.000574,0.007999,21.61901,0.000002,0.006285,0.000026,(0.0_ 0.0_ 1.0)
41.88705,0.00063,0.007999,21.69491,0.000001,0.006916,0.000016,(0.0_ 0.0_ 1.0)
41.8988,0.000694,0.007999,21.77717,0.000001,0.007576,0.000016,(0.0_ 0.0_ 1.0)
41.90924,0.000754,0.008,21.85029,0.000001,0.008263,0.000005,(0.0_ 0.0_ 1.0)
41.92094,0.000824,0.008,21.93216,0.000001,0.008978,0.000005,(0.0_ 0.0_ 1.0)
41.93174,0.000892,0.008,22.00778,0.000001,0.00972,0.000005,(0.0_ 0.0_ 1.0)
41.94241,0.000962,0.008,22.08244,0.000001,0.010488,0.000003,(0.0_ 0.0_ 1.0)
41.95392,0.001041,0.008,22.16302,0.000001,0.011283,0.000003,(0.0_ 0.0_ 1.0)
41.96464,0.001117,0.008,22.23804,0,0.012103,0.000002,(0.0_ 0.0_ 1.0)
41.97709,0.00121,0.008,22.3252,0,0.012952,0.000002,(0.0_ 0.0_ 1.0)
41.98726,0.001288,0.008,22.39638,0,0.013826,-0.000001,(0.0_ 0.0_ 1.0)
41.99841,0.001377,0.008,22.47447,0,0.014724,-0.000001,(0.0_ 0.0_ 1.0)
42.00926,0.001467,0.008,22.55041,0,0.015647,-0.000002,(0.0_ 0.0_ 1.0)
42.02063,0.001564,0.008,22.62997,0,0.016595,-0.000003,(0.0_ 0.0_ 1.0)
42.03485,0.00169,0.008,22.72953,0,0.017575,-0.000003,(0.0_ 0.0_ 1.0)
42.04241,0.001759,0.007996,22.78245,0.000003,0.018571,0.000349,(0.0_ 0.0_ 1.0)
42.05412,0.001869,0.007996,22.8644,0.000003,0.019592,0.000349,(0.0_ 0.0_ 1.0)
42.06458,0.001971,0.00799,22.93762,0.00001,0.020637,-0.000247,(0.0_ 0.0_ 1.0)
42.07634,0.002088,0.00799,23.01997,0.00001,0.021706,-0.000247,(0.0_ 0.0_ 1.0)
42.08703,0.002198,0.007994,23.09482,0.000007,0.022803,-0.000205,(0.0_ 0.0_ 1.0)
42.09832,0.002318,0.007994,23.17385,0.000007,0.023917,-0.000205,(0.0_ 0.0_ 1.0)
42.10947,0.002439,0.007997,23.25191,0.000003,0.025055,-0.000114,(0.0_ 0.0_ 1.0)
42.12049,0.002562,0.007997,23.32899,0.000003,0.026214,-0.000111,(0.0_ 0.0_ 1.0)
42.13169,0.002691,0.007997,23.40741,0.000003,0.027396,-0.000111,(0.0_ 0.0_ 1.0)
42.14252,0.002818,0.007997,23.4832,0.000003,0.028599,-0.000098,(0.0_ 0.0_ 1.0)
42.15403,0.002957,0.007997,23.56382,0.000003,0.029825,-0.000098,(0.0_ 0.0_ 1.0)
42.16504,0.003093,0.007998,23.64087,0.000002,0.031072,-0.000075,(0.0_ 0.0_ 1.0)
42.17633,0.003236,0.007998,23.71989,0.000002,0.03234,-0.000075,(0.0_ 0.0_ 1.0)
42.18721,0.003378,0.007999,23.79602,0.000001,0.033629,-0.00005,(0.0_ 0.0_ 1.0)
42.1983,0.003525,0.007999,23.87368,0.000001,0.034939,-0.00005,(0.0_ 0.0_ 1.0)
42.20945,0.003676,0.007999,23.95176,0,0.036269,-0.00003,(0.0_ 0.0_ 1.0)
42.22062,0.003831,0.007999,24.02988,0,0.03762,-0.000029,(0.0_ 0.0_ 1.0)
42.23188,0.00399,0.007999,24.10873,0,0.038979,-0.000029,(0.0_ 0.0_ 1.0)
42.24558,0.004187,0.008,24.20465,0,0.040349,-0.000023,(0.0_ 0.0_ 1.0)
42.25394,0.004309,0.008,24.26317,0,0.041724,-0.000023,(0.0_ 0.0_ 1.0)
42.26463,0.004466,0.008,24.338,0,0.043107,-0.000019,(0.0_ 0.0_ 1.0)
42.27639,0.004643,0.008,24.42032,0,0.044499,-0.000019,(0.0_ 0.0_ 1.0)
42.28715,0.004807,0.008,24.49562,0,0.045898,-0.000015,(0.0_ 0.0_ 1.0)
42.29882,0.004987,0.008,24.57735,0,0.047305,-0.000015,(0.0_ 0.0_ 1.0)
42.30943,0.005154,0.008,24.6516,0,0.04872,-0.000011,(0.0_ 0.0_ 1.0)
42.32098,0.005337,0.007998,24.73241,0.000001,0.050143,0.000132,(0.0_ 0.0_ 1.0)
42.33168,0.00551,0.007998,24.80738,0.000001,0.051573,0.000132,(0.0_ 0.0_ 1.0)
42.34261,0.005689,0.007998,24.88383,0.000001,0.053008,0.000133,(0.0_ 0.0_ 1.0)
42.3539,0.005876,0.007998,24.96288,0.000001,0.054452,0.000133,(0.0_ 0.0_ 1.0)
42.36469,0.006057,0.00799,25.03837,0.000006,0.055905,-0.0006,(0.0_ 0.0_ 1.0)
42.37603,0.006251,0.00799,25.11782,0.000006,0.057364,-0.0006,(0.0_ 0.0_ 1.0)
42.38701,0.00644,0.007994,25.19467,0.000005,0.058838,-0.000453,(0.0_ 0.0_ 1.0)
42.39865,0.006644,0.007993,25.27612,0.000005,0.060311,-0.000453,(0.0_ 0.0_ 1.0)
42.40935,0.006834,0.007997,25.35106,0.000002,0.061791,-0.000249,(0.0_ 0.0_ 1.0)
42.4207,0.007038,0.007997,25.43048,0.000002,0.063278,-0.000241,(0.0_ 0.0_ 1.0)
42.43171,0.007238,0.007997,25.50753,0.000002,0.064772,-0.000241,(0.0_ 0.0_ 1.0)
42.4426,0.007438,0.007997,25.58375,0.000002,0.066272,-0.000211,(0.0_ 0.0_ 1.0)
42.45702,0.007708,0.007997,25.68474,0.000002,0.067782,-0.000211,(0.0_ 0.0_ 1.0)
42.46451,0.007849,0.007998,25.73718,0.000001,0.069295,-0.000165,(0.0_ 0.0_ 1.0)
42.47659,0.00808,0.007998,25.82171,0.000001,0.070816,-0.000165,(0.0_ 0.0_ 1.0)
42.48704,0.008282,0.007999,25.89485,0.000001,0.072342,-0.00011,(0.0_ 0.0_ 1.0)
42.49826,0.008501,0.007999,25.9734,0.000001,0.073875,-0.00011,(0.0_ 0.0_ 1.0)
42.50949,0.008724,0.007999,26.05198,-0.000026,0.075415,-0.000054,(0.0_ 0.0_ 1.0)
42.52111,0.008957,0.007999,26.13337,-0.000022,0.076958,-0.000024,(0.0_ 0.0_ 1.0)
42.53198,0.009177,0.007999,26.20944,-0.000022,0.07851,-0.000024,(0.0_ 0.0_ 1.0)
42.54278,0.009398,0.007999,26.28505,-0.000019,0.080068,-0.000019,(0.0_ 0.0_ 1.0)
42.55437,0.009639,0.007999,26.36615,-0.000019,0.081632,-0.000019,(0.0_ 0.0_ 1.0)
42.56472,0.009856,0.007999,26.43865,-0.000014,0.083202,-0.000016,(0.0_ 0.0_ 1.0)
42.57629,0.010101,0.007999,26.51963,-0.000014,0.084778,-0.000016,(0.0_ 0.0_ 1.0)
42.58722,0.010335,0.008,26.59609,-0.000009,0.086359,-0.000012,(0.0_ 0.0_ 1.0)
42.59862,0.010582,0.008,26.6759,-0.000009,0.087947,-0.000012,(0.0_ 0.0_ 1.0)
42.60949,0.01082,0.007999,26.75201,0.000023,0.089522,0.000226,(0.0_ 0.0_ 1.0)
42.62083,0.011072,0.007998,26.83142,0.000023,0.09112,0.000104,(0.0_ 0.0_ 1.0)
42.63193,0.01132,0.007998,26.90908,0.000023,0.092725,0.000104,(0.0_ 0.0_ 1.0)
42.64315,0.011573,0.007998,26.98763,0.000019,0.094337,0.000066,(0.0_ 0.0_ 1.0)
42.657,0.01189,0.007998,27.08458,0.000019,0.095954,0.000066,(0.0_ 0.0_ 1.0)
42.66463,0.012066,0.007999,27.13798,0.000015,0.097575,0.000049,(0.0_ 0.0_ 1.0)
42.67667,0.012346,0.007999,27.22223,0.000015,0.099201,0.000049,(0.0_ 0.0_ 1.0)
42.68729,0.012596,0.007999,27.29659,0.000009,0.100833,0.000029,(0.0_ 0.0_ 1.0)
42.69851,0.012863,0.007999,27.37514,0.000009,0.102469,0.000029,(0.0_ 0.0_ 1.0)
42.70972,0.013132,0.008,27.45359,0.000005,0.104111,0.000012,(0.0_ 0.0_ 1.0)
42.72084,0.013402,0.008,27.53148,0.000005,0.105758,0.000011,(0.0_ 0.0_ 1.0)
42.73167,0.013667,0.008,27.6073,0.000005,0.10741,0.000011,(0.0_ 0.0_ 1.0)
42.74328,0.013954,0.008,27.68855,0.000004,0.109067,0.000008,(0.0_ 0.0_ 1.0)
42.75397,0.014221,0.008,27.76338,0.000004,0.110728,0.000008,(0.0_ 0.0_ 1.0)
42.76517,0.014503,0.008,27.84175,0.000003,0.112395,0.000005,(0.0_ 0.0_ 1.0)
42.77646,0.01479,0.008,27.9208,0.000003,0.114066,0.000005,(0.0_ 0.0_ 1.0)
42.78754,0.015074,0.008,27.99832,0.000002,0.115742,0.000001,(0.0_ 0.0_ 1.0)
42.79852,0.015358,0.008,28.07518,0.000002,0.117423,0.000001,(0.0_ 0.0_ 1.0)
42.80956,0.015647,0.008,28.1525,0.000001,0.119109,-0.000003,(0.0_ 0.0_ 1.0)
42.82515,0.016059,0.008,28.26163,-0.000013,0.120801,-0.000001,(0.0_ 0.0_ 1.0)
42.83198,0.016241,0.008,28.30942,-0.000013,0.122495,-0.000001,(0.0_ 0.0_ 1.0)
42.84367,0.016555,0.008,28.39123,0,0.124188,0.000089,(0.0_ 0.0_ 1.0)
42.85772,0.016936,0.008,28.4896,0,0.125893,0.000089,(0.0_ 0.0_ 1.0)
42.8656,0.017151,0.00799,28.54473,0.000006,0.127601,-0.000709,(0.0_ 0.0_ 1.0)
42.87717,0.01747,0.00799,28.62574,0.000006,0.129314,-0.000709,(0.0_ 0.0_ 1.0)
42.88783,0.017767,0.007994,28.70039,0.000003,0.131038,-0.000499,(0.0_ 0.0_ 1.0)
42.89917,0.018085,0.007994,28.77978,0.000003,0.132759,-0.000499,(0.0_ 0.0_ 1.0)
42.90995,0.01839,0.007978,28.85519,0.000016,0.13448,0.001296,(0.0_ 0.0_ 1.0)
42.92116,0.01871,0.007979,28.93369,0.000015,0.136207,0.001233,(0.0_ 0.0_ 1.0)
42.93236,0.019032,0.007979,29.01211,0.000015,0.137941,0.001233,(0.0_ 0.0_ 1.0)
42.9431,0.019344,0.007982,29.08727,0.000013,0.139679,0.001045,(0.0_ 0.0_ 1.0)
42.95442,0.019675,0.007982,29.16648,0.000012,0.14142,0.001045,(0.0_ 0.0_ 1.0)
42.965,0.019987,0.007987,29.24059,0.00001,0.143168,0.000786,(0.0_ 0.0_ 1.0)
42.97643,0.020327,0.007987,29.32053,0.00001,0.144917,0.000786,(0.0_ 0.0_ 1.0)
42.98716,0.020648,0.007991,29.39571,0.000007,0.146673,0.000504,(0.0_ 0.0_ 1.0)
42.9986,0.020994,0.007991,29.47576,0.000007,0.14843,0.000504,(0.0_ 0.0_ 1.0)
43.00947,0.021325,0.007995,29.55182,0.000004,0.150193,0.000264,(0.0_ 0.0_ 1.0)
43.02071,0.02167,0.007996,29.6305,0.000003,0.151958,0.000254,(0.0_ 0.0_ 1.0)
43.03181,0.022013,0.007996,29.7082,0.000003,0.153726,0.000254,(0.0_ 0.0_ 1.0)
43.0429,0.022359,0.007996,29.78585,0.000003,0.155499,0.000217,(0.0_ 0.0_ 1.0)
43.05419,0.022714,0.007996,29.86486,0.000003,0.157274,0.000217,(0.0_ 0.0_ 1.0)
43.06786,0.023147,0.007998,29.96055,0.000002,0.159055,0.000131,(0.0_ 0.0_ 1.0)
43.07609,0.02341,0.007998,30.01816,0.000002,0.160838,0.000131,(0.0_ 0.0_ 1.0)
43.08726,0.023769,0.007999,30.09639,0.000001,0.162625,0.000082,(0.0_ 0.0_ 1.0)
43.09857,0.024135,0.007999,30.17553,0.000001,0.164415,0.000082,(0.0_ 0.0_ 1.0)
43.10933,0.024487,0.007999,30.25086,0.000001,0.166209,0.00004,(0.0_ 0.0_ 1.0)
43.1207,0.024861,0.007999,30.33046,0.000001,0.168005,0.000038,(0.0_ 0.0_ 1.0)
43.13186,0.02523,0.007999,30.40854,0.000001,0.169805,0.000038,(0.0_ 0.0_ 1.0)
43.1429,0.025599,0.007999,30.48586,0.000001,0.171609,0.000032,(0.0_ 0.0_ 1.0)
43.15403,0.025973,0.007999,30.56373,0.000001,0.173415,0.000032,(0.0_ 0.0_ 1.0)
43.16471,0.026334,0.008,30.63852,0.000001,0.175225,0.000023,(0.0_ 0.0_ 1.0)
43.17622,0.026727,0.008,30.71912,0.000001,0.177038,0.000023,(0.0_ 0.0_ 1.0)
43.18705,0.027099,0.008,30.7949,0.000001,0.178855,0.000013,(0.0_ 0.0_ 1.0)
43.19831,0.027488,0.008,30.87376,0.000001,0.180674,0.000013,(0.0_ 0.0_ 1.0)
43.20934,0.027872,0.007983,30.95088,0.00001,0.182499,-0.001359,(0.0_ 0.0_ 1.0)
43.22078,0.028273,0.007984,31.03097,0.000016,0.184325,-0.001315,(0.0_ 0.0_ 1.0)
43.23146,0.028651,0.007984,31.10574,0.000016,0.186154,-0.001315,(0.0_ 0.0_ 1.0)
43.24271,0.029051,0.007986,31.18448,0.000012,0.187985,-0.001141,(0.0_ 0.0_ 1.0)
43.25405,0.029457,0.007986,31.26385,0.000012,0.189819,-0.001141,(0.0_ 0.0_ 1.0)
43.26491,0.029848,0.00798,31.33992,0.000017,0.191653,-0.000089,(0.0_ 0.0_ 1.0)
43.27887,0.030355,0.00798,31.43766,0.000017,0.193494,-0.000089,(0.0_ 0.0_ 1.0)
43.28716,0.030658,0.007987,31.49564,0.00001,0.195327,-0.000002,(0.0_ 0.0_ 1.0)
43.29861,0.031079,0.007987,31.57577,0.00001,0.197173,-0.000002,(0.0_ 0.0_ 1.0)
43.3093,0.031475,0.007993,31.65066,0.000005,0.199021,-0.000001,(0.0_ 0.0_ 1.0)
43.3208,0.031904,0.007993,31.73111,0.000005,0.200873,-0.000002,(0.0_ 0.0_ 1.0)
43.33184,0.032318,0.007993,31.8084,0.000005,0.202728,-0.000002,(0.0_ 0.0_ 1.0)
43.34271,0.032729,0.007994,31.88451,0.000004,0.204585,-0.000002,(0.0_ 0.0_ 1.0)
43.3539,0.033154,0.007994,31.96287,0.000004,0.206445,-0.000002,(0.0_ 0.0_ 1.0)
43.36483,0.033572,0.007995,32.03931,0.000003,0.208308,-0.000003,(0.0_ 0.0_ 1.0)
43.37676,0.034032,0.007995,32.12284,0.000003,0.210173,-0.000003,(0.0_ 0.0_ 1.0)
43.38683,0.034422,0.007997,32.19331,0.000002,0.212041,-0.000003,(0.0_ 0.0_ 1.0)
43.39867,0.034884,0.007997,32.27625,0.000002,0.213911,-0.000003,(0.0_ 0.0_ 1.0)
43.40942,0.035305,0.007998,32.35144,0.000001,0.215785,-0.000005,(0.0_ 0.0_ 1.0)
43.42048,0.035742,0.007999,32.42888,0.000001,0.21766,-0.000005,(0.0_ 0.0_ 1.0)
43.4318,0.036192,0.007998,32.50812,0.000001,0.219538,-0.000005,(0.0_ 0.0_ 1.0)
43.44262,0.036625,0.007999,32.58384,0.000001,0.221419,-0.000005,(0.0_ 0.0_ 1.0)
43.45425,0.037093,0.007999,32.66529,0.000001,0.223302,-0.000005,(0.0_ 0.0_ 1.0)
43.46493,0.037525,0.007999,32.74005,0.000001,0.225187,-0.000006,(0.0_ 0.0_ 1.0)
43.47906,0.038101,0.007999,32.83895,0.000001,0.227075,-0.000006,(0.0_ 0.0_ 1.0)
43.48686,0.03842,0.007999,32.89352,0.000001,0.228965,-0.000005,(0.0_ 0.0_ 1.0)
43.49839,0.038895,0.007999,32.97428,0.000001,0.230858,-0.000005,(0.0_ 0.0_ 1.0)
43.50948,0.039355,0.008,33.05191,0,0.232753,-0.000005,(0.0_ 0.0_ 1.0)
43.52035,0.039809,0.008,33.12798,0,0.23465,-0.000005,(0.0_ 0.0_ 1.0)
43.53171,0.040285,0.008,33.20748,0,0.236549,-0.000005,(0.0_ 0.0_ 1.0)
43.5427,0.040749,0.008,33.28442,0,0.23845,-0.000005,(0.0_ 0.0_ 1.0)
43.55384,0.041222,0.008,33.3624,0,0.240354,-0.000005,(0.0_ 0.0_ 1.0)
43.56464,0.041683,0.008,33.43801,0,0.24226,-0.000005,(0.0_ 0.0_ 1.0)
43.57621,0.04218,0.008,33.51895,0,0.244167,-0.000005,(0.0_ 0.0_ 1.0)
43.58719,0.042655,0.008,33.59583,0,0.246078,-0.000006,(0.0_ 0.0_ 1.0)
43.59868,0.043154,0.008,33.67627,0,0.24799,-0.000006,(0.0_ 0.0_ 1.0)
43.60965,0.043633,0.008,33.75303,0,0.249905,-0.000005,(0.0_ 0.0_ 1.0)
43.62051,0.044111,0.008,33.82909,0,0.251821,-0.000005,(0.0_ 0.0_ 1.0)
43.63175,0.044607,0.008,33.90773,0,0.253739,-0.000005,(0.0_ 0.0_ 1.0)
43.64277,0.045097,0.008,33.98487,0,0.25566,-0.000006,(0.0_ 0.0_ 1.0)
43.65385,0.045592,0.008,34.06244,0,0.257582,-0.000006,(0.0_ 0.0_ 1.0)
43.66488,0.046088,0.007991,34.13967,0.000006,0.259505,0.000708,(0.0_ 0.0_ 1.0)
43.67643,0.04661,0.007991,34.2205,0.000006,0.261431,0.000708,(0.0_ 0.0_ 1.0)
43.68984,0.047219,0.007982,34.3144,0.000021,0.263363,-0.000709,(0.0_ 0.0_ 1.0)
43.69811,0.047597,0.007982,34.37227,0.000021,0.265293,-0.000709,(0.0_ 0.0_ 1.0)
43.70951,0.04812,0.007991,34.45204,0.000011,0.267236,-0.000444,(0.0_ 0.0_ 1.0)
43.721,0.048651,0.007991,34.53251,0.000011,0.26917,-0.000422,(0.0_ 0.0_ 1.0)
43.73184,0.049154,0.007991,34.60833,0.000011,0.271106,-0.000422,(0.0_ 0.0_ 1.0)
43.74282,0.049667,0.007992,34.68525,0.00001,0.273043,-0.000364,(0.0_ 0.0_ 1.0)
43.75412,0.050197,0.007992,34.76434,0.00001,0.274983,-0.000364,(0.0_ 0.0_ 1.0)
43.7652,0.05072,0.007994,34.84185,0.000007,0.276923,-0.000273,(0.0_ 0.0_ 1.0)
43.77661,0.051261,0.007994,34.92171,0.000007,0.278866,-0.000273,(0.0_ 0.0_ 1.0)
43.78758,0.051784,0.007996,34.99852,0.000005,0.28081,-0.000173,(0.0_ 0.0_ 1.0)
43.79887,0.052325,0.007996,35.07754,0.000005,0.282757,-0.000173,(0.0_ 0.0_ 1.0)
43.8098,0.052852,0.007998,35.15402,0.000003,0.284704,-0.000093,(0.0_ 0.0_ 1.0)
43.82121,0.053405,0.007998,35.23394,0.000003,0.286654,-0.000087,(0.0_ 0.0_ 1.0)
43.83228,0.053943,0.007998,35.31137,0.000003,0.288605,-0.000087,(0.0_ 0.0_ 1.0)
43.84273,0.054455,0.007999,35.38456,0.000003,0.290569,-0.000077,(0.0_ 0.0_ 1.0)
43.85408,0.055016,0.007999,35.46402,0.000003,0.292547,-0.000077,(0.0_ 0.0_ 1.0)
43.86468,0.055542,0.007999,35.53819,0.000002,0.294537,-0.00006,(0.0_ 0.0_ 1.0)
43.87682,0.056149,0.007999,35.62316,0.000002,0.296541,-0.00006,(0.0_ 0.0_ 1.0)
43.88944,0.056785,0.007999,35.71154,0.000001,0.29856,-0.000033,(0.0_ 0.0_ 1.0)
43.89851,0.057245,0.007999,35.77505,0.000001,0.300589,-0.000033,(0.0_ 0.0_ 1.0)
43.90923,0.057791,0.008,35.85008,0,0.302631,-0.00002,(0.0_ 0.0_ 1.0)
43.92084,0.058387,0.008,35.93132,0,0.304685,-0.00002,(0.0_ 0.0_ 1.0)
43.93161,0.058944,0.008,36.00668,0,0.306751,-0.00002,(0.0_ 0.0_ 1.0)
43.94281,0.059526,0.008,36.08507,0,0.308829,-0.000017,(0.0_ 0.0_ 1.0)
43.95415,0.060121,0.008,36.16449,0,0.31092,-0.000017,(0.0_ 0.0_ 1.0)
43.96471,0.060677,0.008,36.23841,0,0.313022,-0.000016,(0.0_ 0.0_ 1.0)
43.97684,0.061321,0.008,36.32333,0,0.315136,-0.000016,(0.0_ 0.0_ 1.0)
43.98705,0.061865,0.007987,36.39476,0.000009,0.317259,0.00102,(0.0_ 0.0_ 1.0)
43.99853,0.062482,0.007987,36.47515,0.000009,0.319397,0.00102,(0.0_ 0.0_ 1.0)
44.00965,0.063084,0.007995,36.55302,0.000074,0.321535,0.00062,(0.0_ 0.0_ 1.0)
44.02098,0.0637,0.007993,36.63225,0.000072,0.323695,0.00044,(0.0_ 0.0_ 1.0)
44.03176,0.06429,0.007993,36.70771,0.000072,0.325866,0.00044,(0.0_ 0.0_ 1.0)
44.04277,0.064896,0.007994,36.78483,0.000062,0.32805,0.000358,(0.0_ 0.0_ 1.0)
44.0541,0.065524,0.007994,36.86412,0.000062,0.330243,0.000358,(0.0_ 0.0_ 1.0)
44.06506,0.066135,0.007995,36.94081,0.000046,0.332447,0.000266,(0.0_ 0.0_ 1.0)
44.07675,0.066791,0.007995,37.02265,0.000046,0.334661,0.000266,(0.0_ 0.0_ 1.0)
44.08747,0.067397,0.007997,37.09773,0.000029,0.336887,0.000165,(0.0_ 0.0_ 1.0)
44.10155,0.068197,0.007997,37.19627,0.000026,0.339125,0.000152,(0.0_ 0.0_ 1.0)
44.1097,0.068662,0.007997,37.25328,0.000026,0.34137,0.000152,(0.0_ 0.0_ 1.0)
44.12078,0.069299,0.007997,37.33087,0.000025,0.343625,0.000146,(0.0_ 0.0_ 1.0)
44.13185,0.06994,0.007997,37.40837,0.000025,0.34589,0.000146,(0.0_ 0.0_ 1.0)
44.1428,0.070576,0.007998,37.48496,0.000022,0.348165,0.000125,(0.0_ 0.0_ 1.0)
44.15443,0.071258,0.007997,37.56641,0.000022,0.35045,0.000125,(0.0_ 0.0_ 1.0)
44.16511,0.071886,0.007998,37.64115,0.000016,0.352745,0.000092,(0.0_ 0.0_ 1.0)
44.17677,0.072577,0.007998,37.7228,0.000016,0.355049,0.000092,(0.0_ 0.0_ 1.0)
44.19126,0.073441,0.007999,37.82423,0.000007,0.357367,0.000039,(0.0_ 0.0_ 1.0)
44.19853,0.073876,0.007999,37.87511,0.000007,0.35969,0.000039,(0.0_ 0.0_ 1.0)
44.21049,0.074597,0.008,37.95882,0.000003,0.362024,0.000015,(0.0_ 0.0_ 1.0)
44.22261,0.075332,0.008,38.04365,0.000002,0.364367,0.000012,(0.0_ 0.0_ 1.0)
44.23312,0.075972,0.008,38.1172,0.000002,0.366718,0.000012,(0.0_ 0.0_ 1.0)
44.24342,0.076604,0.008,38.18928,0.000002,0.369078,0.000009,(0.0_ 0.0_ 1.0)
44.25475,0.077303,0.008,38.26861,0.000002,0.371447,0.000009,(0.0_ 0.0_ 1.0)
44.2655,0.07797,0.008,38.34386,0.000002,0.373836,0.000005,(0.0_ 0.0_ 1.0)
44.27686,0.078681,0.008,38.42335,0.000002,0.376245,0.000005,(0.0_ 0.0_ 1.0)
44.28738,0.079344,0.008,38.49706,0.000001,0.378673,0.000001,(0.0_ 0.0_ 1.0)
44.29864,0.080058,0.008,38.57584,0.000001,0.381133,0.000001,(0.0_ 0.0_ 1.0)
44.31289,0.080971,0.008,38.67561,0.000001,0.383632,-0.000003,(0.0_ 0.0_ 1.0)
44.32131,0.081514,0.008,38.7345,0.000001,0.386155,-0.000003,(0.0_ 0.0_ 1.0)
44.33187,0.082201,0.008,38.80841,0.000001,0.388717,-0.000003,(0.0_ 0.0_ 1.0)
44.34278,0.082919,0.008,38.88483,0.000001,0.391319,-0.000003,(0.0_ 0.0_ 1.0)
44.35398,0.083663,0.008,38.96324,0.000001,0.393975,-0.000003,(0.0_ 0.0_ 1.0)
44.36486,0.084392,0.008,39.03939,0,0.396682,-0.000004,(0.0_ 0.0_ 1.0)
44.37677,0.085199,0.008,39.1227,0,0.399443,-0.000004,(0.0_ 0.0_ 1.0)
44.38723,0.085916,0.008,39.19592,0,0.402264,-0.000004,(0.0_ 0.0_ 1.0)
44.39823,0.08668,0.008,39.27295,0,0.405157,-0.000004,(0.0_ 0.0_ 1.0)
44.40951,0.087472,0.007983,39.35189,0.000012,0.408122,0.001385,(0.0_ 0.0_ 1.0)
44.42113,0.088299,0.007982,39.4332,0.000014,0.411164,0.001193,(0.0_ 0.0_ 1.0)
44.43222,0.089099,0.007982,39.51085,0.000014,0.414288,0.001193,(0.0_ 0.0_ 1.0)
44.44267,0.089862,0.007985,39.58398,0.000012,0.417492,0.001025,(0.0_ 0.0_ 1.0)
44.4542,0.090715,0.007985,39.66469,0.000012,0.420776,0.001025,(0.0_ 0.0_ 1.0)
44.46466,0.091499,0.007988,39.7379,0.000009,0.424149,0.000789,(0.0_ 0.0_ 1.0)
44.47642,0.092394,0.007988,39.82022,0.000009,0.427616,0.000789,(0.0_ 0.0_ 1.0)
44.48715,0.093221,0.007992,39.89532,0.000006,0.431171,0.000508,(0.0_ 0.0_ 1.0)
44.4989,0.094141,0.007992,39.9776,0.000006,0.434818,0.000508,(0.0_ 0.0_ 1.0)
44.51196,0.095178,0.007997,40.06898,0.000003,0.438585,0.000202,(0.0_ 0.0_ 1.0)
44.52063,0.095876,0.007997,40.12971,0.000003,0.442425,0.000195,(0.0_ 0.0_ 1.0)
44.53159,0.096771,0.007997,40.20639,0.000003,0.446371,0.000195,(0.0_ 0.0_ 1.0)
44.54276,0.097697,0.007997,40.2846,0.000002,0.450426,0.000168,(0.0_ 0.0_ 1.0)
44.55371,0.098618,0.007997,40.36122,0.000002,0.454585,0.000168,(0.0_ 0.0_ 1.0)
44.56506,0.099588,0.007998,40.44067,0.000002,0.458852,0.000125,(0.0_ 0.0_ 1.0)
44.57641,0.100572,0.007998,40.52014,0.000002,0.463224,0.000125,(0.0_ 0.0_ 1.0)
44.58692,0.101495,0.007999,40.59367,0.000001,0.467694,0.00008,(0.0_ 0.0_ 1.0)
44.59848,0.102526,0.007999,40.67458,0.000001,0.472269,0.00008,(0.0_ 0.0_ 1.0)
44.60907,0.103483,0.007999,40.7487,0,0.47694,0.000042,(0.0_ 0.0_ 1.0)
44.62098,0.104576,0.007999,40.83212,0,0.481717,0.000039,(0.0_ 0.0_ 1.0)
44.6319,0.105591,0.007999,40.90854,0,0.486591,0.000039,(0.0_ 0.0_ 1.0)
44.64289,0.106628,0.007999,40.98549,0,0.491572,0.000033,(0.0_ 0.0_ 1.0)
44.65393,0.107683,0.007999,41.06271,0,0.496659,0.000033,(0.0_ 0.0_ 1.0)
44.6652,0.108776,0.008,41.14157,0,0.501855,0.000023,(0.0_ 0.0_ 1.0)
44.6762,0.10986,0.008,41.21862,0,0.507154,0.000023,(0.0_ 0.0_ 1.0)
44.68691,0.110927,0.008,41.29353,0,0.512554,0.000013,(0.0_ 0.0_ 1.0)
44.69889,0.11214,0.008,41.37738,0,0.518064,0.000013,(0.0_ 0.0_ 1.0)
44.70943,0.113221,0.008,41.45115,0,0.523682,0.000003,(0.0_ 0.0_ 1.0)
44.7238,0.114721,0.008,41.55177,0,0.529445,0.000001,(0.0_ 0.0_ 1.0)
44.73163,0.115547,0.008,41.60656,0,0.535293,0.000001,(0.0_ 0.0_ 1.0)
44.74268,0.116732,0.008,41.68388,0,0.541274,0.000001,(0.0_ 0.0_ 1.0)
44.75406,0.117973,0.008,41.76357,0,0.547389,0.000001,(0.0_ 0.0_ 1.0)
44.76474,0.119155,0.008,41.83833,0,0.553651,-0.000001,(0.0_ 0.0_ 1.0)
44.77614,0.120439,0.008,41.9181,0,0.56008,-0.000001,(0.0_ 0.0_ 1.0)
44.78714,0.1217,0.008,41.9951,0,0.56668,-0.000003,(0.0_ 0.0_ 1.0)
44.79858,0.123035,0.008,42.07515,0,0.573468,-0.000003,(0.0_ 0.0_ 1.0)
44.80954,0.124338,0.008,42.15184,0,0.580446,-0.000005,(0.0_ 0.0_ 1.0)
44.8208,0.125703,0.007999,42.23064,0.000001,0.587639,0.000112,(0.0_ 0.0_ 1.0)
44.83194,0.127081,0.007999,42.30861,0.000001,0.595055,0.000112,(0.0_ 0.0_ 1.0)
44.8429,0.128466,0.007999,42.38535,0.000014,0.602709,0.000116,(0.0_ 0.0_ 1.0)
44.85413,0.129914,0.007999,42.46392,0.000014,0.610619,0.000116,(0.0_ 0.0_ 1.0)
44.86504,0.131352,0.00799,42.54032,0.000016,0.618787,-0.000657,(0.0_ 0.0_ 1.0)
44.87683,0.132942,0.00799,42.62281,0.000016,0.627252,-0.000657,(0.0_ 0.0_ 1.0)
44.88705,0.13435,0.007993,42.69431,0.000012,0.636002,-0.000489,(0.0_ 0.0_ 1.0)
44.89853,0.135972,0.007993,42.77467,0.000012,0.645087,-0.000489,(0.0_ 0.0_ 1.0)
44.90982,0.137607,0.007997,42.85366,0.000006,0.654531,-0.000257,(0.0_ 0.0_ 1.0)
44.92378,0.139693,0.007997,42.9514,-0.000006,0.664441,-0.000207,(0.0_ 0.0_ 1.0)
44.93184,0.140923,0.007997,43.00781,-0.000006,0.674643,-0.000207,(0.0_ 0.0_ 1.0)
44.94257,0.142603,0.007997,43.08289,-0.000005,0.68524,-0.000182,(0.0_ 0.0_ 1.0)
44.95421,0.144477,0.007997,43.16433,-0.000005,0.696286,-0.000182,(0.0_ 0.0_ 1.0)
44.9649,0.146247,0.007998,43.2392,-0.000004,0.707774,-0.000139,(0.0_ 0.0_ 1.0)
44.97655,0.148232,0.007998,43.32072,-0.000004,0.719761,-0.000139,(0.0_ 0.0_ 1.0)
44.9872,0.150097,0.007999,43.39521,-0.000002,0.732244,-0.000092,(0.0_ 0.0_ 1.0)
44.99854,0.152145,0.007999,43.47452,-0.000002,0.745273,-0.000092,(0.0_ 0.0_ 1.0)
45.00954,0.154193,0.007999,43.55154,-0.000001,0.75885,-0.000051,(0.0_ 0.0_ 1.0)
45.0208,0.156354,0.007998,43.63031,0,0.773027,0.000069,(0.0_ 0.0_ 1.0)
45.03179,0.158528,0.007998,43.7072,0,0.787807,0.000069,(0.0_ 0.0_ 1.0)
45.04291,0.1608,0.007998,43.78503,0,0.803234,0.000079,(0.0_ 0.0_ 1.0)
45.05426,0.163193,0.007998,43.8644,0,0.819355,0.000079,(0.0_ 0.0_ 1.0)
45.06481,0.165491,0.007999,43.93827,0,0.836156,0.000059,(0.0_ 0.0_ 1.0)
45.07681,0.168195,0.007999,44.02217,0,0.853784,0.000059,(0.0_ 0.0_ 1.0)
45.08735,0.170652,0.007999,44.09597,0,0.872163,0.000037,(0.0_ 0.0_ 1.0)
45.0983,0.173289,0.007999,44.17256,0,0.891361,0.000037,(0.0_ 0.0_ 1.0)
45.10952,0.176091,0.008,44.25107,0,0.91147,0.000016,(0.0_ 0.0_ 1.0)
45.12141,0.179168,0.007997,44.33421,0.000002,0.93257,-0.000191,(0.0_ 0.0_ 1.0)
45.13507,0.18286,0.007997,44.4298,0.000002,0.954896,-0.000191,(0.0_ 0.0_ 1.0)
45.14281,0.185011,0.007998,44.48395,0.000002,0.977926,-0.000185,(0.0_ 0.0_ 1.0)
45.1542,0.188291,0.007998,44.56355,0.000002,1.002037,-0.000185,(0.0_ 0.0_ 1.0)
45.16569,0.191731,0.007998,44.64396,0.000001,1.027314,-0.000137,(0.0_ 0.0_ 1.0)
45.17671,0.195151,0.007998,44.72102,0.000001,1.053729,-0.000137,(0.0_ 0.0_ 1.0)
45.18729,0.198551,0.007985,44.79495,0.00001,1.081289,0.000992,(0.0_ 0.0_ 1.0)
45.19858,0.202321,0.007985,44.87393,0.000009,1.110123,0.000992,(0.0_ 0.0_ 1.0)
45.20971,0.206173,0.007992,44.9517,0.000004,1.140219,0.000599,(0.0_ 0.0_ 1.0)
45.22114,0.210285,0.007991,45.03165,0.000004,1.171704,0.000382,(0.0_ 0.0_ 1.0)
45.23225,0.214427,0.007991,45.10933,0.000004,1.204535,0.000382,(0.0_ 0.0_ 1.0)
45.24307,0.218607,0.007992,45.18491,0.000004,1.238756,0.0003,(0.0_ 0.0_ 1.0)
45.25433,0.223121,0.007992,45.2636,0.000003,1.274437,0.0003,(0.0_ 0.0_ 1.0)
45.26503,0.227561,0.007994,45.33836,0.000002,1.311528,0.000222,(0.0_ 0.0_ 1.0)
45.27663,0.23256,0.007994,45.41943,0.000002,1.350213,0.000222,(0.0_ 0.0_ 1.0)
45.28728,0.237308,0.007996,45.4938,0.000002,1.390403,0.00014,(0.0_ 0.0_ 1.0)
45.29834,0.24242,0.007996,45.5711,0.000002,1.432171,0.00014,(0.0_ 0.0_ 1.0)
45.30931,0.247666,0.007998,45.64769,0.000001,1.47557,0.000072,(0.0_ 0.0_ 1.0)
45.3212,0.253564,0.007998,45.73069,0.000001,1.520764,0.000068,(0.0_ 0.0_ 1.0)
45.33233,0.259286,0.007998,45.80842,0.000001,1.567702,0.000068,(0.0_ 0.0_ 1.0)
45.34552,0.266331,0.007999,45.90045,0.000001,1.616738,0.000048,(0.0_ 0.0_ 1.0)
45.35463,0.271345,0.007999,45.96402,0.000001,1.667231,0.000048,(0.0_ 0.0_ 1.0)
45.36508,0.277289,0.007999,46.03693,0,1.719482,0.000034,(0.0_ 0.0_ 1.0)
45.37646,0.283993,0.007999,46.11637,0,1.773661,0.000034,(0.0_ 0.0_ 1.0)
45.387,0.290402,0.007999,46.18987,0.000001,1.829684,0.000019,(0.0_ 0.0_ 1.0)
45.39867,0.297739,0.007999,46.27116,0.000001,1.88776,0.000019,(0.0_ 0.0_ 1.0)
45.40947,0.30476,0.008,46.3465,0.000001,1.947752,0.000007,(0.0_ 0.0_ 1.0)
45.42082,0.312379,0.008,46.42557,0.000001,2.009815,0.000007,(0.0_ 0.0_ 1.0)
45.4318,0.319985,0.008,46.50202,0.000001,2.073895,0.000007,(0.0_ 0.0_ 1.0)
45.44275,0.327818,0.008,46.5783,0.000001,2.140022,0.000005,(0.0_ 0.0_ 1.0)
45.45421,0.336275,0.008,46.65807,0.000001,2.20829,0.000005,(0.0_ 0.0_ 1.0)
45.46514,0.344586,0.008,46.73413,0.000001,2.278602,0.000002,(0.0_ 0.0_ 1.0)
45.47706,0.353942,0.008,46.81705,0.000001,2.351179,0.000002,(0.0_ 0.0_ 1.0)
45.48726,0.36217,0.008,46.88794,0,2.425692,0,(0.0_ 0.0_ 1.0)
45.4986,0.371591,0.008,46.96674,0,2.50236,0,(0.0_ 0.0_ 1.0)
45.50983,0.381203,0.008,47.04482,0,2.581175,-0.000003,(0.0_ 0.0_ 1.0)
45.52074,0.390798,0.007999,47.1206,0.000001,2.662073,0.000106,(0.0_ 0.0_ 1.0)
45.53203,0.401001,0.007999,47.19892,0.000001,2.74515,0.000106,(0.0_ 0.0_ 1.0)
45.54285,0.411053,0.007999,47.27401,0.000014,2.830302,0.000111,(0.0_ 0.0_ 1.0)
45.56086,0.4284,0.007998,47.39885,0.000014,2.918969,-0.00002,(0.1_ 0.0_ 1.0)
45.56651,0.433942,0.007998,47.43798,0.000014,3.008723,-0.00002,(0.1_ 0.0_ 1.0)
45.57719,0.444702,0.007998,47.51201,0.000014,3.100547,-0.00002,(0.1_ 0.0_ 1.0)
45.58824,0.456115,0.007999,47.5885,0.000009,3.19454,-0.000073,(0.1_ 0.0_ 1.0)
45.59954,0.46809,0.007999,47.66671,0.000009,3.290738,-0.000073,(0.1_ 0.0_ 1.0)
45.61025,0.479713,0.007999,47.74074,0.000004,3.38903,-0.000043,(0.1_ 0.0_ 1.0)
45.62189,0.492678,0.007999,47.82121,0.000004,3.489635,-0.000039,(0.1_ 0.0_ 1.0)
45.63287,0.505199,0.007999,47.89702,0.000004,3.592417,-0.000039,(0.1_ 0.0_ 1.0)
45.6432,0.517263,0.007999,47.96835,-0.000005,3.697272,-0.000032,(0.1_ 0.0_ 1.0)
45.65442,0.530678,0.007999,48.04573,-0.000005,3.804376,-0.000032,(0.1_ 0.0_ 1.0)
45.66615,0.545038,0.008,48.12655,-0.000003,3.913829,-0.000024,(0.1_ 0.0_ 1.0)
45.67657,0.558086,0.008,48.19831,-0.000003,4.025388,-0.000024,(0.1_ 0.0_ 1.0)
45.68759,0.572202,0.008,48.27414,-0.000002,4.139174,-0.000018,(0.1_ 0.0_ 1.0)
45.69876,0.586841,0.008,48.35098,-0.000002,4.255206,-0.000018,(0.1_ 0.0_ 1.0)
45.70942,0.601121,0.008,48.42425,-0.000002,4.373413,-0.000012,(0.1_ 0.0_ 1.0)
45.72075,0.616619,0.008,48.50196,0,4.493915,0.000007,(0.1_ 0.0_ 1.0)
45.73219,0.632626,0.008,48.58042,0,4.616748,0.000007,(0.1_ 0.0_ 1.0)
45.74268,0.647618,0.008,48.65233,0.000008,4.741709,-0.000058,(0.1_ 0.0_ 1.0)
45.75471,0.665193,0.008,48.73473,0.000008,4.869087,-0.000058,(0.1_ 0.0_ 1.0)
45.76828,0.68546,0.007986,48.82751,0.000013,4.999178,0.001123,(0.1_ 0.0_ 1.0)
45.77652,0.697984,0.007986,48.88379,0.000011,5.130892,0.001123,(0.1_ 0.0_ 1.0)
45.78715,0.714472,0.007992,48.95638,0.000057,5.26468,0.00079,(0.1_ 0.0_ 1.0)
45.7985,0.732419,0.007992,49.03377,0.000055,5.400671,0.000791,(0.1_ 0.0_ 1.0)
45.8095,0.750148,0.007978,49.1087,0.000043,5.538772,-0.001049,(0.1_ 0.0_ 1.0)
45.82087,0.768832,0.007978,49.18608,0.000044,5.67902,-0.001013,(0.1_ 0.0_ 1.0)
45.83169,0.786938,0.007978,49.25963,0.000046,5.82128,-0.001013,(0.1_ 0.0_ 1.0)
45.84286,0.805971,0.007981,49.33546,0.000042,5.965594,-0.000872,(0.1_ 0.0_ 1.0)
45.8543,0.825824,0.007981,49.41304,0.000044,6.111989,-0.000872,(0.1_ 0.0_ 1.0)
45.86469,0.844169,0.007985,49.48343,0.000036,6.260254,-0.000673,(0.1_ 0.0_ 1.0)
45.87635,0.865123,0.007985,49.56232,0.000038,6.410594,-0.000673,(0.1_ 0.0_ 1.0)
45.88704,0.884656,0.00799,49.63456,0.000026,6.562813,-0.000442,(0.1_ 0.0_ 1.0)
45.89854,0.906015,0.00799,49.7121,0.000027,6.717033,-0.000442,(0.1_ 0.0_ 1.0)
45.90951,0.926754,0.007995,49.78608,0.000015,6.87314,-0.000236,(0.1_ 0.0_ 1.0)
45.92082,0.948483,0.007995,49.86221,0.000015,7.031173,-0.000226,(0.1_ 0.0_ 1.0)
45.93227,0.97084,0.007995,49.93919,0.000016,7.191132,-0.000226,(0.1_ 0.0_ 1.0)
45.94286,0.991837,0.007996,50.01026,0.000014,7.352851,-0.000196,(0.1_ 0.0_ 1.0)
45.95437,1.015023,0.007996,50.08741,0.000015,7.516464,-0.000196,(0.1_ 0.0_ 1.0)
45.96492,1.036598,0.007997,50.15803,0.000012,7.681793,-0.00015,(0.1_ 0.0_ 1.0)
45.97882,1.065514,0.007997,50.25097,0.000012,7.84936,-0.00015,(0.1_ 0.0_ 1.0)
45.98729,1.083368,0.007998,50.3075,0.000008,8.01827,-0.000097,(0.1_ 0.0_ 1.0)
45.99871,1.107808,0.007998,50.38363,0.000008,8.188975,-0.000097,(0.1_ 0.0_ 1.0)
46.00933,1.130846,0.007999,50.45426,0.000005,8.361334,-0.000054,(0.1_ 0.0_ 1.0)
46.02083,1.156184,0.007999,50.5307,0.000005,8.535463,-0.000053,(0.1_ 0.0_ 1.0)
46.03219,1.181564,0.007999,50.60607,0.000005,8.711319,-0.000053,(0.2_ 0.0_ 1.0)
46.04283,1.205658,0.007999,50.67652,0.000004,8.888775,-0.000046,(0.2_ 0.0_ 1.0)
46.05427,1.231932,0.007999,50.75217,0.000005,9.067933,-0.000046,(0.2_ 0.0_ 1.0)
46.06506,1.257044,0.007999,50.82338,0.000003,9.248679,-0.000035,(0.2_ 0.0_ 1.0)
46.07636,1.283717,0.007999,50.89788,0.000003,9.431069,-0.000035,(0.2_ 0.0_ 1.0)
46.08706,1.309289,0.007999,50.96826,0.000002,9.614998,-0.000025,(0.2_ 0.0_ 1.0)
46.09905,1.338338,0.007999,51.04699,0.000002,9.800634,-0.000025,(0.2_ 0.0_ 1.0)
46.10921,1.363266,0.008,51.1136,0.000001,9.987698,-0.000016,(0.2_ 0.0_ 1.0)
46.12068,1.391784,0.008,51.18868,0.000001,10.17636,-0.000016,(0.2_ 0.0_ 1.0)
46.13198,1.420232,0.008,51.2625,0.000001,10.36657,-0.000016,(0.2_ 0.0_ 1.0)
46.14297,1.448221,0.008,51.33411,0.000001,10.55828,-0.000015,(0.2_ 0.0_ 1.0)
46.15409,1.47694,0.008,51.40654,0.000001,10.75149,-0.000015,(0.2_ 0.0_ 1.0)
46.16513,1.505765,0.008,51.47823,0,10.94617,-0.000013,(0.2_ 0.0_ 1.0)
46.17941,1.543537,0.008,51.57075,0.000001,11.14272,-0.000013,(0.2_ 0.0_ 1.0)
46.18729,1.564621,0.008,51.62174,0,11.3403,-0.000011,(0.2_ 0.0_ 1.0)
46.19862,1.595271,0.008,51.69485,0,11.53933,-0.000011,(0.2_ 0.0_ 1.0)
46.20945,1.624937,0.007983,51.76467,0.000007,11.73974,0.001375,(0.2_ 0.0_ 1.0)
46.22087,1.656554,0.007983,51.83807,0.000005,11.94159,0.001228,(0.2_ 0.0_ 1.0)
46.23206,1.687875,0.007983,51.90981,0,12.14483,0.001228,(0.2_ 0.0_ 1.0)
46.24274,1.718126,0.007986,51.97818,-0.000003,12.34938,0.00105,(0.2_ 0.0_ 1.0)
46.25465,1.752234,0.007986,52.05425,-0.000007,12.55537,0.00105,(0.2_ 0.0_ 1.0)
46.26497,1.782111,0.00799,52.12003,-0.000008,12.7626,0.000792,(0.2_ 0.0_ 1.0)
46.2767,1.816451,0.00799,52.19464,-0.000011,12.9712,0.000792,(0.2_ 0.0_ 1.0)
46.28731,1.84783,0.007979,52.26195,0.000004,13.18105,-0.000682,(0.2_ 0.0_ 1.0)
46.29863,1.881668,0.007979,52.3336,0.000007,13.39219,-0.000682,(0.2_ 0.0_ 1.0)
46.30951,1.914514,0.007989,52.40228,0.000006,13.60458,-0.000458,(0.2_ 0.0_ 1.0)
46.32104,1.949718,0.007989,52.47495,0.000007,13.81825,-0.000435,(0.2_ 0.0_ 1.0)
46.33197,1.983421,0.007989,52.54366,0.000009,14.03311,-0.000435,(0.2_ 0.0_ 1.0)
46.34265,2.016654,0.00799,52.61058,0.000009,14.24912,-0.000379,(0.2_ 0.0_ 1.0)
46.35397,2.052272,0.00799,52.68142,0.00001,14.46632,-0.000379,(0.2_ 0.0_ 1.0)
46.3649,2.086969,0.007993,52.74959,0.000009,14.68464,-0.000289,(0.3_ 0.0_ 1.0)
46.37648,2.124112,0.007992,52.82167,0.00001,14.90412,-0.000289,(0.3_ 0.0_ 1.0)
46.39017,2.168437,0.007996,52.90662,0.000005,15.12495,-0.000146,(0.3_ 0.0_ 1.0)
46.39863,2.196063,0.007996,52.95896,0.000006,15.3466,-0.000146,(0.3_ 0.0_ 1.0)
46.41008,2.233846,0.007998,53.0297,0.000003,15.56931,-0.000075,(0.3_ 0.0_ 1.0)
46.42118,2.270779,0.007998,53.09804,0.000003,15.79301,-0.00007,(0.3_ 0.0_ 1.0)
46.43194,2.306894,0.007998,53.1641,0.000003,16.01767,-0.00007,(0.3_ 0.0_ 1.0)
46.44287,2.343935,0.007998,53.23109,0.000003,16.24325,-0.000061,(0.3_ 0.0_ 1.0)
46.45451,2.383702,0.007998,53.30218,0.000004,16.46978,-0.000061,(0.3_ 0.0_ 1.0)
46.46498,2.419785,0.007999,53.36596,0.000003,16.69715,-0.000048,(0.3_ 0.0_ 1.0)
46.47647,2.459718,0.007999,53.43576,0.000003,16.9254,-0.000048,(0.3_ 0.0_ 1.0)
46.48734,2.497819,0.007999,53.50163,0.000002,17.15443,-0.000032,(0.3_ 0.0_ 1.0)
46.49887,2.5386,0.007999,53.57135,0.000002,17.38427,-0.000032,(0.3_ 0.0_ 1.0)
46.50975,2.577352,0.008,53.63689,0.000001,17.61482,-0.000019,(0.3_ 0.0_ 1.0)
46.52113,2.618194,0.008,53.70522,0.000001,17.84608,-0.000019,(0.3_ 0.0_ 1.0)
46.53249,2.659318,0.008,53.77331,0.000001,18.07798,-0.000019,(0.3_ 0.0_ 1.0)
46.54312,2.698093,0.008,53.83684,0.000001,18.31044,-0.000017,(0.3_ 0.0_ 0.9)
46.55454,2.740061,0.008,53.90489,0.000001,18.54348,-0.000017,(0.3_ 0.0_ 0.9)
46.56612,2.7829,0.008,53.97365,0.000001,18.77701,-0.000013,(0.3_ 0.0_ 0.9)
46.57642,2.821299,0.008,54.03467,0.000001,19.01093,-0.000013,(0.3_ 0.0_ 0.9)
46.5872,2.861794,0.008,54.0984,0.000001,19.24519,-0.000011,(0.3_ 0.0_ 0.9)
46.60192,2.917436,0.008,54.1851,0.000001,19.47986,-0.00001,(0.3_ 0.0_ 0.9)
46.60938,2.94582,0.008,54.22892,0.000001,19.71471,-0.00001,(0.3_ 0.0_ 0.9)
46.62061,2.988861,0.008,54.29474,0.000001,19.94973,-0.00001,(0.3_ 0.0_ 0.9)
46.63218,3.033451,0.008,54.3623,0.000001,20.18489,-0.00001,(0.3_ 0.0_ 0.9)
46.64283,3.074786,0.007995,54.42437,0.000002,20.42009,0.000404,(0.3_ 0.0_ 0.9)
46.65434,3.119723,0.007995,54.49126,0.000001,20.65528,0.000404,(0.4_ 0.0_ 0.9)
46.66547,3.163404,0.007989,54.55571,0.000011,20.89042,-0.000318,(0.4_ 0.0_ 0.9)
46.67664,3.207567,0.007989,54.62032,0.000013,21.1254,-0.000318,(0.4_ 0.0_ 0.9)
46.68745,3.250481,0.007993,54.68257,0.000009,21.36021,-0.00025,(0.4_ 0.0_ 0.9)
46.69878,3.295735,0.007993,54.74768,0.00001,21.59477,-0.00025,(0.4_ 0.0_ 0.9)
46.70992,3.340476,0.007996,54.81154,0.000006,21.82899,-0.000133,(0.4_ 0.0_ 0.9)
46.72092,3.384897,0.007997,54.87445,0.000006,22.06284,-0.000127,(0.4_ 0.0_ 0.9)
46.73182,3.429164,0.007996,54.93666,0.000006,22.2962,-0.000127,(0.4_ 0.0_ 0.9)
46.74279,3.473911,0.007997,54.99908,0.000006,22.52904,-0.000111,(0.4_ 0.0_ 0.9)
46.75427,3.520933,0.007997,55.06419,0.000006,22.76127,-0.000111,(0.4_ 0.0_ 0.9)
46.7655,3.567182,0.007998,55.12778,0.000005,22.99279,-0.000082,(0.4_ 0.0_ 0.9)
46.77676,3.613743,0.007998,55.19137,0.000005,23.22356,-0.000082,(0.4_ 0.0_ 0.9)
46.78749,3.658319,0.007999,55.25183,0.000003,23.45353,-0.000055,(0.4_ 0.0_ 0.9)
46.80136,3.716149,0.007999,55.3298,0.000003,23.68237,-0.000052,(0.4_ 0.0_ 0.9)
46.80999,3.752293,0.007999,55.3782,0.000003,23.91049,-0.000052,(0.4_ 0.0_ 0.9)
46.82079,3.797721,0.007999,55.43866,0.000004,24.13759,-0.00005,(0.4_ 0.0_ 0.9)
46.83299,3.84922,0.007999,55.5068,0.000004,24.3635,-0.00005,(0.4_ 0.0_ 0.9)
46.84348,3.89362,0.007999,55.5652,0.000003,24.58831,-0.000043,(0.4_ 0.0_ 0.9)
46.85441,3.940111,0.007999,55.62601,0.000003,24.81194,-0.000043,(0.4_ 0.0_ 0.9)
46.86521,3.986204,0.007999,55.68596,0.000003,25.03435,-0.000033,(0.4_ 0.0_ 0.9)
46.87756,4.039052,0.007999,55.75434,0.000003,25.25532,-0.000033,(0.4_ 0.0_ 0.9)
46.88766,4.082461,0.007999,55.81021,0.000002,25.47506,-0.000023,(0.4_ 0.0_ 0.9)
46.89896,4.131116,0.007999,55.87252,0.000002,25.69343,-0.000023,(0.4_ 0.0_ 0.9)
46.91003,4.178973,0.008,55.9335,0.000001,25.91039,-0.000015,(0.4_ 0.0_ 0.9)
46.92096,4.226323,0.008,55.99355,0.000001,26.12591,-0.000014,(0.4_ 0.0_ 0.9)
46.93678,4.295032,0.008,56.08038,0.000001,26.33932,-0.000014,(0.4_ 0.0_ 0.9)
46.94253,4.320115,0.008,56.11189,0.000001,26.55195,-0.000013,(0.4_ 0.0_ 0.9)
46.95524,4.375678,0.008,56.18141,0.000001,26.7628,-0.000013,(0.5_ 0.0_ 0.9)
46.96666,4.425707,0.008,56.24374,0,26.97204,-0.00001,(0.5_ 0.0_ 0.9)
46.97721,4.472052,0.008,56.30123,0,27.17979,-0.00001,(0.5_ 0.0_ 0.9)
46.98792,4.519217,0.007986,56.35949,0.000006,27.38599,0.00115,(0.5_ 0.0_ 0.9)
47.00228,4.582606,0.007985,56.43753,0.000007,27.59013,0.000783,(0.5_ 0.0_ 0.9)
47.0103,4.618074,0.007985,56.48099,0.000004,27.7931,0.000783,(0.5_ 0.0_ 0.9)
47.02102,4.665676,0.007986,56.53909,0.000002,27.99448,0.000739,(0.5_ 0.0_ 0.9)
47.03268,4.717528,0.007986,56.60214,-0.000001,28.19411,0.000739,(0.5_ 0.0_ 0.9)
47.04313,4.764057,0.007988,56.6585,-0.000003,28.39216,0.000624,(0.5_ 0.0_ 0.9)
47.05462,4.815386,0.007989,56.72046,-0.000005,28.58846,0.000624,(0.5_ 0.0_ 0.9)
47.06537,4.863498,0.007992,56.77833,-0.000005,28.78312,0.000457,(0.5_ 0.0_ 0.9)
47.07658,4.913764,0.007992,56.83858,-0.000007,28.97605,0.000457,(0.5_ 0.0_ 0.9)
47.0872,4.961493,0.007995,56.8956,-0.000006,29.16731,0.000292,(0.5_ 0.0_ 0.9)
47.09856,5.012606,0.007995,56.95646,-0.000007,29.35681,0.000292,(0.5_ 0.0_ 0.9)
47.10961,5.062439,0.007997,57.01561,-0.000004,29.54457,0.00015,(0.5_ 0.0_ 0.9)
47.12098,5.113808,0.007998,57.07639,-0.000004,29.73054,0.000143,(0.5_ 0.0_ 0.9)
47.13215,5.164388,0.007998,57.13607,-0.000005,29.91474,0.000143,(0.5_ 0.0_ 0.9)
47.14308,5.213925,0.007998,57.19434,-0.000004,30.0972,0.00012,(0.5_ 0.0_ 0.9)
47.15426,5.264713,0.007998,57.25391,-0.000005,30.27789,0.00012,(0.5_ 0.0_ 0.9)
47.16516,5.314279,0.007999,57.31188,-0.000004,30.45684,0.000088,(0.5_ 0.0_ 0.9)
47.1764,5.36552,0.007999,57.37165,-0.000004,30.634,0.000088,(0.5_ 0.0_ 0.9)
47.18759,5.416574,0.007999,57.43104,-0.000003,30.80936,0.000052,(0.5_ 0.0_ 0.9)
47.19869,5.467311,0.007999,57.48991,-0.000003,30.98295,0.000052,(0.5_ 0.0_ 0.9)
47.2121,5.528622,0.008,57.56092,-0.000002,31.15441,0.000017,(0.5_ 0.0_ 0.9)
47.22069,5.568023,0.008,57.60641,-0.000002,31.32451,0.000016,(0.5_ 0.0_ 0.9)
47.23183,5.619123,0.008,57.66526,-0.000002,31.49284,0.000016,(0.5_ 0.0_ 0.9)
47.24304,5.670673,0.008,57.72449,-0.000001,31.65941,0.000013,(0.5_ 0.0_ 0.9)
47.25387,5.720495,0.008,57.78159,-0.000001,31.82429,0.000013,(0.5_ 0.0_ 0.8)
47.26464,5.770127,0.008,57.83833,-0.000001,31.9875,0.000009,(0.5_ 0.0_ 0.8)
47.2765,5.824843,0.008,57.90075,-0.000001,32.1489,0.000009,(0.5_ 0.0_ 0.8)
47.28711,5.873882,0.008,57.95656,-0.000001,32.30868,0.000004,(0.5_ 0.0_ 0.8)
47.29826,5.925448,0.008,58.01512,-0.000001,32.46679,0.000004,(0.5_ 0.0_ 0.8)
47.30943,5.977173,0.008,58.07373,-0.000001,32.62323,-0.000001,(0.5_ 0.0_ 0.8)
47.32049,6.028503,0.008,58.13176,-0.000001,32.77805,-0.000001,(0.5_ 0.0_ 0.8)
47.33152,6.079736,0.008,58.18956,-0.000001,32.93127,-0.000001,(0.5_ 0.0_ 0.8)
47.34295,6.132822,0.008,58.24932,-0.000001,33.08284,-0.000002,(0.5_ 0.0_ 0.8)
47.35413,6.184899,0.008,58.30782,-0.000001,33.23281,-0.000002,(0.5_ 0.0_ 0.8)
47.36467,6.234022,0.008,58.36287,-0.000001,33.38131,-0.000002,(0.6_ 0.0_ 0.8)
47.37643,6.288851,0.008,58.42421,-0.000001,33.52818,-0.000002,(0.6_ 0.0_ 0.8)
47.38763,6.341162,0.007965,58.4826,0.000091,33.6735,-0.000002,(0.6_ 0.0_ 0.8)
47.3984,6.391547,0.007965,58.53872,0.000091,33.81737,-0.000002,(0.6_ 0.0_ 0.8)
47.40952,6.443616,0.007982,58.59661,0.000048,33.95973,-0.000007,(0.6_ 0.0_ 0.8)
47.42379,6.510465,0.007985,58.67083,0.000039,34.10022,-0.000008,(0.6_ 0.0_ 0.8)
47.43226,6.550189,0.007985,58.71481,0.000039,34.2396,-0.000008,(0.6_ 0.0_ 0.8)
47.44275,6.599475,0.007987,58.76926,0.000034,34.37764,-0.000007,(0.6_ 0.0_ 0.8)
47.45433,6.653917,0.007987,58.8293,0.000034,34.51422,-0.000007,(0.6_ 0.0_ 0.8)
47.465,6.704146,0.00799,58.88457,0.000025,34.64947,-0.000007,(0.6_ 0.0_ 0.8)
47.47698,6.760596,0.00799,58.94657,0.000025,34.78328,-0.000007,(0.6_ 0.0_ 0.8)
47.48743,6.809904,0.007994,59.00061,0.000016,34.91585,-0.000007,(0.6_ 0.0_ 0.8)
47.49905,6.864785,0.007994,59.06064,0.000016,35.04708,-0.000007,(0.6_ 0.0_ 0.8)
47.50972,6.91528,0.007997,59.11575,0.000008,35.17712,-0.000006,(0.6_ 0.0_ 0.8)
47.52098,6.968583,0.007997,59.1738,0.000008,35.30593,-0.000006,(0.6_ 0.0_ 0.8)
47.5323,7.022224,0.007997,59.2321,0.000008,35.43357,-0.000006,(0.6_ 0.0_ 0.8)
47.54332,7.074523,0.007997,59.28881,0.000007,35.56011,-0.000006,(0.6_ 0.0_ 0.8)
47.55429,7.126652,0.007997,59.3452,0.000007,35.6856,-0.000006,(0.6_ 0.0_ 0.8)
47.56543,7.179617,0.007998,59.40236,0.000005,35.81008,-0.000006,(0.6_ 0.0_ 0.8)
47.57675,7.233569,0.007998,59.46045,0.000005,35.93361,-0.000006,(0.6_ 0.0_ 0.8)
47.58732,7.283991,0.007999,59.51458,0.000003,36.05633,-0.000006,(0.6_ 0.0_ 0.8)
47.59927,7.341073,0.007999,59.57571,0.000003,36.17818,-0.000006,(0.6_ 0.0_ 0.8)
47.61018,7.393312,0.007999,59.6315,0.000002,36.29929,-0.000007,(0.6_ 0.0_ 0.8)
47.62399,7.459462,0.008,59.70196,0.000002,36.41959,-0.000007,(0.6_ 0.0_ 0.8)
47.63192,7.497532,0.008,59.74238,0.000002,36.53945,-0.000007,(0.6_ 0.0_ 0.8)
47.64309,7.551221,0.008,59.7992,0.000001,36.6588,-0.000007,(0.6_ 0.0_ 0.8)
47.65483,7.607751,0.008,59.85883,0.000001,36.77766,-0.000007,(0.6_ 0.0_ 0.8)
47.66516,7.657619,0.008,59.91126,0.000001,36.89615,-0.000007,(0.6_ 0.0_ 0.8)
47.67661,7.712905,0.008,59.96918,0.000001,37.01433,-0.000007,(0.6_ 0.0_ 0.8)
47.68756,7.765942,0.008,60.02455,0.000001,37.13224,-0.000006,(0.6_ 0.0_ 0.8)
47.69895,7.821205,0.008,60.08202,0.000001,37.24995,-0.000006,(0.6_ 0.0_ 0.8)
47.70956,7.872797,0.008,60.13548,0,37.36752,-0.000007,(0.6_ 0.0_ 0.8)
47.72095,7.928306,0.007996,60.19276,0.000012,37.48499,-0.000007,(0.6_ 0.0_ 0.8)
47.73307,7.987436,0.007996,60.25353,0.000012,37.60242,-0.000007,(0.6_ 0.0_ 0.8)
47.74305,8.036259,0.007996,60.30351,0.00001,37.71986,-0.000007,(0.6_ 0.0_ 0.8)
47.75468,8.093282,0.007996,60.36164,0.00001,37.83733,-0.000007,(0.6_ 0.0_ 0.8)
47.76548,8.146309,0.007997,60.41546,0.000007,37.95489,-0.000007,(0.6_ 0.0_ 0.8)
47.77691,8.202615,0.007997,60.47236,0.000007,38.07256,-0.000007,(0.6_ 0.0_ 0.8)
47.78741,8.254405,0.007998,60.52447,0.000005,38.19039,-0.000007,(0.6_ 0.0_ 0.8)
47.79938,8.313591,0.007998,60.58376,0.000005,38.30841,-0.000007,(0.6_ 0.0_ 0.8)
47.8102,8.367243,0.007999,60.63725,0.000003,38.42663,-0.000007,(0.6_ 0.0_ 0.8)
47.82135,8.422629,0.007999,60.69223,0.000003,38.5451,-0.000006,(0.6_ 0.0_ 0.8)
47.83516,8.491439,0.007999,60.76019,0.000003,38.66392,-0.000006,(0.6_ 0.0_ 0.8)
47.84321,8.531591,0.007999,60.79967,0.000003,38.78296,-0.000006,(0.6_ 0.0_ 0.8)
47.8542,8.586569,0.007999,60.85347,0.000003,38.90232,-0.000006,(0.6_ 0.0_ 0.8)
47.86539,8.642734,0.008,60.90816,0.000002,39.02203,-0.000005,(0.6_ 0.0_ 0.8)
47.87669,8.69948,0.008,60.96315,0.000002,39.14214,-0.000005,(0.6_ 0.0_ 0.8)
47.88758,8.754384,0.008,61.01608,0.000002,39.26265,-0.000006,(0.6_ 0.0_ 0.8)
47.89884,8.811259,0.008,61.07063,0.000002,39.38362,-0.000006,(0.6_ 0.0_ 0.8)
47.91026,8.869112,0.008,61.12584,0.000001,39.50507,-0.000006,(0.6_ 0.0_ 0.8)
47.9214,8.925648,0.008,61.1795,-0.000002,39.62703,-0.000006,(0.6_ 0.0_ 0.8)
47.93262,8.982778,0.008,61.23344,-0.000002,39.74954,-0.000006,(0.6_ 0.0_ 0.8)
47.94291,9.035261,0.008,61.28272,-0.000002,39.87258,-0.000006,(0.6_ 0.0_ 0.8)
47.95504,9.097359,0.008,61.34071,-0.000002,39.99628,-0.000006,(0.6_ 0.0_ 0.8)
47.96586,9.152846,0.008,61.39223,0.000015,40.12061,0.000139,(0.6_ 0.0_ 0.8)
47.97637,9.206907,0.008,61.44215,0.000015,40.24559,0.000139,(0.6_ 0.0_ 0.8)
47.98737,9.263591,0.007987,61.49418,0.000019,40.37132,-0.000922,(0.6_ 0.0_ 0.8)
47.99908,9.324183,0.007987,61.54947,0.000021,40.49783,-0.000922,(0.6_ 0.0_ 0.8)
48.0098,9.379751,0.007993,61.59987,0.000013,40.62513,-0.000561,(0.7_ 0.0_ 0.8)
48.02138,9.439939,0.007991,61.65413,0.000014,40.75328,-0.000304,(0.7_ 0.0_ 0.8)
48.03521,9.512077,0.007991,61.71872,0.000015,40.88251,-0.000304,(0.7_ 0.0_ 0.8)
48.04344,9.555099,0.007992,61.75702,0.000013,41.01241,-0.000228,(0.7_ 0.0_ 0.8)
48.0546,9.613631,0.007992,61.80879,0.000013,41.14325,-0.000228,(0.7_ 0.0_ 0.8)
48.06517,9.669194,0.007994,61.85762,0.00001,41.27501,-0.000171,(0.7_ 0.0_ 0.8)
48.07682,9.730674,0.007994,61.91128,0.000011,41.40784,-0.000171,(0.7_ 0.0_ 0.8)
48.08736,9.786385,0.007996,61.95958,0.000007,41.54165,-0.000111,(0.7_ 0.0_ 0.7)
48.09912,9.848791,0.007996,62.01331,0.000008,41.67656,-0.000111,(0.7_ 0.0_ 0.7)
48.10968,9.904933,0.007998,62.06131,0.000004,41.8125,-0.00006,(0.7_ 0.0_ 0.7)
48.1216,9.968549,0.007998,62.11532,0.000004,41.94963,-0.000056,(0.7_ 0.0_ 0.7)
48.13243,10.02655,0.007998,62.16421,0.000004,42.08789,-0.000056,(0.7_ 0.0_ 0.7)
48.14342,10.08553,0.007999,62.21357,0.000003,42.22729,-0.000047,(0.7_ 0.0_ 0.7)
48.15469,10.14618,0.007998,62.26395,0.000003,42.36787,-0.000047,(0.7_ 0.0_ 0.7)
48.16563,10.20529,0.007999,62.31269,0.000003,42.50964,-0.000037,(0.7_ 0.0_ 0.7)
48.17697,10.26672,0.007999,62.36296,0.000003,42.65265,-0.000036,(0.7_ 0.0_ 0.7)
48.18745,10.32368,0.007999,62.40924,0.000002,42.79682,-0.000025,(0.7_ 0.0_ 0.7)
48.19896,10.38637,0.007999,62.45977,0.000002,42.9423,-0.000025,(0.7_ 0.0_ 0.7)
48.20989,10.44613,0.008,62.50756,0.000002,43.089,-0.000014,(0.7_ 0.0_ 0.7)
48.22149,10.50972,0.008,62.55801,0.000002,43.23705,-0.000014,(0.7_ 0.0_ 0.7)
48.23538,10.58619,0.008,62.61816,0.000002,43.3867,-0.000014,(0.7_ 0.0_ 0.7)
48.24332,10.62997,0.008,62.65235,0.000001,43.53729,-0.000012,(0.7_ 0.0_ 0.7)
48.25471,10.69303,0.008,62.70119,0.000001,43.68924,-0.000012,(0.7_ 0.0_ 0.7)
48.26529,10.75174,0.008,62.74629,0.000001,43.84245,-0.00001,(0.7_ 0.0_ 0.7)
48.27697,10.81678,0.008,62.79583,0.000001,43.99707,-0.00001,(0.7_ 0.0_ 0.7)
48.28762,10.87629,0.008,62.84078,0.000001,44.15298,-0.000008,(0.7_ 0.0_ 0.7)
48.29959,10.94336,0.008,62.89101,0.000001,44.31039,-0.000008,(0.7_ 0.0_ 0.7)
48.31625,11.03704,0.008,62.96046,0.000001,44.46987,-0.000009,(0.7_ 0.0_ 0.7)
48.32126,11.06525,0.007998,62.98122,0.000002,44.62996,0.000175,(0.7_ 0.0_ 0.7)
48.33373,11.1358,0.007998,63.03269,0.000002,44.79162,0.000175,(0.7_ 0.0_ 0.7)
48.34398,11.19393,0.007999,63.07473,0.00002,44.95455,0.000169,(0.7_ 0.0_ 0.7)
48.35544,11.25913,0.007999,63.12145,0.00002,45.11892,0.000169,(0.7_ 0.0_ 0.7)
48.3663,11.32113,0.007987,63.16549,0.000023,45.28464,-0.000814,(0.7_ 0.0_ 0.7)
48.37745,11.38491,0.007987,63.21038,0.000025,45.45175,-0.000814,(0.7_ 0.0_ 0.7)
48.38802,11.44559,0.007992,63.2527,0.000017,45.62017,-0.000562,(0.7_ 0.0_ 0.7)
48.39906,11.50916,0.007992,63.29665,0.000018,45.78993,-0.000562,(0.7_ 0.0_ 0.7)
48.41011,11.57299,0.007996,63.34036,0.00001,45.96103,-0.000285,(0.7_ 0.0_ 0.7)
48.42124,11.63746,0.007996,63.38411,0.000007,46.13345,-0.000267,(0.7_ 0.0_ 0.7)
48.43252,11.703,0.007996,63.42817,0.000008,46.30718,-0.000267,(0.7_ 0.0_ 0.7)
48.44582,11.78053,0.007997,63.47978,0.000006,46.48247,-0.000193,(0.7_ 0.0_ 0.7)
48.45423,11.82964,0.007997,63.51218,0.000006,46.6587,-0.000193,(0.7_ 0.0_ 0.7)
48.46542,11.89518,0.007998,63.55503,0.000005,46.8362,-0.000143,(0.7_ 0.0_ 0.7)
48.47712,11.96394,0.007998,63.59954,0.000006,47.01497,-0.000143,(0.7_ 0.0_ 0.7)
48.4874,12.02451,0.007999,63.6384,0.000004,47.19483,-0.000093,(0.7_ 0.0_ 0.7)
48.49906,12.09343,0.007999,63.68218,0.000005,47.37592,-0.000093,(0.7_ 0.0_ 0.7)
48.50996,12.15799,0.007999,63.72282,0.000002,47.55811,-0.000049,(0.7_ 0.0_ 0.7)
48.52139,12.2259,0.007999,63.76515,0.000002,47.74142,-0.000046,(0.7_ 0.0_ 0.7)
48.532,12.28909,0.007999,63.80417,0.000002,47.92577,-0.000046,(0.7_ 0.0_ 0.7)
48.54327,12.35636,0.007999,63.84532,0.000002,48.11115,-0.000039,(0.7_ 0.0_ 0.7)
48.55421,12.42191,0.007999,63.88504,0.000002,48.2975,-0.000039,(0.7_ 0.0_ 0.7)
48.56511,12.48729,0.008,63.92428,0.000002,48.48478,-0.000031,(0.7_ 0.0_ 0.7)
48.57674,12.55726,0.008,63.96587,0.000002,48.67299,-0.000031,(0.8_ 0.0_ 0.7)
48.58777,12.62379,0.007999,64.00506,-0.000019,48.86206,-0.000017,(0.8_ 0.0_ 0.7)
48.59931,12.69357,0.007999,64.04576,-0.000019,49.05198,-0.000017,(0.8_ 0.0_ 0.7)
48.60981,12.75724,0.007999,64.08256,0.000018,49.2426,0.000232,(0.8_ 0.0_ 0.7)
48.62149,12.82819,0.007997,64.12318,0.000018,49.434,0.000013,(0.8_ 0.0_ 0.7)
48.63251,12.89527,0.007997,64.16122,0.000018,49.62606,0.000013,(0.8_ 0.0_ 0.6)
48.64598,12.97748,0.007998,64.20741,0.000013,49.81887,-0.000032,(0.8_ 0.0_ 0.6)
48.65462,13.03032,0.007998,64.23683,0.000013,50.01212,-0.000032,(0.8_ 0.0_ 0.6)
48.6657,13.09822,0.007998,64.27429,0.000009,50.20592,-0.000026,(0.8_ 0.0_ 0.6)
48.67717,13.16868,0.007998,64.31281,0.000009,50.40021,-0.000026,(0.8_ 0.0_ 0.6)
48.68754,13.2325,0.007999,64.34737,0.000006,50.59491,-0.000019,(0.8_ 0.0_ 0.6)
48.69908,13.30367,0.007999,64.38558,0.000006,50.79002,-0.000019,(0.8_ 0.0_ 0.6)
48.7098,13.36996,0.007999,64.42085,0.000003,50.98544,-0.000013,(0.8_ 0.0_ 0.6)
48.72129,13.44109,0.008,64.45835,0.000003,51.18116,-0.000013,(0.8_ 0.0_ 0.6)
48.73238,13.50986,0.007999,64.49429,0.000003,51.37708,-0.000013,(0.8_ 0.0_ 0.6)
48.74327,13.57757,0.008,64.52937,0.000003,51.57316,-0.000012,(0.8_ 0.0_ 0.6)
48.75491,13.65005,0.008,64.5666,0.000003,51.76936,-0.000012,(0.8_ 0.0_ 0.6)
48.76515,13.71393,0.008,64.59913,0.000002,51.9656,-0.000011,(0.8_ 0.0_ 0.6)
48.7767,13.78604,0.008,64.63554,0.000002,52.16182,-0.000011,(0.8_ 0.0_ 0.6)
48.78736,13.85279,0.008,64.66896,0.000001,52.35794,-0.000009,(0.8_ 0.0_ 0.6)
48.79892,13.92525,0.008,64.70496,0.000001,52.55388,-0.000009,(0.8_ 0.0_ 0.6)
48.80984,13.99385,0.008,64.73876,0,52.74964,-0.000007,(0.8_ 0.0_ 0.6)
48.82086,14.06315,0.008,64.77264,0,52.94507,-0.000007,(0.8_ 0.0_ 0.6)
48.83199,14.13325,0.008,64.80665,0,53.14014,-0.000007,(0.8_ 0.0_ 0.6)
48.84335,14.20491,0.008,64.84116,0,53.3347,-0.000007,(0.8_ 0.0_ 0.6)
48.85728,14.29288,0.008,64.88322,0,53.52859,-0.000007,(0.8_ 0.0_ 0.6)
48.86503,14.34185,0.007991,64.90646,0.000004,53.72206,0.000728,(0.8_ 0.0_ 0.6)
48.87686,14.41677,0.007991,64.94177,0.000002,53.91475,0.000728,(0.8_ 0.0_ 0.6)
48.88794,14.48698,0.007984,64.97465,0.000016,54.10665,-0.000417,(0.8_ 0.0_ 0.6)
48.899,14.5572,0.007984,65.00732,0.000018,54.2977,-0.000417,(0.8_ 0.0_ 0.6)
48.90976,14.62558,0.007992,65.03892,0.00001,54.48782,-0.000282,(0.8_ 0.0_ 0.6)
48.92109,14.69762,0.007992,65.07203,0.00001,54.67687,-0.000267,(0.8_ 0.0_ 0.6)
48.93248,14.77018,0.007992,65.10519,0.000011,54.86471,-0.000267,(0.8_ 0.0_ 0.6)
48.9434,14.83976,0.007993,65.13681,0.00001,55.05133,-0.000223,(0.8_ 0.0_ 0.6)
48.95457,14.911,0.007993,65.16902,0.000011,55.23666,-0.000223,(0.8_ 0.0_ 0.6)
48.96539,14.98006,0.007995,65.2001,0.000008,55.42059,-0.000166,(0.8_ 0.0_ 0.6)
48.97678,15.05283,0.007995,65.23269,0.000009,55.60299,-0.000166,(0.8_ 0.0_ 0.6)
48.98786,15.12366,0.007997,65.26428,0.000006,55.78374,-0.000103,(0.8_ 0.0_ 0.6)
48.99903,15.19511,0.007997,65.29603,0.000006,55.96279,-0.000103,(0.8_ 0.0_ 0.6)
49.00956,15.26251,0.007998,65.32586,0.000003,56.14018,-0.000056,(0.8_ 0.0_ 0.6)
49.0213,15.3377,0.007998,65.35905,0.000003,56.31554,-0.000053,(0.8_ 0.0_ 0.6)
49.0324,15.40884,0.007998,65.39034,0.000003,56.48896,-0.000053,(0.8_ 0.0_ 0.6)
49.04332,15.47884,0.007999,65.42106,0.000003,56.6603,-0.000045,(0.8_ 0.0_ 0.5)
49.05549,15.55685,0.007999,65.45524,0.000003,56.82928,-0.000045,(0.8_ 0.0_ 0.5)
49.068,15.63705,0.007999,65.49033,0.000002,56.99579,-0.00003,(0.8_ 0.0_ 0.5)
49.07697,15.69464,0.007999,65.51545,0.000002,57.16045,-0.00003,(0.8_ 0.0_ 0.5)
49.08737,15.76137,0.007999,65.5445,0.000002,57.32292,-0.000021,(0.8_ 0.0_ 0.5)
49.09863,15.83367,0.007999,65.57594,0.000002,57.48302,-0.000021,(0.8_ 0.0_ 0.5)
49.10982,15.90548,0.008,65.60714,0.000001,57.64071,-0.000013,(0.8_ 0.0_ 0.5)
49.12157,15.98097,0.008,65.63992,0.000001,57.79582,-0.000013,(0.8_ 0.0_ 0.5)
49.13238,16.05035,0.008,65.67003,0.000001,57.94855,-0.000013,(0.8_ 0.0_ 0.5)
49.14335,16.12081,0.008,65.70057,0.000001,58.09888,-0.000012,(0.8_ 0.0_ 0.5)
49.15497,16.19545,0.008,65.73293,0.000001,58.24665,-0.000012,(0.9_ 0.0_ 0.5)
49.16577,16.2648,0.008,65.76297,0.000018,58.39205,0.000132,(0.9_ 0.0_ 0.5)
49.1768,16.33567,0.008,65.79366,0.000017,58.53507,0.000133,(0.9_ 0.0_ 0.5)
49.18779,16.4063,0.007986,65.82423,0.000021,58.67572,-0.000987,(0.9_ 0.0_ 0.5)
49.19893,16.47782,0.007986,65.85518,0.000024,58.81401,-0.000987,(0.9_ 0.0_ 0.5)
49.20998,16.54884,0.007993,65.8859,0.000014,58.95,-0.000588,(0.9_ 0.0_ 0.5)
49.22136,16.62194,0.007991,65.91753,0.000016,59.08361,-0.000331,(0.9_ 0.0_ 0.5)
49.23244,16.69314,0.007991,65.94833,0.000017,59.21496,-0.000331,(0.9_ 0.0_ 0.5)
49.24276,16.75942,0.007992,65.97697,0.000015,59.34422,-0.000266,(0.9_ 0.0_ 0.5)
49.2545,16.83487,0.007992,66.0096,0.000016,59.47113,-0.000266,(0.9_ 0.0_ 0.5)
49.26518,16.90348,0.007994,66.03925,0.000012,59.59593,-0.000199,(0.9_ 0.0_ 0.5)
49.27925,16.99384,0.007994,66.07838,0.000012,59.71798,-0.000199,(0.9_ 0.0_ 0.5)
49.28761,17.0476,0.007996,66.10162,0.000008,59.83841,-0.000126,(0.9_ 0.0_ 0.5)
49.29913,17.12156,0.007996,66.13361,0.000008,59.9566,-0.000126,(0.9_ 0.0_ 0.5)
49.31047,17.19444,0.007998,66.16514,0.000004,60.07259,-0.000063,(0.9_ 0.0_ 0.5)
49.32106,17.26248,0.007998,66.19458,0.000004,60.18655,-0.00006,(0.9_ 0.0_ 0.5)
49.33258,17.33651,0.007998,66.22663,0.000004,60.29824,-0.00006,(0.9_ 0.0_ 0.5)
49.34317,17.40451,0.007998,66.25609,0.000004,60.40785,-0.000051,(0.9_ 0.0_ 0.5)
49.35482,17.47934,0.007998,66.28854,0.000004,60.51514,-0.000051,(0.9_ 0.0_ 0.5)
49.36578,17.54971,0.007999,66.31908,0.000003,60.62023,-0.000039,(0.9_ 0.0_ 0.5)
49.37724,17.62324,0.007999,66.35104,0.000003,60.72301,-0.000039,(0.9_ 0.0_ 0.5)
49.38788,17.69155,0.007999,66.38076,0.000002,60.82361,-0.000025,(0.9_ 0.0_ 0.5)
49.39901,17.76296,0.007999,66.41187,0.000002,60.92194,-0.000025,(0.9_ 0.0_ 0.5)
49.40985,17.83255,0.008,66.44223,0.000001,61.01804,-0.000016,(0.9_ 0.0_ 0.5)
49.42194,17.9101,0.008,66.47614,0.000001,61.11166,-0.000015,(0.9_ 0.0_ 0.5)
49.43292,17.98049,0.008,66.50697,0.000001,61.20303,-0.000015,(0.9_ 0.0_ 0.5)
49.44358,18.04885,0.008,66.53696,0.000001,61.29224,-0.000013,(0.9_ 0.0_ 0.5)
49.4547,18.12011,0.008,66.56828,0.000001,61.37919,-0.000013,(0.9_ 0.0_ 0.5)
49.46573,18.19077,0.008,66.59939,0.000001,61.46392,-0.000011,(0.9_ 0.0_ 0.5)
49.47945,18.27858,0.008,66.63819,0.000001,61.54594,-0.000011,(0.9_ 0.0_ 0.5)
49.48762,18.33091,0.007999,66.66132,-0.00002,61.62637,-0.000004,(0.9_ 0.0_ 0.5)
49.4991,18.40433,0.008,66.69384,-0.00002,61.70459,-0.000004,(0.9_ 0.0_ 0.5)
49.51003,18.47426,0.007999,66.72488,0.000019,61.78075,0.000242,(0.9_ 0.0_ 0.5)
49.52171,18.54899,0.007997,66.75811,0.000019,61.85477,-0.000009,(0.9_ 0.0_ 0.5)
49.53283,18.62007,0.007996,66.78978,0.000019,61.92678,-0.000009,(0.9_ 0.0_ 0.5)
49.54322,18.68654,0.007997,66.81944,0.000016,61.99696,-0.00003,(0.9_ 0.0_ 0.5)
49.55463,18.75945,0.007997,66.85205,0.000016,62.06519,-0.00003,(0.9_ 0.0_ 0.5)
49.5653,18.8276,0.007998,66.88257,0.000012,62.13167,-0.000025,(0.9_ 0.0_ 0.5)
49.57689,18.90165,0.007998,66.91579,0.000012,62.1963,-0.000025,(0.9_ 0.0_ 0.5)
49.58769,18.97059,0.007999,66.94677,0.000008,62.25933,-0.000019,(0.9_ 0.0_ 0.5)
49.59978,19.04776,0.007999,66.9815,0.000008,62.32059,-0.000019,(0.9_ 0.0_ 0.5)
49.61025,19.11459,0.007999,67.0116,0.000004,62.3804,-0.000014,(0.9_ 0.0_ 0.5)
49.6212,19.18445,0.007999,67.04311,0.000004,62.4388,-0.000013,(0.9_ 0.0_ 0.5)
49.63246,19.2563,0.007999,67.07554,0.000004,62.49581,-0.000013,(0.9_ 0.0_ 0.5)
49.64318,19.32465,0.007999,67.10642,0.000003,62.55159,-0.000012,(0.9_ 0.0_ 0.5)
49.65499,19.39999,0.007999,67.14048,0.000003,62.60609,-0.000012,(0.9_ 0.0_ 0.5)
49.66544,19.46665,0.008,67.17062,0.000002,62.6595,-0.00001,(0.9_ 0.0_ 0.5)
49.67736,19.54266,0.008,67.20502,0.000002,62.71178,-0.00001,(0.9_ 0.0_ 0.5)
49.69528,19.65694,0.008,67.25681,0.000001,62.76248,-0.000009,(0.9_ 0.0_ 0.5)
49.70028,19.68879,0.007999,67.27123,0.000001,62.81276,0.000031,(0.9_ 0.0_ 0.5)
49.71016,19.75179,0.007999,67.29974,0.000001,62.86229,0.000031,(0.9_ 0.0_ 0.5)
49.72068,19.81894,0.008,67.33012,0.000001,62.91105,0.000035,(0.9_ 0.0_ 0.5)
49.73229,19.89294,0.008,67.36359,0.000001,62.95906,0.000035,(0.9_ 0.0_ 0.5)
49.74307,19.96171,0.008,67.39468,0.000001,63.00641,0.000029,(0.9_ 0.0_ 0.5)
49.75439,20.03394,0.008,67.42732,0.000001,63.0531,0.000029,(0.9_ 0.0_ 0.5)
49.76527,20.10336,0.008,67.45867,0,63.09924,0.00002,(0.9_ 0.0_ 0.5)
49.77689,20.17745,0.008,67.49211,0,63.14481,0.00002,(0.9_ 0.0_ 0.5)
49.78765,20.24615,0.007986,67.52309,0.000009,63.18992,-0.001102,(0.9_ 0.0_ 0.5)
49.79923,20.32004,0.007986,67.55637,0.00001,63.23457,-0.001102,(0.9_ 0.0_ 0.5)
49.80999,20.38876,0.007994,67.5873,0.000086,63.27883,-0.000652,(0.9_ 0.0_ 0.4)
49.82111,20.45975,0.007992,67.61921,0.000083,63.32272,-0.000443,(0.9_ 0.0_ 0.4)
49.83293,20.53523,0.007992,67.6531,0.000084,63.36625,-0.000443,(0.9_ 0.0_ 0.4)
49.84309,20.60011,0.007993,67.68219,0.000071,63.40958,-0.000354,(0.9_ 0.0_ 0.4)
49.85439,20.67228,0.007993,67.7145,0.000071,63.45271,-0.000354,(0.9_ 0.0_ 0.4)
49.8657,20.74459,0.007995,67.74683,0.000051,63.49569,-0.000255,(0.9_ 0.0_ 0.4)
49.87733,20.81891,0.007995,67.77998,0.000051,63.53865,-0.000255,(0.9_ 0.0_ 0.4)
49.89039,20.90244,0.007998,67.81715,0.000025,63.58168,-0.000128,(0.9_ 0.0_ 0.4)
49.8994,20.96007,0.007998,67.84274,0.000025,63.62486,-0.000128,(0.9_ 0.0_ 0.4)
49.9101,21.02852,0.007999,67.87306,0.000012,63.66827,-0.000066,(0.9_ 0.0_ 0.4)
49.92161,21.10226,0.007999,67.90562,0.000011,63.71202,-0.000061,(0.9_ 0.0_ 0.4)
49.93254,21.1723,0.007999,67.93645,0.000012,63.75623,-0.000061,(0.9_ 0.0_ 0.4)
49.94354,21.24285,0.007999,67.96738,0.000009,63.80097,-0.000051,(0.9_ 0.0_ 0.4)
49.95451,21.31321,0.007999,67.99812,0.000009,63.84632,-0.000051,(0.9_ 0.0_ 0.4)
49.96571,21.38504,0.007999,68.02937,0.000007,63.89243,-0.000039,(0.9_ 0.0_ 0.4)
49.97679,21.45625,0.007999,68.06021,0.000007,63.93938,-0.000039,(0.9_ 0.0_ 0.4)
49.98777,21.52682,0.008,68.09063,0.000004,63.98729,-0.000027,(0.9_ 0.0_ 0.4)
49.99926,21.60075,0.008,68.12233,0.000004,64.03624,-0.000027,(0.9_ 0.0_ 0.4)
50.01027,21.67164,0.008,68.15257,0.000001,64.08629,-0.000017,(0.9_ 0.0_ 0.4)
50.0215,21.74403,0.008,68.18326,0.000001,64.13757,-0.000016,(0.9_ 0.0_ 0.4)
50.03244,21.81462,0.008,68.21301,0.000001,64.1901,-0.000016,(0.9_ 0.0_ 0.4)
50.0432,21.88404,0.008,68.24208,-0.000008,64.24399,-0.000012,(0.9_ 0.0_ 0.4)
50.05471,21.95843,0.008,68.27303,-0.000008,64.29935,-0.000012,(0.9_ 0.0_ 0.4)
50.06555,22.02856,0.008,68.30199,-0.000006,64.35616,-0.000011,(0.9_ 0.0_ 0.4)
50.077,22.10271,0.008,68.3324,-0.000006,64.41462,-0.000011,(0.9_ 0.0_ 0.4)
50.08773,22.1723,0.008,68.36072,0.000019,64.47465,0.000184,(0.9_ 0.0_ 0.4)
50.10255,22.2685,0.007995,68.39949,0.000019,64.53703,-0.000184,(0.9_ 0.0_ 0.4)
50.11013,22.31777,0.007995,68.41922,0.000019,64.60062,-0.000184,(0.9_ 0.0_ 0.4)
50.12113,22.38937,0.007995,68.44765,0.000018,64.66602,-0.000182,(0.9_ 0.0_ 0.4)
50.13229,22.46205,0.007995,68.47624,0.000019,64.73336,-0.000182,(0.9_ 0.0_ 0.4)
50.14333,22.53404,0.007996,68.5043,0.000016,64.80266,-0.000154,(0.9_ 0.0_ 0.4)
50.15499,22.61019,0.007996,68.5337,0.000016,64.87405,-0.000154,(0.9_ 0.0_ 0.4)
50.16562,22.67972,0.007997,68.56028,0.000011,64.94746,-0.000113,(0.9_ 0.0_ 0.4)
50.17707,22.75466,0.007997,68.58863,0.000012,65.02307,-0.000113,(0.9_ 0.0_ 0.4)
50.18798,22.82623,0.007998,68.61542,0.000007,65.10087,-0.000072,(0.9_ 0.0_ 0.4)
50.19944,22.90145,0.007998,68.64326,0.000007,65.18099,-0.000071,(0.9_ 0.0_ 0.4)
50.21091,22.97683,0.007999,68.67083,0.000003,65.26347,-0.000035,(0.9_ 0.0_ 0.4)
50.22139,23.0458,0.007999,68.69577,0.000003,65.34819,-0.000033,(0.9_ 0.0_ 0.4)
50.23282,23.12116,0.007999,68.72269,0.000003,65.43539,-0.000033,(0.9_ 0.0_ 0.4)
50.24328,23.19021,0.007999,68.74705,0.000003,65.52493,-0.000029,(0.9_ 0.0_ 0.4)
50.25507,23.26814,0.007999,68.77418,0.000003,65.61709,-0.000029,(0.9_ 0.0_ 0.4)
50.2658,23.33917,0.008,68.79858,0.000002,65.71169,-0.000022,(0.9_ 0.0_ 0.4)
50.27691,23.41285,0.008,68.82355,0.000002,65.80888,-0.000022,(0.9_ 0.0_ 0.4)
50.28787,23.48559,0.008,68.84785,0.000001,65.90862,-0.000016,(0.9_ 0.0_ 0.4)
50.30206,23.58001,0.007996,68.87887,0.000003,66.01174,0.000288,(0.9_ 0.0_ 0.4)
50.31038,23.6354,0.007996,68.89683,0.000002,66.11687,0.000288,(0.9_ 0.0_ 0.4)
50.32115,23.7072,0.007996,68.91975,0.000001,66.22458,0.00028,(0.9_ 0.0_ 0.4)
50.33282,23.78516,0.007997,68.94424,0.000001,66.33514,0.00028,(0.9_ 0.0_ 0.4)
50.34324,23.85483,0.007991,68.96578,0.000005,66.44823,-0.000254,(0.9_ 0.0_ 0.4)
50.35493,23.93308,0.007991,68.98957,0.000005,66.56417,-0.000254,(0.9_ 0.0_ 0.4)
50.36584,24.00629,0.007993,69.01145,0.000004,66.68279,-0.000228,(0.9_ 0.0_ 0.4)
50.37744,24.08421,0.007993,69.03432,0.000005,66.80422,-0.000228,(0.9_ 0.0_ 0.4)
50.38772,24.15334,0.007996,69.05428,0.000003,66.92817,-0.000146,(0.9_ 0.0_ 0.4)
50.39905,24.22965,0.007996,69.07589,0.000003,67.05486,-0.000146,(0.9_ 0.0_ 0.4)
50.40993,24.30304,0.007998,69.09629,0.000002,67.18416,-0.000077,(0.9_ 0.0_ 0.4)
50.42177,24.38299,0.007998,69.11808,0.000002,67.31629,-0.000071,(0.9_ 0.0_ 0.4)
50.43301,24.459,0.007998,69.13839,0.000002,67.45107,-0.000071,(0.9_ 0.0_ 0.4)
50.44361,24.53076,0.007999,69.1572,0.000002,67.58832,-0.00006,(0.9_ 0.0_ 0.4)
50.45481,24.6067,0.007998,69.1767,0.000002,67.72815,-0.00006,(0.9_ 0.0_ 0.4)
