time,pos_x,pos_y,pos_z,rot_x,rot_y,rot_z,forward_direction
113.2908,0,0,0,0,0,0,(0.0_ 0.0_ 1.0)
113.2908,0,0,0,0,0,0,(0.0_ 0.0_ 1.0)
113.2908,0,0,0,0,0,0,(0.0_ 0.0_ 1.0)
113.2908,0,0,0,0,0,0,(0.0_ 0.0_ 1.0)
113.2908,0,0,0,0,0,0,(0.0_ 0.0_ 1.0)
113.2908,0,0,0,0,0,0,(0.0_ 0.0_ 1.0)
113.2908,0,0,0,0,0,0,(0.0_ 0.0_ 1.0)
113.2908,0,0,0,0,0,0,(0.0_ 0.0_ 1.0)
113.2908,0,0,0,0,0,0,(0.0_ 0.0_ 1.0)
113.2908,0,0,0,0,0,0,(0.0_ 0.0_ 1.0)
113.2908,0,0,0,0,0,0,(0.0_ 0.0_ 1.0)
113.2908,0,0,0,0,0,0,(0.0_ 0.0_ 1.0)
113.2908,0,0,0,0,0,0,(0.0_ 0.0_ 1.0)
113.2908,0,0,0,0,0,0,(0.0_ 0.0_ 1.0)
113.2908,0,0,0,0,0,0,(0.0_ 0.0_ 1.0)
113.2908,0,0,0,0,0,0,(0.0_ 0.0_ 1.0)
113.2908,0,0,0,0,0,0,(0.0_ 0.0_ 1.0)
113.2908,0,0,0,0,0,0,(0.0_ 0.0_ 1.0)
113.2908,0,0,0,0,0,0,(0.0_ 0.0_ 1.0)
113.2908,0,0,0,0,0,0,(0.0_ 0.0_ 1.0)
113.2908,0,0,0,0,0,0,(0.0_ 0.0_ 1.0)
113.2908,0,0,0,0,0,0,(0.0_ 0.0_ 1.0)
113.2908,0,0,0,0,0,0,(0.0_ 0.0_ 1.0)
113.2908,0,0,0,0,0,0,(0.0_ 0.0_ 1.0)
113.2908,0,0,0,0,0,0,(0.0_ 0.0_ 1.0)
113.2908,0,0,0,0,0,0,(0.0_ 0.0_ 1.0)
113.2908,0,0,0,0,0,0,(0.0_ 0.0_ 1.0)
113.2908,0,0,0,0,0,0,(0.0_ 0.0_ 1.0)
113.2908,0,0,0,0,0,0,(0.0_ 0.0_ 1.0)
113.2908,0,0,0,0,0,0,(0.0_ 0.0_ 1.0)
113.2908,0,0,0,0,0,0,(0.0_ 0.0_ 1.0)
113.2908,0,0,0,0,0,0,(0.0_ 0.0_ 1.0)
113.2908,0,0,0,0,0,0,(0.0_ 0.0_ 1.0)
113.2908,0,0,0,0,0,0,(0.0_ 0.0_ 1.0)
113.2908,0,0,0,0,0,0,(0.0_ 0.0_ 1.0)
113.2908,0,0,0,0,0,0,(0.0_ 0.0_ 1.0)
113.2908,0,0,0,0,0,0,(0.0_ 0.0_ 1.0)
113.2908,0,0,0,0,0,0,(0.0_ 0.0_ 1.0)
113.2908,0,0,0,0,0,0,(0.0_ 0.0_ 1.0)
113.2908,0,0,0,0,0,0,(0.0_ 0.0_ 1.0)
113.2908,0,0,0,0,0,0,(0.0_ 0.0_ 1.0)
113.2908,0,0,0,0,0,0,(0.0_ 0.0_ 1.0)
113.2908,0,0,0,0,0,0,(0.0_ 0.0_ 1.0)
113.2908,0,0,0,0,0,0,(0.0_ 0.0_ 1.0)
113.2908,0,0,0,0,0,0,(0.0_ 0.0_ 1.0)
113.2908,0,0,0,0,0,0,(0.0_ 0.0_ 1.0)
113.2908,0,0,0,0,0,0,(0.0_ 0.0_ 1.0)
113.2908,0,0,0,0,0,0,(0.0_ 0.0_ 1.0)
113.2908,0,0,0,0,0,0,(0.0_ 0.0_ 1.0)
113.2908,0,0,0,0,0,0,(0.0_ 0.0_ 1.0)
113.2908,0,0,0,0,0,0,(0.0_ 0.0_ 1.0)
113.2908,0,0,0,0,0,0,(0.0_ 0.0_ 1.0)
113.2908,0,0,0,0,0,0,(0.0_ 0.0_ 1.0)
113.2908,0,0,0,0,0,0,(0.0_ 0.0_ 1.0)
113.2908,0,0,0,0,0,0,(0.0_ 0.0_ 1.0)
113.2908,0,0,0,0,0,0,(0.0_ 0.0_ 1.0)
113.2908,0,0,0,0,0,0,(0.0_ 0.0_ 1.0)
113.2908,0,0,0,0,0,0,(0.0_ 0.0_ 1.0)
113.2908,0,0,0,0,0,0,(0.0_ 0.0_ 1.0)
113.2908,0,0,0,0,0,0,(0.0_ 0.0_ 1.0)
113.2908,0,0,0,0,0,0,(0.0_ 0.0_ 1.0)
113.2908,0,0,0,0,0,0,(0.0_ 0.0_ 1.0)
113.2908,0,0,0,0,0,0,(0.0_ 0.0_ 1.0)
113.2908,0,0,0,0,0,0,(0.0_ 0.0_ 1.0)
113.2908,0,0,0,0,0,0,(0.0_ 0.0_ 1.0)
113.2908,0,0,0,0,0,0,(0.0_ 0.0_ 1.0)
113.2908,0,0,0,0,0,0,(0.0_ 0.0_ 1.0)
113.2908,0,0,0,0,0,0,(0.0_ 0.0_ 1.0)
113.2908,0,0,0,0,0,0,(0.0_ 0.0_ 1.0)
113.2908,0,0,0,0,0,0,(0.0_ 0.0_ 1.0)
113.2908,0,0,0,0,0,0,(0.0_ 0.0_ 1.0)
113.2908,0,0,0,0,0,0,(0.0_ 0.0_ 1.0)
113.2908,0,0,0,0,0,0,(0.0_ 0.0_ 1.0)
113.2908,0,0,0,0,0,0,(0.0_ 0.0_ 1.0)
113.2908,0,0,0,0,0,0,(0.0_ 0.0_ 1.0)
113.2908,0,0,0,0,0,0,(0.0_ 0.0_ 1.0)
113.2908,0,0,0,0,0,0,(0.0_ 0.0_ 1.0)
113.2908,0,0,0,0,0,0,(0.0_ 0.0_ 1.0)
113.2908,0,0,0,0,0,0,(0.0_ 0.0_ 1.0)
113.2908,0,0,0,0,0,0,(0.0_ 0.0_ 1.0)
113.2908,0,0,0,0,0,0,(0.0_ 0.0_ 1.0)
113.2908,0,0,0,0,0,0,(0.0_ 0.0_ 1.0)
113.2908,0,0,0,0,0,0,(0.0_ 0.0_ 1.0)
113.2908,0,0,0,0,0,0,(0.0_ 0.0_ 1.0)
113.2908,0,0,0,0,0,0,(0.0_ 0.0_ 1.0)
113.2908,0,0,0,0,0,0,(0.0_ 0.0_ 1.0)
113.2908,0,0,0,0,0,0,(0.0_ 0.0_ 1.0)
113.2908,0,0,0,0,0,0,(0.0_ 0.0_ 1.0)
113.2908,0,0,0,0,0,0,(0.0_ 0.0_ 1.0)
113.2908,0,0,0,0,0,0,(0.0_ 0.0_ 1.0)
113.2908,0,0,0,0,0,0,(0.0_ 0.0_ 1.0)
113.2908,0,0,0,0,0,0,(0.0_ 0.0_ 1.0)
113.2908,0,0,0,0,0,0,(0.0_ 0.0_ 1.0)
113.2908,0,0,0,0,0,0,(0.0_ 0.0_ 1.0)
113.2908,0,0,0,0,0,0,(0.0_ 0.0_ 1.0)
113.2908,0,0,0,0,0,0,(0.0_ 0.0_ 1.0)
113.2908,0,0,0,0,0,0,(0.0_ 0.0_ 1.0)
113.2908,0,0,0,0,0,0,(0.0_ 0.0_ 1.0)
113.2908,0,0,0,0,0,0,(0.0_ 0.0_ 1.0)
113.2908,0,0,0,0,0,0,(0.0_ 0.0_ 1.0)
113.2908,0,0,0,0,0,0,(0.0_ 0.0_ 1.0)
113.2908,0,0,0,0,0,0,(0.0_ 0.0_ 1.0)
113.2908,0,0,0,0,0,0,(0.0_ 0.0_ 1.0)
113.2908,0,0,0,0,0,0,(0.0_ 0.0_ 1.0)
113.2908,0,0,0,0,0,0,(0.0_ 0.0_ 1.0)
113.2908,0,0,0,0,0,0,(0.0_ 0.0_ 1.0)
113.2908,0,0,0,0,0,0,(0.0_ 0.0_ 1.0)
113.2908,0,0,0,0,0,0,(0.0_ 0.0_ 1.0)
113.2908,0,0,0,0,0,0,(0.0_ 0.0_ 1.0)
113.2908,0,0,0,0,0,0,(0.0_ 0.0_ 1.0)
113.2908,0,0,0,0,0,0,(0.0_ 0.0_ 1.0)
113.2908,0,0,0,0,0,0,(0.0_ 0.0_ 1.0)
113.2908,0,0,0,0,0,0,(0.0_ 0.0_ 1.0)
113.2908,0,0,0,0,0,0,(0.0_ 0.0_ 1.0)
113.2908,0,0,0,0,0,0,(0.0_ 0.0_ 1.0)
113.2908,0,0,0,0,0,0,(0.0_ 0.0_ 1.0)
113.2908,0,0,0,0,0,0,(0.0_ 0.0_ 1.0)
113.2908,0,0,0,0,0,0,(0.0_ 0.0_ 1.0)
113.2908,0,0,0,0,0,0,(0.0_ 0.0_ 1.0)
113.2908,0,0,0,0,0,0,(0.0_ 0.0_ 1.0)
113.2908,0,0,0,0,0,0,(0.0_ 0.0_ 1.0)
113.2908,0,0,0,0,0,0,(0.0_ 0.0_ 1.0)
113.2908,0,0,0,0,0,0,(0.0_ 0.0_ 1.0)
113.2908,0,0,0,0,0,0,(0.0_ 0.0_ 1.0)
113.2908,0,0,0,0,0,0,(0.0_ 0.0_ 1.0)
113.2908,0,0,0,0,0,0,(0.0_ 0.0_ 1.0)
113.2908,0,0,0,0,0,0,(0.0_ 0.0_ 1.0)
113.2908,0,0,0,0,0,0,(0.0_ 0.0_ 1.0)
113.2908,0,0,0,0,0,0,(0.0_ 0.0_ 1.0)
113.3044,0,0.001776,0.095211,0,0.00001,-0.000089,(0.0_ 0.0_ 1.0)
113.3139,0,0.001776,0.161482,0,0.00001,-0.000089,(0.0_ 0.0_ 1.0)
113.3242,0,0.003086,0.233587,0.000002,0.000054,-0.000384,(0.0_ 0.0_ 1.0)
113.3361,0,0.003086,0.316506,0.000002,0.000054,-0.000384,(0.0_ 0.0_ 1.0)
113.3471,0,0.004833,0.393898,0.000001,0.000092,-0.000285,(0.0_ 0.0_ 1.0)
113.358,0,0.004833,0.470351,0.000001,0.000092,-0.000285,(0.0_ 0.0_ 1.0)
113.3688,0,0.006221,0.545484,0.000001,0.00011,-0.000187,(0.0_ 0.0_ 1.0)
113.3807,0,0.006281,0.628811,0.000001,0.000116,-0.000126,(0.0_ 0.0_ 1.0)
113.3913,0,0.006281,0.70336,0.000001,0.000116,-0.000126,(0.0_ 0.0_ 1.0)
113.4024,0,0.006484,0.780677,0,0.000118,-0.000062,(0.0_ 0.0_ 1.0)
113.4139,0,0.006484,0.861646,0,0.000118,-0.000062,(0.0_ 0.0_ 1.0)
113.4249,0.000001,0.006851,0.938073,0,0.000123,-0.000057,(0.0_ 0.0_ 1.0)
113.4409,0.000001,0.006902,1.050302,0,0.000127,-0.000054,(0.0_ 0.0_ 1.0)
113.4494,0.000001,0.006902,1.109698,0,0.000127,-0.000054,(0.0_ 0.0_ 1.0)
113.4598,0.000001,0.006902,1.182811,0,0.000127,-0.000054,(0.0_ 0.0_ 1.0)
113.4687,0.000001,0.007378,1.244749,0,0.000133,-0.000043,(0.0_ 0.0_ 1.0)
113.4799,0.000001,0.007378,1.323408,0,0.000133,-0.000043,(0.0_ 0.0_ 1.0)
113.4904,0.000002,0.0077,1.396749,0,0.000137,-0.000037,(0.0_ 0.0_ 1.0)
113.5021,0.000002,0.007732,1.479099,0.000001,0.000139,-0.00003,(0.0_ 0.0_ 1.0)
113.5157,0.000002,0.007732,1.573718,0.000001,0.000139,-0.00003,(0.0_ 0.0_ 1.0)
113.524,0.000002,0.007786,1.632267,0,0.000142,-0.000021,(0.0_ 0.0_ 1.0)
113.5353,0.000002,0.007786,1.711115,0,0.000142,-0.000021,(0.0_ 0.0_ 1.0)
113.5464,0.000002,0.007855,1.788868,0,0.000146,-0.000011,(0.0_ 0.0_ 1.0)
113.5578,0.000003,0.007855,1.8685,0,0.000146,-0.000011,(0.0_ 0.0_ 1.0)
113.569,0.000003,0.00792,1.946939,0,0.000151,-0.000009,(0.0_ 0.0_ 1.0)
113.5802,0.000003,0.007921,2.025767,0,0.000153,-0.00001,(0.0_ 0.0_ 1.0)
113.5913,0.000003,0.007921,2.10314,0,0.000153,-0.00001,(0.0_ 0.0_ 1.0)
113.6021,0.000003,0.007929,2.178735,0,0.000155,-0.000007,(0.0_ 0.0_ 1.0)
113.6137,0.000004,0.007929,2.259915,0,0.000155,-0.000007,(0.0_ 0.0_ 1.0)
113.6244,0.000004,0.007945,2.334743,0,0.000157,-0.000008,(0.0_ 0.0_ 1.0)
113.6359,0.000004,0.007945,2.415314,0,0.000157,-0.000008,(0.0_ 0.0_ 1.0)
113.6468,0.000004,0.007963,2.491429,0,0.000159,-0.000008,(0.0_ 0.0_ 1.0)
113.6581,0.000004,0.007963,2.571164,0,0.000159,-0.000008,(0.0_ 0.0_ 1.0)
113.669,0.000005,0.00798,2.646897,0,0.000161,-0.000007,(0.0_ 0.0_ 1.0)
113.6804,0.000005,0.00798,2.727065,-0.000001,0.000162,-0.000006,(0.0_ 0.0_ 1.0)
113.6913,0.000005,0.00798,2.803076,-0.000001,0.000162,-0.000006,(0.0_ 0.0_ 1.0)
113.7023,0.000005,0.007982,2.879959,-0.000001,0.000163,-0.000007,(0.0_ 0.0_ 1.0)
113.7161,0.000006,0.007982,2.976805,-0.000001,0.000163,-0.000007,(0.0_ 0.0_ 1.0)
113.7244,0.000006,0.007986,3.035034,-0.000001,0.000164,-0.000005,(0.0_ 0.0_ 1.0)
113.736,0.000006,0.007986,3.116074,-0.000001,0.000164,-0.000005,(0.0_ 0.0_ 1.0)
113.747,0.000006,0.007991,3.193408,0,0.000165,-0.000005,(0.0_ 0.0_ 1.0)
113.7584,0.000006,0.007991,3.272698,0,0.000165,-0.000005,(0.0_ 0.0_ 1.0)
113.7693,0.000007,0.007995,3.348955,0,0.000166,-0.000005,(0.0_ 0.0_ 1.0)
113.7805,0.000007,0.007995,3.427322,0,0.000167,-0.000003,(0.0_ 0.0_ 1.0)
113.7918,0.000007,0.007995,3.506413,0,0.000167,-0.000003,(0.0_ 0.0_ 1.0)
113.8024,0.000007,0.007996,3.580738,0,0.000167,-0.000005,(0.0_ 0.0_ 1.0)
113.8138,0.000007,0.007996,3.660484,0,0.000167,-0.000005,(0.0_ 0.0_ 1.0)
113.8245,0.000008,0.007997,3.735805,0,0.000168,-0.000006,(0.0_ 0.0_ 1.0)
113.8362,0.000008,0.007997,3.817222,0,0.000168,-0.000006,(0.0_ 0.0_ 1.0)
113.8472,0.000008,0.007998,3.894379,0,0.000169,-0.000006,(0.0_ 0.0_ 1.0)
113.8581,0.000008,0.007998,3.970632,0,0.000169,-0.000006,(0.0_ 0.0_ 1.0)
113.8691,0.000009,0.007999,4.047947,0,0.00017,-0.000006,(0.0_ 0.0_ 1.0)
113.8806,0.000009,0.007999,4.128636,0,0.00017,-0.000006,(0.0_ 0.0_ 1.0)
113.8916,0.000009,0.007999,4.205283,0,0.00017,-0.000006,(0.0_ 0.0_ 1.0)
113.9029,0.000009,0.007999,4.28477,0,0.000171,-0.000007,(0.0_ 0.0_ 1.0)
113.9163,0.00001,0.007999,4.378331,0,0.000171,-0.000007,(0.0_ 0.0_ 1.0)
113.9247,0.00001,0.007999,4.436701,0,0.000172,-0.000006,(0.0_ 0.0_ 1.0)
113.9362,0.00001,0.007999,4.517445,0,0.000172,-0.000006,(0.0_ 0.0_ 1.0)
113.9472,0.00001,0.008,4.59462,0,0.000173,-0.000007,(0.0_ 0.0_ 1.0)
113.9586,0.00001,0.008,4.674485,0,0.000173,-0.000007,(0.0_ 0.0_ 1.0)
113.9692,0.000011,0.008,4.748207,0,0.000173,-0.000006,(0.0_ 0.0_ 1.0)
113.9808,0.000011,0.008,4.829708,0,0.000174,-0.000005,(0.0_ 0.0_ 1.0)
113.9918,0.000011,0.008,4.906406,0,0.000174,-0.000005,(0.0_ 0.0_ 1.0)
114.0027,0.000011,0.008,4.982808,0,0.000175,-0.000006,(0.0_ 0.0_ 1.0)
114.0142,0.000012,0.008,5.063842,0,0.000175,-0.000006,(0.0_ 0.0_ 1.0)
114.0251,0.000012,0.008,5.139534,0,0.000175,-0.000004,(0.0_ 0.0_ 1.0)
114.0362,0.000012,0.008,5.217515,0,0.000175,-0.000004,(0.0_ 0.0_ 1.0)
114.0471,0.000012,0.008,5.294121,0,0.000176,-0.000006,(0.0_ 0.0_ 1.0)
114.0588,0.000013,0.008,5.375963,0,0.000176,-0.000006,(0.0_ 0.0_ 1.0)
114.0691,0.000013,0.008,5.447623,0,0.000177,-0.000004,(0.0_ 0.0_ 1.0)
114.0806,0.000013,0.007999,5.528155,0,0.000177,0.000079,(0.0_ 0.0_ 1.0)
114.0917,0.000013,0.007999,5.606112,0,0.000177,0.000079,(0.0_ 0.0_ 1.0)
114.1026,0.000013,0.007998,5.682236,0.000027,0.000173,0.002418,(0.0_ 0.0_ 1.0)
114.1147,0.000014,0.007998,5.766726,0.000027,0.000173,0.002418,(0.0_ 0.0_ 1.0)
114.1276,0.000014,0.007989,5.857443,0.000044,0.000182,0.000244,(0.0_ 0.0_ 1.0)
114.1364,0.000014,0.007988,5.918921,0.000044,0.000182,0.000244,(0.0_ 0.0_ 1.0)
114.1471,0.000014,0.007985,5.993965,0.000046,0.000186,0.000769,(0.0_ 0.0_ 1.0)
114.1586,0.000015,0.007985,6.0742,0.000046,0.000186,0.000769,(0.0_ 0.0_ 1.0)
114.1694,0.000015,0.00798,6.149635,0.000048,0.00019,0.00002,(0.0_ 0.0_ 1.0)
114.181,0.000015,0.00798,6.230947,0.000054,0.000192,0.001863,(0.0_ 0.0_ 1.0)
114.1919,0.000016,0.00798,6.307722,0.000054,0.000192,0.001863,(0.0_ 0.0_ 1.0)
114.2027,0.000016,0.007979,6.383011,0.000043,0.000188,-0.001444,(0.0_ 0.0_ 1.0)
114.2145,0.000016,0.007979,6.465444,0.000043,0.000188,-0.001444,(0.0_ 0.0_ 1.0)
114.2248,0.000016,0.007979,6.537425,0.000051,0.000191,0.001087,(0.0_ 0.0_ 1.0)
114.2364,0.000017,0.007979,6.619154,0.000051,0.000191,0.001087,(0.0_ 0.0_ 1.0)
114.2474,0.000017,0.007977,6.696188,0.000047,0.000187,-0.000493,(0.0_ 0.0_ 1.0)
114.2586,0.000017,0.007977,6.774469,0.000047,0.000187,-0.000493,(0.0_ 0.0_ 1.0)
114.2695,0.000017,0.007976,6.850681,0.000049,0.000187,0.000111,(0.0_ 0.0_ 1.0)
114.2808,0.000018,0.007976,6.929912,0.000042,0.000183,-0.001878,(0.0_ 0.0_ 1.0)
114.2919,0.000018,0.007976,7.00728,0.000042,0.000183,-0.001878,(0.0_ 0.0_ 1.0)
114.3025,0.000018,0.007976,7.081418,0.000054,0.000188,0.001573,(0.0_ 0.0_ 1.0)
114.3144,0.000018,0.007976,7.16472,0.000054,0.000188,0.001573,(0.0_ 0.0_ 1.0)
114.3251,0.000019,0.007976,7.240035,0.000045,0.000181,-0.000994,(0.0_ 0.0_ 1.0)
114.3389,0.000019,0.007976,7.336321,0.000045,0.000181,-0.000994,(0.0_ 0.0_ 1.0)
114.3473,0.000019,0.007975,7.394898,0.000051,0.000183,0.000579,(0.0_ 0.0_ 1.0)
114.3585,0.000019,0.007975,7.473631,0.000051,0.000183,0.000579,(0.0_ 0.0_ 1.0)
114.3696,0.00002,0.007975,7.550991,0.000048,0.00018,-0.00008,(0.0_ 0.0_ 1.0)
114.381,0.00002,0.007975,7.631174,0.000054,0.000183,0.001884,(0.0_ 0.0_ 1.0)
114.3923,0.00002,0.007975,7.710421,0.000054,0.000183,0.001884,(0.0_ 0.0_ 1.0)
114.403,0.00002,0.007975,7.784865,0.000043,0.000175,-0.001455,(0.0_ 0.0_ 1.0)
114.4143,0.000021,0.007975,7.864189,0.000043,0.000175,-0.001455,(0.0_ 0.0_ 1.0)
114.4251,0.000021,0.007975,7.93983,0.000052,0.000179,0.001031,(0.0_ 0.0_ 1.0)
114.4364,0.000021,0.007975,8.01899,0.000052,0.000179,0.001031,(0.0_ 0.0_ 1.0)
114.4472,0.000021,0.007975,8.094202,0.000048,0.000174,-0.000585,(0.0_ 0.0_ 1.0)
114.4596,0.000022,0.007975,8.181637,0.000048,0.000174,-0.000585,(0.0_ 0.0_ 1.0)
114.4696,0.000022,0.007975,8.25118,0.00005,0.000174,0.000097,(0.0_ 0.0_ 1.0)
114.4812,0.000022,0.007975,8.332638,0.000043,0.000169,-0.001824,(0.0_ 0.0_ 1.0)
114.4919,0.000022,0.007975,8.407629,0.000043,0.000169,-0.001824,(0.0_ 0.0_ 1.0)
114.5027,0.000023,0.007975,8.483352,0.000055,0.000175,0.00152,(0.0_ 0.0_ 1.0)
114.5143,0.000023,0.007975,8.564067,0.000055,0.000175,0.00152,(0.0_ 0.0_ 1.0)
114.5256,0.000023,0.007975,8.643435,0.000045,0.000168,-0.000907,(0.0_ 0.0_ 1.0)
114.539,0.000023,0.007975,8.737044,0.000045,0.000168,-0.000907,(0.0_ 0.0_ 1.0)
114.5476,0.000023,0.007975,8.797467,0.000051,0.000169,0.000504,(0.0_ 0.0_ 1.0)
114.5588,0.000024,0.007975,8.875725,0.000051,0.000169,0.000504,(0.0_ 0.0_ 1.0)
114.5695,0.000024,0.007975,8.950312,0.000049,0.000167,-0.000107,(0.0_ 0.0_ 1.0)
114.5811,0.000024,0.007975,9.03164,0.000055,0.00017,0.001871,(0.0_ 0.0_ 1.0)
114.5921,0.000025,0.007975,9.109163,0.000055,0.00017,0.001871,(0.0_ 0.0_ 1.0)
114.6031,0.000025,0.007975,9.185845,0.000045,0.000162,-0.001431,(0.0_ 0.0_ 1.0)
114.6143,0.000025,0.007975,9.263964,0.000045,0.000162,-0.001431,(0.0_ 0.0_ 1.0)
114.6253,0.000025,0.007975,9.341171,0.000052,0.000165,0.000991,(0.0_ 0.0_ 1.0)
114.6366,0.000025,0.007975,9.420162,0.000052,0.000165,0.000991,(0.0_ 0.0_ 1.0)
114.6473,0.000026,0.007975,9.494914,0.000048,0.000161,-0.000564,(0.0_ 0.0_ 1.0)
114.6588,0.000026,0.007975,9.576014,0.000048,0.000161,-0.000564,(0.0_ 0.0_ 1.0)
114.6696,0.000026,0.007975,9.651552,0.000049,0.00016,0.000087,(0.0_ 0.0_ 1.0)
114.6815,0.000026,0.007975,9.734372,0.000043,0.000156,-0.001773,(0.0_ 0.0_ 1.0)
114.6921,0.000026,0.007975,9.809114,0.000043,0.000156,-0.001773,(0.0_ 0.0_ 1.0)
114.703,0.000027,0.007975,9.885273,0.000055,0.000161,0.001465,(0.0_ 0.0_ 1.0)
114.7148,0.000027,0.007975,9.967575,0.000055,0.000161,0.001465,(0.0_ 0.0_ 1.0)
114.7253,0.000027,0.007975,10.04111,0.000046,0.000155,-0.000974,(0.0_ 0.0_ 1.0)
114.7366,0.000027,0.007975,10.12043,0.000046,0.000155,-0.000974,(0.0_ 0.0_ 1.0)
114.75,0.000028,0.007975,10.21423,0.000049,0.000155,0.000006,(0.0_ 0.0_ 1.0)
114.7585,0.000028,0.007975,10.27361,0.000049,0.000155,0.000006,(0.0_ 0.0_ 1.0)
114.7698,0.000028,0.007975,10.35296,0.000049,0.000153,-0.000028,(0.0_ 0.0_ 1.0)
114.7812,0.000028,0.007975,10.43238,0.000055,0.000157,0.001848,(0.0_ 0.0_ 1.0)
114.7923,0.000028,0.007975,10.50998,0.000055,0.000157,0.001848,(0.0_ 0.0_ 1.0)
114.803,0.000029,0.007975,10.5852,0.000044,0.000148,-0.00145,(0.0_ 0.0_ 1.0)
114.8191,0.000029,0.007975,10.69817,0.000044,0.000148,-0.00145,(0.0_ 0.0_ 1.0)
114.8257,0.000029,0.007975,10.74399,0.000053,0.000152,0.000908,(0.0_ 0.0_ 1.0)
114.8369,0.000029,0.007975,10.82217,0.000053,0.000152,0.000908,(0.0_ 0.0_ 1.0)
114.8477,0.00003,0.007975,10.89836,0.000049,0.000147,-0.000463,(0.0_ 0.0_ 1.0)
114.8589,0.00003,0.007975,10.97671,0.000049,0.000147,-0.000463,(0.0_ 0.0_ 1.0)
114.8697,0.00003,0.007975,11.05221,0.000051,0.000147,0.000065,(0.0_ 0.0_ 1.0)
114.8813,0.00003,0.007975,11.13334,0.000045,0.000142,-0.001805,(0.0_ 0.0_ 1.0)
114.8924,0.00003,0.007975,11.21084,0.000045,0.000142,-0.001805,(0.0_ 0.0_ 1.0)
114.9033,0.00003,0.007975,11.28701,0.000054,0.000147,0.001412,(0.0_ 0.0_ 1.0)
114.9146,0.000031,0.007975,11.36643,0.000054,0.000147,0.001412,(0.0_ 0.0_ 1.0)
114.9256,0.000031,0.007975,11.44345,0.000047,0.000141,-0.000906,(0.0_ 0.0_ 1.0)
114.9366,0.000031,0.007975,11.52066,0.000047,0.000141,-0.000906,(0.0_ 0.0_ 1.0)
114.9499,0.000031,0.007975,11.61316,0.000051,0.000142,0.000036,(0.0_ 0.0_ 1.0)
114.9593,0.000031,0.007975,11.67895,0.000051,0.000142,0.000036,(0.0_ 0.0_ 1.0)
114.9698,0.000032,0.007975,11.7525,0.00005,0.00014,-0.000043,(0.0_ 0.0_ 1.0)
114.981,0.000032,0.007975,11.83132,0.000056,0.000143,0.001879,(0.0_ 0.0_ 1.0)
114.9924,0.000032,0.007975,11.911,0.000056,0.000143,0.001879,(0.0_ 0.0_ 1.0)
115.003,0.000032,0.007975,11.98497,0.000046,0.000135,-0.001456,(0.0_ 0.0_ 1.0)
115.0144,0.000033,0.007975,12.0647,0.000046,0.000135,-0.001456,(0.0_ 0.0_ 1.0)
115.0252,0.000033,0.007975,12.14087,0.000052,0.000138,0.001002,(0.0_ 0.0_ 1.0)
115.0368,0.000033,0.007975,12.22201,0.000052,0.000138,0.001002,(0.0_ 0.0_ 1.0)
115.0478,0.000033,0.007975,12.29839,0.000048,0.000134,-0.000461,(0.0_ 0.0_ 1.0)
115.059,0.000033,0.007975,12.37724,0.000048,0.000134,-0.000461,(0.0_ 0.0_ 1.0)
115.0698,0.000033,0.007975,12.45297,0.00005,0.000133,0.000043,(0.0_ 0.0_ 1.0)
115.0813,0.000034,0.007975,12.53293,0.000044,0.000129,-0.001817,(0.0_ 0.0_ 1.0)
115.0925,0.000034,0.007975,12.61188,0.000044,0.000129,-0.001817,(0.0_ 0.0_ 1.0)
115.103,0.000034,0.007975,12.68496,0.000055,0.000134,0.001474,(0.0_ 0.0_ 1.0)
115.1152,0.000034,0.007975,12.77057,0.000055,0.000134,0.001474,(0.0_ 0.0_ 1.0)
115.1257,0.000034,0.007975,12.84373,0.000047,0.000128,-0.000896,(0.0_ 0.0_ 1.0)
115.1368,0.000035,0.007975,12.92155,0.000047,0.000128,-0.000896,(0.0_ 0.0_ 1.0)
115.1503,0.000035,0.007975,13.01633,0.000049,0.000128,-0.000056,(0.0_ 0.0_ 1.0)
115.1591,0.000035,0.007975,13.07802,0.000049,0.000128,-0.000056,(0.0_ 0.0_ 1.0)
115.1699,0.000035,0.007975,13.15352,0.000049,0.000127,-0.000009,(0.0_ 0.0_ 1.0)
115.1811,0.000035,0.007975,13.23212,0.000055,0.00013,0.001858,(0.0_ 0.0_ 1.0)
115.1927,0.000035,0.007975,13.31303,0.000055,0.00013,0.001858,(0.0_ 0.0_ 1.0)
115.2033,0.000036,0.007975,13.38737,0.000044,0.000122,-0.001385,(0.0_ 0.0_ 1.0)
115.2149,0.000036,0.007975,13.46868,0.000044,0.000122,-0.001385,(0.0_ 0.0_ 1.0)
115.2256,0.000036,0.007975,13.54329,0.000051,0.000125,0.000928,(0.0_ 0.0_ 1.0)
115.2369,0.000036,0.007975,13.6223,0.000051,0.000125,0.000928,(0.0_ 0.0_ 1.0)
115.2481,0.000036,0.007975,13.70076,0.000048,0.000121,-0.000391,(0.0_ 0.0_ 1.0)
115.2589,0.000037,0.007975,13.77678,0.000048,0.000121,-0.000391,(0.0_ 0.0_ 1.0)
115.2699,0.000037,0.007975,13.85354,0.00005,0.00012,0.000026,(0.0_ 0.0_ 1.0)
115.2815,0.000037,0.007975,13.93484,0.000044,0.000116,-0.00176,(0.0_ 0.0_ 1.0)
115.2925,0.000037,0.007975,14.01177,0.000044,0.000116,-0.00176,(0.0_ 0.0_ 1.0)
115.3038,0.000037,0.007975,14.09097,0.000054,0.00012,0.001295,(0.0_ 0.0_ 1.0)
115.3148,0.000037,0.007975,14.16767,0.000054,0.00012,0.001295,(0.0_ 0.0_ 1.0)
115.3253,0.000037,0.007975,14.24127,0.000046,0.000114,-0.00097,(0.0_ 0.0_ 1.0)
115.3369,0.000038,0.007975,14.32231,0.000046,0.000114,-0.00097,(0.0_ 0.0_ 1.0)
115.3498,0.000038,0.007975,14.41245,0.00005,0.000115,0.000059,(0.0_ 0.0_ 1.0)
115.3593,0.000038,0.007975,14.47919,0.00005,0.000115,0.000059,(0.0_ 0.0_ 1.0)
115.3699,0.000038,0.007975,14.55317,0.00005,0.000113,-0.00002,(0.0_ 0.0_ 1.0)
115.3815,0.000038,0.007975,14.63452,0.000055,0.000116,0.001787,(0.0_ 0.0_ 1.0)
115.3924,0.000038,0.007975,14.71067,0.000055,0.000116,0.001787,(0.0_ 0.0_ 1.0)
115.4031,0.000039,0.007975,14.78595,0.000043,0.000108,-0.001426,(0.0_ 0.0_ 1.0)
115.4151,0.000039,0.007975,14.86953,0.000043,0.000108,-0.001426,(0.0_ 0.0_ 1.0)
115.4255,0.000039,0.007975,14.94238,0.000052,0.000111,0.000956,(0.0_ 0.0_ 1.0)
115.4369,0.000039,0.007975,15.02231,0.000052,0.000111,0.000956,(0.0_ 0.0_ 1.0)
115.4477,0.000039,0.007975,15.09829,0.000048,0.000107,-0.000463,(0.0_ 0.0_ 1.0)
115.4594,0.000039,0.007975,15.17962,0.000048,0.000107,-0.000463,(0.0_ 0.0_ 1.0)
115.4698,0.000039,0.007975,15.25294,0.000049,0.000107,0.000045,(0.0_ 0.0_ 1.0)
115.4814,0.00004,0.007975,15.33417,0.000043,0.000102,-0.001779,(0.0_ 0.0_ 1.0)
115.4931,0.00004,0.007975,15.41573,0.000043,0.000102,-0.001779,(0.0_ 0.0_ 1.0)
115.5034,0.00004,0.007975,15.48776,0.000054,0.000107,0.00139,(0.0_ 0.0_ 1.0)
115.5149,0.00004,0.007975,15.5683,0.000054,0.000107,0.00139,(0.0_ 0.0_ 1.0)
115.5255,0.00004,0.007975,15.64234,0.000046,0.000101,-0.00094,(0.0_ 0.0_ 1.0)
115.5372,0.00004,0.007975,15.72461,0.000046,0.000101,-0.00094,(0.0_ 0.0_ 1.0)
115.5502,0.00004,0.007975,15.81576,0.000049,0.000101,-0.00004,(0.0_ 0.0_ 1.0)
115.5592,0.000041,0.007975,15.87866,0.000049,0.000101,-0.00004,(0.0_ 0.0_ 1.0)
115.57,0.000041,0.007975,15.95437,0.000049,0.0001,0.000014,(0.0_ 0.0_ 1.0)
115.5813,0.000041,0.007975,16.0332,0.000054,0.000103,0.001824,(0.0_ 0.0_ 1.0)
115.5928,0.000041,0.007975,16.11356,0.000054,0.000103,0.001824,(0.0_ 0.0_ 1.0)
115.6039,0.000041,0.007975,16.19109,0.000046,0.000095,-0.001275,(0.0_ 0.0_ 1.0)
115.6153,0.000041,0.007975,16.27135,0.000046,0.000095,-0.001275,(0.0_ 0.0_ 1.0)
115.6264,0.000041,0.007975,16.34891,0.000053,0.000098,0.000759,(0.0_ 0.0_ 1.0)
115.6369,0.000042,0.007975,16.42238,0.000053,0.000098,0.000759,(0.0_ 0.0_ 1.0)
115.6481,0.000042,0.007975,16.50075,0.000049,0.000094,-0.000391,(0.0_ 0.0_ 1.0)
115.6597,0.000042,0.007975,16.58189,0.000049,0.000094,-0.000391,(0.0_ 0.0_ 1.0)
115.6705,0.000042,0.007975,16.65787,0.000049,0.000093,-0.000103,(0.0_ 0.0_ 1.0)
115.6815,0.000042,0.007975,16.73458,0.000043,0.000089,-0.001768,(0.0_ 0.0_ 1.0)
115.6928,0.000042,0.007975,16.81359,0.000043,0.000089,-0.001768,(0.0_ 0.0_ 1.0)
115.7034,0.000042,0.007975,16.88783,0.000055,0.000094,0.001388,(0.0_ 0.0_ 1.0)
115.7148,0.000042,0.007975,16.96794,0.000055,0.000094,0.001388,(0.0_ 0.0_ 1.0)
115.7256,0.000043,0.007975,17.04329,0.000046,0.000088,-0.000909,(0.0_ 0.0_ 1.0)
115.7372,0.000043,0.007975,17.12444,0.000046,0.000088,-0.000909,(0.0_ 0.0_ 1.0)
115.7479,0.000043,0.007975,17.19936,0.000051,0.000089,0.000451,(0.0_ 0.0_ 1.0)
115.7621,0.000043,0.007975,17.29878,0.000044,0.000084,-0.001643,(0.0_ 0.0_ 1.0)
115.7707,0.000043,0.007975,17.35879,0.000044,0.000084,-0.001643,(0.0_ 0.0_ 1.0)
115.7813,0.000043,0.007975,17.43325,0.000055,0.000089,0.001824,(0.0_ 0.0_ 1.0)
115.793,0.000043,0.007975,17.51521,0.000055,0.000089,0.001824,(0.0_ 0.0_ 1.0)
115.8034,0.000043,0.007975,17.58814,0.000045,0.000082,-0.001362,(0.0_ 0.0_ 1.0)
115.8147,0.000044,0.007975,17.66729,0.000045,0.000082,-0.001362,(0.0_ 0.0_ 1.0)
115.826,0.000044,0.007975,17.74599,0.000052,0.000084,0.000851,(0.0_ 0.0_ 1.0)
115.8373,0.000044,0.007975,17.82548,0.000052,0.000084,0.000851,(0.0_ 0.0_ 1.0)
115.8481,0.000044,0.007975,17.90106,0.000049,0.00008,-0.000381,(0.0_ 0.0_ 1.0)
115.8596,0.000044,0.007975,17.9811,0.000049,0.00008,-0.000381,(0.0_ 0.0_ 1.0)
115.8701,0.000044,0.007975,18.0549,0.00005,0.00008,-0.000014,(0.0_ 0.0_ 1.0)
115.8818,0.000044,0.007975,18.13682,0.000045,0.000076,-0.001702,(0.0_ 0.0_ 1.0)
115.8927,0.000044,0.007975,18.21326,0.000045,0.000076,-0.001702,(0.0_ 0.0_ 1.0)
115.9035,0.000044,0.007975,18.28834,0.000053,0.00008,0.001372,(0.0_ 0.0_ 1.0)
115.9151,0.000044,0.007975,18.36961,0.000053,0.00008,0.001372,(0.0_ 0.0_ 1.0)
115.9264,0.000045,0.007975,18.44884,0.000047,0.000075,-0.000746,(0.0_ 0.0_ 1.0)
115.9375,0.000045,0.007975,18.52652,0.000047,0.000075,-0.000746,(0.0_ 0.0_ 1.0)
115.948,0.000045,0.007975,18.60044,0.000052,0.000075,0.000417,(0.0_ 0.0_ 1.0)
115.9629,0.000045,0.007975,18.70467,0.000045,0.000071,-0.001468,(0.0_ 0.0_ 1.0)
115.9702,0.000045,0.007975,18.75549,0.000045,0.000071,-0.001468,(0.0_ 0.0_ 1.0)
115.9815,0.000045,0.007975,18.83451,0.000055,0.000076,0.001786,(0.0_ 0.0_ 1.0)
115.9932,0.000045,0.007975,18.91687,0.000055,0.000076,0.001786,(0.0_ 0.0_ 1.0)
116.0033,0.000045,0.007975,18.98759,0.000045,0.000068,-0.00138,(0.0_ 0.0_ 1.0)
116.0148,0.000045,0.007975,19.068,0.000045,0.000068,-0.00138,(0.0_ 0.0_ 1.0)
116.0258,0.000045,0.007975,19.14496,0.000053,0.000071,0.00088,(0.0_ 0.0_ 1.0)
116.0372,0.000046,0.007975,19.2246,0.000053,0.000071,0.00088,(0.0_ 0.0_ 1.0)
116.0481,0.000046,0.007975,19.30082,0.000049,0.000067,-0.000389,(0.0_ 0.0_ 1.0)
116.0598,0.000046,0.007975,19.38263,0.000049,0.000067,-0.000389,(0.0_ 0.0_ 1.0)
116.0704,0.000046,0.007975,19.45702,0.000049,0.000066,-0.000077,(0.0_ 0.0_ 1.0)
116.0819,0.000046,0.007975,19.53745,0.000044,0.000062,-0.001683,(0.0_ 0.0_ 1.0)
116.093,0.000046,0.007975,19.61514,0.000044,0.000062,-0.001683,(0.0_ 0.0_ 1.0)
116.1035,0.000046,0.007975,19.68881,0.000054,0.000067,0.001359,(0.0_ 0.0_ 1.0)
116.1149,0.000046,0.007975,19.76879,0.000054,0.000067,0.001359,(0.0_ 0.0_ 1.0)
116.1261,0.000046,0.007975,19.84677,0.000047,0.000061,-0.000807,(0.0_ 0.0_ 1.0)
116.1372,0.000046,0.007975,19.92471,0.000047,0.000061,-0.000807,(0.0_ 0.0_ 1.0)
116.1481,0.000046,0.007975,20.0009,0.00005,0.000062,0.000403,(0.0_ 0.0_ 1.0)
116.1619,0.000047,0.007975,20.09713,0.000043,0.000057,-0.001694,(0.0_ 0.0_ 1.0)
116.1707,0.000047,0.007975,20.15928,0.000043,0.000057,-0.001694,(0.0_ 0.0_ 1.0)
116.1815,0.000048,0.007975,20.23439,0.000055,0.000074,0.00179,(0.0_ 0.0_ 1.0)
116.193,0.00005,0.007975,20.31542,0.000055,0.000097,0.00179,(0.0_ 0.0_ 1.0)
116.2037,0.000052,0.007979,20.39027,0.000045,0.000136,0.001444,(0.0_ 0.0_ 1.0)
116.2152,0.000056,0.007979,20.47042,0.000045,0.000183,0.001444,(0.0_ 0.0_ 1.0)
116.2261,0.000061,0.007986,20.54694,0.000031,0.000244,0.001006,(0.0_ 0.0_ 1.0)
116.2375,0.000067,0.007986,20.62669,0.000031,0.000312,0.001006,(0.0_ 0.0_ 1.0)
116.2524,0.000076,0.007994,20.73099,0.000012,0.000402,0.000383,(0.0_ 0.0_ 1.0)
116.2596,0.000081,0.007994,20.78125,0.000012,0.000493,0.000383,(0.0_ 0.0_ 1.0)
116.2715,0.00009,0.007998,20.86431,0.000005,0.0006,0.000156,(0.0_ 0.0_ 1.0)
116.2827,0.000099,0.007998,20.94316,0.000005,0.000713,0.000133,(0.0_ 0.0_ 1.0)
116.2936,0.00011,0.007998,21.01928,0.000005,0.000836,0.000133,(0.0_ 0.0_ 1.0)
116.3044,0.000121,0.007998,21.09509,0.000004,0.000969,0.000103,(0.0_ 0.0_ 1.0)
116.3156,0.000133,0.007998,21.17303,0.000004,0.001113,0.000103,(0.0_ 0.0_ 1.0)
116.3265,0.000147,0.007999,21.24957,0.000003,0.001267,0.000068,(0.0_ 0.0_ 1.0)
116.3375,0.000161,0.007999,21.32663,0.000003,0.00143,0.000068,(0.0_ 0.0_ 1.0)
116.3483,0.000176,0.007999,21.40253,0.000002,0.001604,0.000039,(0.0_ 0.0_ 1.0)
116.3621,0.000197,0.007999,21.49896,0.000002,0.001789,0.000034,(0.0_ 0.0_ 1.0)
116.3705,0.00021,0.007999,21.5575,0.000002,0.001981,0.000034,(0.0_ 0.0_ 1.0)
116.3814,0.000228,0.007999,21.63391,0.000001,0.002183,0.000031,(0.0_ 0.0_ 1.0)
116.3933,0.000249,0.007999,21.71736,0.000001,0.002396,0.000031,(0.0_ 0.0_ 1.0)
116.4037,0.000268,0.008,21.79016,0.000001,0.002617,0.000024,(0.0_ 0.0_ 1.0)
116.4151,0.00029,0.008,21.86997,0.000001,0.002847,0.000024,(0.0_ 0.0_ 1.0)
116.426,0.000312,0.008,21.94634,0.000001,0.003087,0.000015,(0.0_ 0.0_ 1.0)
116.4374,0.000336,0.008,22.0262,0.000001,0.003336,0.000015,(0.0_ 0.0_ 1.0)
116.4483,0.00036,0.008,22.10212,0.000001,0.003594,0.000006,(0.0_ 0.0_ 1.0)
116.4596,0.000386,0.008,22.18156,0.000001,0.003861,0.000006,(0.0_ 0.0_ 1.0)
116.4701,0.000411,0.008,22.25514,0,0.004136,0.000001,(0.0_ 0.0_ 1.0)
116.4818,0.00044,0.008,22.33642,0,0.00442,0,(0.0_ 0.0_ 1.0)
116.4927,0.000469,0.008,22.41302,0,0.004713,0,(0.0_ 0.0_ 1.0)
116.5034,0.000497,0.008,22.48819,0,0.005014,-0.000001,(0.0_ 0.0_ 1.0)
116.5151,0.00053,0.008,22.56982,0,0.005324,-0.000001,(0.0_ 0.0_ 1.0)
116.5257,0.00056,0.008,22.64421,0,0.005641,-0.000002,(0.0_ 0.0_ 1.0)
116.5373,0.000595,0.008,22.72528,0,0.005968,-0.000002,(0.0_ 0.0_ 1.0)
116.5483,0.000629,0.008,22.80257,0,0.006302,-0.000005,(0.0_ 0.0_ 1.0)
116.5598,0.000665,0.008,22.88295,0,0.006645,-0.000005,(0.0_ 0.0_ 1.0)
116.573,0.000708,0.007976,22.97533,0.000017,0.006993,0.001896,(0.0_ 0.0_ 1.0)
116.5816,0.000737,0.007976,23.03547,0.000019,0.007352,0.00159,(0.0_ 0.0_ 1.0)
116.5929,0.000776,0.007976,23.11472,0.000019,0.007718,0.00159,(0.0_ 0.0_ 1.0)
116.6036,0.000814,0.007981,23.18933,0.000015,0.008096,0.001294,(0.0_ 0.0_ 1.0)
116.615,0.000856,0.007981,23.26948,0.000015,0.008477,0.001294,(0.0_ 0.0_ 1.0)
116.6258,0.000896,0.007986,23.34455,0.000011,0.008868,0.000923,(0.0_ 0.0_ 1.0)
116.6371,0.00094,0.007986,23.42386,0.000011,0.009264,0.000923,(0.0_ 0.0_ 1.0)
116.6484,0.000985,0.007992,23.50268,0.000006,0.009672,0.000538,(0.0_ 0.0_ 1.0)
116.6595,0.00103,0.007992,23.58076,0.000006,0.010082,0.000538,(0.0_ 0.0_ 1.0)
116.6705,0.001075,0.007996,23.6575,0.000003,0.010504,0.000252,(0.0_ 0.0_ 1.0)
116.6819,0.001124,0.007997,23.73754,0.000002,0.01093,0.000227,(0.0_ 0.0_ 1.0)
116.6932,0.001173,0.007997,23.8166,0.000002,0.011362,0.000227,(0.0_ 0.0_ 1.0)
116.7036,0.00122,0.007997,23.88936,0.000002,0.011802,0.000186,(0.0_ 0.0_ 1.0)
116.7153,0.001273,0.007997,23.97093,0.000002,0.012248,0.000186,(0.0_ 0.0_ 1.0)
116.7257,0.001321,0.007998,24.04375,0.000001,0.012701,0.000132,(0.0_ 0.0_ 1.0)
116.7376,0.00138,0.007998,24.12762,0.000001,0.013173,0.000132,(0.0_ 0.0_ 1.0)
116.7482,0.001433,0.007999,24.20173,0.000001,0.013663,0.000076,(0.0_ 0.0_ 1.0)
116.7596,0.001492,0.007999,24.28143,0.000001,0.014171,0.000076,(0.0_ 0.0_ 1.0)
116.7701,0.001549,0.007999,24.3545,0,0.014696,0.000035,(0.0_ 0.0_ 1.0)
116.7839,0.001628,0.008,24.45142,0,0.015257,0.000027,(0.0_ 0.0_ 1.0)
116.7931,0.001683,0.008,24.51612,0,0.015842,0.000027,(0.0_ 0.0_ 1.0)
116.8036,0.001748,0.008,24.58938,0,0.016454,0.000021,(0.0_ 0.0_ 1.0)
116.8152,0.001824,0.008,24.67079,0,0.017095,0.000021,(0.0_ 0.0_ 1.0)
116.8259,0.001896,0.008,24.74524,0,0.017763,0.000013,(0.0_ 0.0_ 1.0)
116.8371,0.001976,0.008,24.824,0,0.018471,0.000013,(0.0_ 0.0_ 1.0)
116.848,0.002057,0.008,24.90024,0,0.019217,0.000006,(0.0_ 0.0_ 1.0)
116.8601,0.002152,0.008,24.9851,0,0.020005,0.000005,(0.0_ 0.0_ 1.0)
116.8704,0.002237,0.008,25.05688,0,0.020838,0.000005,(0.0_ 0.0_ 1.0)
116.8817,0.002336,0.008,25.13604,0,0.021722,0.000005,(0.0_ 0.0_ 1.0)
116.8928,0.002438,0.008,25.21347,0,0.022653,0.000005,(0.0_ 0.0_ 1.0)
116.9035,0.002542,0.008,25.2888,0,0.023642,0.000003,(0.0_ 0.0_ 1.0)
116.915,0.00266,0.008,25.36928,0,0.024704,0.000003,(0.0_ 0.0_ 1.0)
116.926,0.002781,0.008,25.44643,0,0.025835,0,(0.0_ 0.0_ 1.0)
116.9376,0.002917,0.008,25.52733,0,0.027062,0,(0.0_ 0.0_ 1.0)
116.9482,0.003049,0.008,25.60153,0,0.028377,-0.000002,(0.0_ 0.0_ 1.0)
116.9595,0.003201,0.008,25.68073,0,0.029794,-0.000002,(0.0_ 0.0_ 1.0)
116.9706,0.003359,0.007952,25.75812,0.000127,0.031323,-0.000003,(0.0_ 0.0_ 1.0)
116.984,0.003568,0.007961,25.85213,0.000102,0.033001,-0.000005,(0.0_ 0.0_ 1.0)
116.9932,0.00372,0.007961,25.91646,0.000102,0.034788,-0.000005,(0.0_ 0.0_ 1.0)
117.0038,0.00391,0.007968,25.99106,0.000083,0.036723,-0.000006,(0.0_ 0.0_ 1.0)
117.0155,0.004134,0.007968,26.07241,0.000083,0.038831,-0.000006,(0.0_ 0.0_ 1.0)
117.0263,0.004359,0.007978,26.148,0.000057,0.041131,-0.000006,(0.0_ 0.0_ 1.0)
117.0372,0.004606,0.007978,26.22483,0.000057,0.043635,-0.000006,(0.0_ 0.0_ 1.0)
117.0483,0.004875,0.007987,26.30206,0.000033,0.046354,-0.000006,(0.0_ 0.0_ 1.0)
117.0598,0.005179,0.007987,26.38255,0.000033,0.049318,-0.000006,(0.0_ 0.0_ 1.0)
117.0703,0.005478,0.007994,26.45638,0.000016,0.052517,-0.000006,(0.0_ 0.0_ 1.0)
117.082,0.005838,0.007995,26.53795,0.000014,0.056006,-0.000006,(0.0_ 0.0_ 1.0)
117.0929,0.0062,0.007994,26.61427,0.000014,0.059778,-0.000006,(0.0_ 0.0_ 1.0)
117.1037,0.006587,0.007995,26.68999,0.000012,0.063848,-0.000006,(0.0_ 0.0_ 1.0)
117.1154,0.007042,0.007995,26.77216,0.000012,0.068262,-0.000006,(0.0_ 0.0_ 1.0)
117.1264,0.007495,0.007997,26.84857,0.000008,0.073006,-0.000006,(0.0_ 0.0_ 1.0)
117.1373,0.007984,0.007997,26.92511,0.000008,0.078121,-0.000006,(0.0_ 0.0_ 1.0)
117.1487,0.008531,0.007998,27.00473,0.000005,0.08363,-0.000007,(0.0_ 0.0_ 1.0)
117.1598,0.009105,0.007998,27.08269,0.000005,0.089532,-0.000007,(0.0_ 0.0_ 1.0)
117.1708,0.009711,0.007999,27.15947,0.000002,0.095852,-0.000006,(0.0_ 0.0_ 1.0)
117.1842,0.01051,0.007999,27.25338,0.000002,0.102689,-0.000006,(0.0_ 0.0_ 1.0)
117.193,0.011063,0.007999,27.315,0.000002,0.109872,-0.000006,(0.0_ 0.0_ 1.0)
117.2037,0.011776,0.007999,27.3897,0.000001,0.117503,-0.000006,(0.0_ 0.0_ 1.0)
117.2155,0.01262,0.007999,27.47252,0.000001,0.125637,-0.000006,(0.0_ 0.0_ 1.0)
117.2265,0.013451,0.008,27.54931,0.000001,0.134268,-0.000006,(0.0_ 0.0_ 1.0)
117.2371,0.014307,0.008,27.62393,0.000001,0.143397,-0.000006,(0.0_ 0.0_ 1.0)
117.2483,0.015262,0.008,27.70244,0.000001,0.153058,-0.000006,(0.0_ 0.0_ 1.0)
117.2597,0.016289,0.008,27.78201,0.000001,0.163298,-0.000006,(0.0_ 0.0_ 1.0)
117.2706,0.017335,0.008,27.85853,0.000001,0.174113,-0.000007,(0.0_ 0.0_ 1.0)
117.282,0.018488,0.008,27.93808,-0.000005,0.185565,-0.000006,(0.0_ 0.0_ 1.0)
117.2931,0.019674,0.008,28.0155,-0.000005,0.197643,-0.000006,(0.0_ 0.0_ 1.0)
117.3039,0.020896,0.008,28.09114,0.000007,0.21034,0.00009,(0.0_ 0.0_ 1.0)
117.3156,0.022296,0.008,28.17307,0.000007,0.223752,0.00009,(0.0_ 0.0_ 1.0)
117.3261,0.023625,0.007989,28.24702,0.000011,0.237819,-0.000786,(0.0_ 0.0_ 1.0)
117.3374,0.025125,0.007989,28.3261,0.000011,0.252637,-0.000786,(0.0_ 0.0_ 1.0)
117.3486,0.02669,0.007994,28.40447,0.000007,0.268211,-0.000523,(0.0_ 0.0_ 1.0)
117.3598,0.028337,0.007994,28.48285,0.000007,0.284538,-0.000523,(0.0_ 0.0_ 1.0)
117.3707,0.030019,0.007976,28.55903,0.000018,0.301628,0.001434,(0.0_ 0.0_ 1.0)
117.3843,0.032231,0.007981,28.65383,0.000013,0.319689,0.001174,(0.0_ 0.0_ 1.0)
117.3931,0.033731,0.007981,28.71559,0.000013,0.338391,0.001174,(0.0_ 0.0_ 1.0)
117.404,0.035662,0.007985,28.79156,0.00001,0.357901,0.000945,(0.0_ 0.0_ 1.0)
117.4158,0.037882,0.007985,28.87482,0.000009,0.378311,0.000945,(0.0_ 0.0_ 1.0)
117.4263,0.039909,0.00799,28.94766,0.000007,0.399533,0.000652,(0.0_ 0.0_ 1.0)
117.4374,0.042181,0.00799,29.02579,0.000006,0.421637,0.000652,(0.0_ 0.0_ 1.0)
117.4482,0.044473,0.007994,29.10136,0.000003,0.444601,0.000385,(0.0_ 0.0_ 1.0)
117.4599,0.04706,0.007994,29.18304,0.000003,0.468503,0.000385,(0.0_ 0.0_ 1.0)
117.4708,0.049567,0.007997,29.25906,0.000001,0.493284,0.000173,(0.0_ 0.0_ 1.0)
117.4824,0.052365,0.007998,29.3405,0.000001,0.519029,0.000151,(0.0_ 0.0_ 1.0)
117.493,0.055009,0.007998,29.41456,0.000001,0.545651,0.000151,(0.0_ 0.0_ 1.0)
117.5039,0.057829,0.007998,29.49064,0.000001,0.573179,0.000121,(0.0_ 0.0_ 1.0)
117.5155,0.060951,0.007998,29.57166,0.000001,0.601684,0.000121,(0.0_ 0.0_ 1.0)
117.5265,0.064034,0.007999,29.64883,0,0.631121,0.00008,(0.0_ 0.0_ 1.0)
117.5378,0.067327,0.007999,29.72827,0,0.661529,0.00008,(0.0_ 0.0_ 1.0)
117.5486,0.07054,0.007999,29.80317,0,0.692855,0.000043,(0.0_ 0.0_ 1.0)
117.5598,0.074027,0.007999,29.88167,0,0.725156,0.000043,(0.0_ 0.0_ 1.0)
117.5711,0.07767,0.008,29.96088,0.000001,0.758466,0.000015,(0.0_ 0.0_ 1.0)
117.5843,0.082091,0.008,30.05344,0.000001,0.792954,0.00001,(0.0_ 0.0_ 1.0)
117.593,0.085065,0.008,30.11397,0.000001,0.828212,0.00001,(0.0_ 0.0_ 1.0)
117.6038,0.088883,0.008,30.18922,0,0.864441,0.000007,(0.0_ 0.0_ 1.0)
117.6194,0.09465,0.008,30.29849,0,0.902081,0.000007,(0.0_ 0.0_ 1.0)
117.6262,0.09723,0.008,30.34622,0,0.940343,0.000003,(0.0_ 0.0_ 1.0)
117.6386,0.102047,0.008,30.43245,0,0.979733,0.000003,(0.0_ 0.0_ 1.0)
117.6494,0.106414,0.008,30.50835,0,1.020115,-0.000001,(0.0_ 0.0_ 1.0)
117.6606,0.111049,0.007998,30.58653,0.000043,1.061519,0.00006,(0.0_ 0.0_ 1.0)
117.6715,0.115706,0.007998,30.66287,0.000043,1.103921,0.00006,(0.0_ 0.0_ 1.0)
117.6822,0.120392,0.007998,30.73757,0.000038,1.147301,0.000062,(0.0_ 0.0_ 1.0)
117.6939,0.125657,0.007998,30.81913,0.000038,1.19175,0.000062,(0.0_ 0.0_ 1.0)
117.7044,0.130505,0.007999,30.89226,0.00003,1.237146,0.000048,(0.0_ 0.0_ 1.0)
117.7156,0.135836,0.007999,30.9705,0.00003,1.28358,0.000048,(0.0_ 0.0_ 1.0)
117.7267,0.141246,0.007999,31.04782,0.000019,1.33104,0.00003,(0.0_ 0.0_ 1.0)
117.7375,0.146687,0.007999,31.12358,0.000019,1.379506,0.00003,(0.0_ 0.0_ 1.0)
117.7484,0.152304,0.007999,31.1998,0.000011,1.428984,0.000014,(0.0_ 0.0_ 1.0)
117.7604,0.158638,0.007999,31.2835,0.000011,1.479573,0.000014,(0.0_ 0.0_ 1.0)
117.771,0.164368,0.007999,31.35739,0.000011,1.531144,0.000014,(0.0_ 0.0_ 1.0)
117.7817,0.170298,0.007999,31.43203,0.00001,1.583707,0.000012,(0.0_ 0.0_ 1.0)
117.7958,0.178341,0.007999,31.53049,0.00001,1.637565,0.000012,(0.0_ 0.0_ 1.0)
117.8039,0.183058,0.007999,31.58707,0.000008,1.692174,0.000009,(0.0_ 0.0_ 1.0)
117.815,0.189681,0.007999,31.66464,0.000008,1.747803,0.000009,(0.0_ 0.0_ 1.0)
117.8264,0.196613,0.008,31.74396,0.000005,1.804477,0.000004,(0.0_ 0.0_ 1.0)
117.8375,0.203537,0.008,31.82139,0.000005,1.862171,0.000004,(0.0_ 0.0_ 1.0)
117.8484,0.210473,0.008,31.89724,0.000003,1.920853,-0.000002,(0.0_ 0.0_ 1.0)
117.86,0.218053,0.008,31.97829,0.000003,1.980591,-0.000002,(0.0_ 0.0_ 1.0)
117.8707,0.22516,0.008,32.05265,0.000003,2.041298,-0.000002,(0.0_ 0.0_ 1.0)
117.8814,0.232422,0.008,32.12705,0.000003,2.102977,-0.000002,(0.0_ 0.0_ 1.0)
117.8931,0.240544,0.008,32.20846,0.000003,2.165719,-0.000002,(0.0_ 0.0_ 1.0)
117.9038,0.248127,0.008,32.28291,0.000002,2.229422,-0.000003,(0.0_ 0.0_ 1.0)
117.9152,0.256417,0.008,32.3626,0.000002,2.294168,-0.000003,(0.0_ 0.0_ 1.0)
117.9258,0.264232,0.008,32.43623,0.000001,2.359867,-0.000003,(0.0_ 0.0_ 1.0)
117.9374,0.272979,0.008,32.51696,0.000001,2.426598,-0.000003,(0.0_ 0.0_ 1.0)
117.9486,0.281578,0.008,32.59478,0.000001,2.494314,-0.000005,(0.0_ 0.0_ 1.0)
117.9596,0.290234,0.008,32.67158,0.000001,2.563004,-0.000005,(0.0_ 0.0_ 1.0)
117.9703,0.298788,0.007999,32.74606,-0.000027,2.632626,0.000001,(0.0_ 0.0_ 1.0)
117.9818,0.308145,0.007996,32.82597,0.000147,2.703239,0.000002,(0.0_ 0.0_ 1.0)
117.9955,0.319492,0.007996,32.92091,0.000147,2.775015,0.000002,(0.0_ 0.0_ 1.0)
118.0035,0.326236,0.007996,32.97641,0.000122,2.847479,-0.000001,(0.0_ 0.0_ 1.0)
118.0154,0.336472,0.007996,33.0591,0.000122,2.92096,-0.000001,(0.1_ 0.0_ 1.0)
118.0258,0.345572,0.007997,33.13132,0.000086,2.99532,-0.000003,(0.1_ 0.0_ 1.0)
118.0374,0.355938,0.007997,33.21211,0.000086,3.070651,-0.000003,(0.1_ 0.0_ 1.0)
118.0481,0.36567,0.007998,33.28666,0.000051,3.146869,-0.000006,(0.1_ 0.0_ 1.0)
118.0599,0.376543,0.007998,33.36849,0.000051,3.22405,-0.000006,(0.1_ 0.0_ 1.0)
118.0706,0.386538,0.007999,33.44246,0.000024,3.302092,-0.000006,(0.1_ 0.0_ 1.0)
118.0816,0.397008,0.007999,33.51866,0.000023,3.381012,-0.000006,(0.1_ 0.0_ 1.0)
118.0931,0.408206,0.007999,33.59879,0.000023,3.460844,-0.000006,(0.1_ 0.0_ 1.0)
118.1038,0.418725,0.007999,33.67286,0.000018,3.541511,-0.000006,(0.1_ 0.0_ 1.0)
118.1153,0.430174,0.007999,33.75217,0.000018,3.623061,-0.000006,(0.1_ 0.0_ 1.0)
118.1258,0.440892,0.007999,33.82527,0.000013,3.705419,-0.000006,(0.1_ 0.0_ 1.0)
118.1376,0.452985,0.007999,33.90643,0.000013,3.788661,-0.000006,(0.1_ 0.0_ 1.0)
118.1483,0.464221,0.008,33.98069,0.000008,3.872705,-0.000005,(0.1_ 0.0_ 1.0)
118.1598,0.476415,0.008,34.06004,0.000008,3.957594,-0.000005,(0.1_ 0.0_ 1.0)
118.1703,0.487818,0.008,34.13315,0.000003,4.043257,-0.000005,(0.1_ 0.0_ 1.0)
118.1817,0.500308,0.008,34.21202,0.000003,4.129743,-0.000005,(0.1_ 0.0_ 1.0)
118.1929,0.512765,0.008,34.28952,0.000003,4.217029,-0.000005,(0.1_ 0.0_ 1.0)
118.2063,0.527868,0.008,34.38203,0.000002,4.305263,-0.000006,(0.1_ 0.0_ 1.0)
118.215,0.537729,0.008,34.44164,0.000002,4.394095,-0.000006,(0.1_ 0.0_ 1.0)
118.2261,0.550647,0.008,34.5186,-0.000015,4.483699,-0.000002,(0.1_ 0.0_ 1.0)
118.2372,0.563615,0.008,34.59478,-0.000015,4.574057,-0.000002,(0.1_ 0.0_ 1.0)
118.249,0.577748,0.008,34.67662,0.000017,4.665198,0.000218,(0.1_ 0.0_ 1.0)
118.2605,0.591571,0.007999,34.75557,0.000017,4.757121,0.00015,(0.1_ 0.0_ 1.0)
118.2702,0.603533,0.007999,34.82298,0.000016,4.849689,0.00015,(0.1_ 0.0_ 1.0)
118.2818,0.617864,0.007993,34.90266,0.000017,4.943013,-0.000305,(0.1_ 0.0_ 1.0)
118.2929,0.631741,0.007993,34.97878,0.000017,5.037052,-0.000305,(0.1_ 0.0_ 1.0)
118.3042,0.646092,0.007995,35.05647,0.000034,5.131816,-0.000295,(0.1_ 0.0_ 1.0)
118.3153,0.66047,0.007995,35.13329,0.000034,5.22728,-0.000295,(0.1_ 0.0_ 1.0)
118.3258,0.674107,0.007996,35.20522,0.000025,5.323396,-0.000216,(0.1_ 0.0_ 1.0)
118.3372,0.689207,0.007996,35.28385,0.000025,5.420219,-0.000216,(0.1_ 0.0_ 1.0)
118.3482,0.703927,0.007998,35.35953,0.000015,5.517714,-0.000131,(0.1_ 0.0_ 1.0)
118.3599,0.719733,0.007998,35.43977,0.000015,5.615915,-0.000131,(0.1_ 0.0_ 1.0)
118.3703,0.733926,0.007999,35.51094,0.000008,5.714735,-0.000067,(0.1_ 0.0_ 1.0)
118.3823,0.750602,0.007999,35.59352,0.000007,5.814241,-0.00006,(0.1_ 0.0_ 1.0)
118.3932,0.7659,0.007999,35.66838,0.000007,5.914361,-0.00006,(0.1_ 0.0_ 1.0)
118.4062,0.78427,0.007999,35.75715,0.000006,6.01519,-0.000044,(0.1_ 0.0_ 1.0)
118.4155,0.797621,0.007999,35.82094,0.000006,6.116521,-0.000043,(0.1_ 0.0_ 1.0)
118.4266,0.813689,0.008,35.89683,0.000004,6.218421,-0.000032,(0.1_ 0.0_ 1.0)
118.4374,0.82959,0.008,35.97108,0.000004,6.32086,-0.000032,(0.1_ 0.0_ 1.0)
118.4484,0.845895,0.007999,36.04636,-0.00002,6.423829,-0.000014,(0.1_ 0.0_ 1.0)
118.46,0.863275,0.007999,36.12571,-0.00002,6.527339,-0.000014,(0.1_ 0.0_ 1.0)
118.4709,0.879745,0.007999,36.20009,-0.00002,6.631337,-0.000014,(0.1_ 0.0_ 1.0)
118.4817,0.896255,0.007999,36.27385,-0.000013,6.735791,0.000031,(0.1_ 0.0_ 1.0)
118.4933,0.91421,0.007999,36.35321,-0.000013,6.840724,0.000031,(0.1_ 0.0_ 1.0)
118.504,0.930862,0.007999,36.42606,0,6.946082,-0.000071,(0.1_ 0.0_ 1.0)
118.5153,0.94873,0.007999,36.50341,0,7.051854,-0.000071,(0.1_ 0.0_ 1.0)
118.5262,0.965975,0.007989,36.57732,0.000007,7.157996,0.00082,(0.1_ 0.0_ 1.0)
118.5379,0.984769,0.007989,36.65707,0.000005,7.264513,0.00082,(0.1_ 0.0_ 1.0)
118.5488,1.002473,0.007994,36.73146,0.000001,7.371344,0.000531,(0.1_ 0.0_ 1.0)
118.5602,1.021167,0.007993,36.80926,0.000001,7.478502,0.000485,(0.1_ 0.0_ 1.0)
118.5714,1.039558,0.007994,36.88508,0,7.585948,0.000485,(0.1_ 0.0_ 1.0)
118.5818,1.056917,0.007994,36.95599,-0.000001,7.693636,0.000428,(0.1_ 0.0_ 1.0)
118.5934,1.076292,0.007994,37.0344,-0.000002,7.801577,0.000428,(0.1_ 0.0_ 1.0)
118.6061,1.09786,0.007996,37.12091,-0.000001,7.90977,0.000297,(0.1_ 0.0_ 1.0)
118.6158,1.114445,0.007996,37.18684,-0.000002,8.01814,0.000297,(0.1_ 0.0_ 1.0)
118.6265,1.132878,0.007997,37.25949,-0.000001,8.126683,0.000199,(0.1_ 0.0_ 1.0)
118.6372,1.151363,0.007997,37.33173,-0.000002,8.235382,0.000199,(0.1_ 0.0_ 1.0)
118.6489,1.17189,0.007998,37.41125,0.000023,8.34426,-0.000113,(0.1_ 0.0_ 1.0)
118.6599,1.191244,0.007998,37.48561,0.000023,8.453258,-0.000113,(0.1_ 0.0_ 1.0)
118.6702,1.209632,0.007999,37.55568,-0.000002,8.562375,-0.000064,(0.1_ 0.0_ 1.0)
118.6821,1.230928,0.007999,37.63616,-0.000002,8.671597,-0.000057,(0.2_ 0.0_ 1.0)
118.6932,1.25096,0.007999,37.71127,-0.000002,8.780894,-0.000057,(0.2_ 0.0_ 1.0)
118.7044,1.271204,0.007999,37.78658,-0.000001,8.890255,-0.000046,(0.2_ 0.0_ 1.0)
118.7153,1.291151,0.007999,37.8602,-0.000001,8.999656,-0.000046,(0.2_ 0.0_ 1.0)
118.7262,1.311327,0.007999,37.93411,0,9.109083,-0.000034,(0.2_ 0.0_ 1.0)
118.7376,1.332477,0.007999,38.01101,0,9.218514,-0.000034,(0.2_ 0.0_ 1.0)
118.7486,1.353001,0.008,38.08508,0,9.327927,-0.000022,(0.2_ 0.0_ 1.0)
118.7603,1.374997,0.008,38.16388,0,9.437307,-0.000022,(0.2_ 0.0_ 1.0)
118.7709,1.395204,0.008,38.23576,0,9.546637,-0.000022,(0.2_ 0.0_ 1.0)
118.7817,1.415713,0.008,38.30821,0,9.655892,-0.000021,(0.2_ 0.0_ 1.0)
118.7935,1.438341,0.008,38.38759,0,9.765056,-0.000021,(0.2_ 0.0_ 1.0)
118.806,1.462514,0.008,38.47182,0,9.874096,-0.000017,(0.2_ 0.0_ 1.0)
118.8155,1.480909,0.008,38.53549,0,9.983036,-0.000017,(0.2_ 0.0_ 1.0)
118.8262,1.501973,0.008,38.60792,0,10.09182,-0.000014,(0.2_ 0.0_ 1.0)
118.8374,1.524006,0.008,38.68319,0,10.20042,-0.000014,(0.2_ 0.0_ 1.0)
118.8484,1.545627,0.007985,38.7566,0.000008,10.30884,0.001217,(0.2_ 0.0_ 1.0)
118.8598,1.568392,0.007985,38.8334,0.000006,10.41705,0.001217,(0.2_ 0.0_ 1.0)
118.8706,1.58995,0.00798,38.9057,0.000025,10.52505,-0.000513,(0.2_ 0.0_ 1.0)
118.8824,1.613597,0.007982,38.98453,0.000023,10.63281,-0.00047,(0.2_ 0.0_ 1.0)
118.8934,1.63595,0.007982,39.0586,0.000024,10.74032,-0.00047,(0.2_ 0.0_ 1.0)
118.9039,1.657175,0.007985,39.12852,0.00002,10.84759,-0.000383,(0.2_ 0.0_ 1.0)
118.9155,1.680919,0.007985,39.20629,0.000021,10.95459,-0.000383,(0.2_ 0.0_ 1.0)
118.9265,1.703648,0.00799,39.28031,0.000014,11.06132,-0.000262,(0.2_ 0.0_ 1.0)
118.9377,1.726614,0.00799,39.35468,0.000015,11.16777,-0.000262,(0.2_ 0.0_ 1.0)
118.9483,1.74867,0.007994,39.4257,0.000008,11.27395,-0.000156,(0.2_ 0.0_ 1.0)
118.9603,1.773656,0.007994,39.50573,0.000009,11.37983,-0.000154,(0.2_ 0.0_ 1.0)
118.9708,1.795875,0.007994,39.5765,0.000009,11.48543,-0.000154,(0.2_ 0.0_ 1.0)
118.9816,1.818614,0.007995,39.64853,0.000008,11.59073,-0.000142,(0.2_ 0.0_ 1.0)
118.9934,1.843529,0.007994,39.72704,0.000009,11.69572,-0.000142,(0.2_ 0.0_ 1.0)
119.004,1.866053,0.007996,39.79765,0.000007,11.8004,-0.000116,(0.2_ 0.0_ 1.0)
119.0177,1.895264,0.007996,39.88876,0.000008,11.90469,-0.000116,(0.2_ 0.0_ 1.0)
119.0264,1.914026,0.007997,39.94698,0.000005,12.00872,-0.00008,(0.2_ 0.0_ 1.0)
119.0378,1.938555,0.007997,40.02269,0.000005,12.11241,-0.00008,(0.2_ 0.0_ 1.0)
119.0487,1.962234,0.007998,40.09541,0.000003,12.21577,-0.000048,(0.2_ 0.0_ 1.0)
119.0599,1.986715,0.007998,40.17023,0.000003,12.31878,-0.000048,(0.2_ 0.0_ 1.0)
119.071,2.010872,0.007999,40.24371,0.000001,12.42143,-0.000025,(0.2_ 0.0_ 1.0)
119.0865,2.045009,0.007999,40.34708,0.000001,12.52358,-0.000017,(0.2_ 0.0_ 1.0)
119.0931,2.059494,0.007999,40.39072,0.000001,12.62551,-0.000017,(0.2_ 0.0_ 1.0)
119.1051,2.08614,0.008,40.47062,0.000001,12.72703,-0.000014,(0.2_ 0.0_ 1.0)
119.1163,2.110948,0.008,40.54467,0.000001,12.82817,-0.000014,(0.2_ 0.0_ 1.0)
119.1274,2.135636,0.008,40.61803,0.000001,12.92893,-0.00001,(0.2_ 0.0_ 1.0)
119.1387,2.161104,0.008,40.69336,0.000001,13.02928,-0.00001,(0.2_ 0.0_ 1.0)
119.1492,2.184693,0.008,40.76283,0,13.12926,-0.000008,(0.2_ 0.0_ 1.0)
119.1604,2.209985,0.008,40.83697,0,13.22884,-0.000008,(0.2_ 0.0_ 1.0)
119.1712,2.234443,0.008,40.90835,0,13.32805,-0.000008,(0.2_ 0.0_ 1.0)
119.1821,2.259425,0.008,40.98095,0,13.42686,-0.000008,(0.2_ 0.0_ 1.0)
119.1938,2.286103,0.008,41.05814,0,13.52526,-0.000008,(0.2_ 0.0_ 1.0)
119.2039,2.30931,0.007993,41.125,0.000004,13.62331,0.000565,(0.2_ 0.0_ 1.0)
119.2155,2.336035,0.007993,41.20166,0.000003,13.72097,0.000565,(0.2_ 0.0_ 1.0)
119.229,2.367254,0.007984,41.29086,0.000019,13.81817,-0.000683,(0.2_ 0.0_ 1.0)
119.2372,2.386301,0.007984,41.34503,0.00002,13.91509,-0.000683,(0.2_ 0.0_ 1.0)
119.2487,2.413186,0.007991,41.42118,0.000012,14.01165,-0.00045,(0.2_ 0.0_ 1.0)
119.26,2.439571,0.007991,41.49559,0.000013,14.10782,-0.00045,(0.2_ 0.0_ 1.0)
119.2707,2.464732,0.007991,41.56626,0.000014,14.20364,-0.00045,(0.2_ 0.0_ 1.0)
119.2818,2.490706,0.007991,41.63891,0.000013,14.29912,-0.000411,(0.2_ 0.0_ 1.0)
119.293,2.517282,0.007991,41.71293,0.000014,14.39423,-0.000411,(0.2_ 0.0_ 1.0)
119.3039,2.543207,0.007993,41.78485,0.000012,14.48901,-0.000333,(0.3_ 0.0_ 1.0)
119.3154,2.570505,0.007993,41.86026,0.000013,14.58343,-0.000333,(0.3_ 0.0_ 1.0)
119.3264,2.596857,0.007995,41.93277,0.000009,14.67751,-0.000229,(0.3_ 0.0_ 1.0)
119.3376,2.623773,0.007995,42.00652,0.000009,14.77125,-0.000229,(0.3_ 0.0_ 1.0)
119.3484,2.649642,0.007997,42.07712,0.000006,14.86467,-0.000137,(0.3_ 0.0_ 1.0)
119.36,2.677742,0.007997,42.1535,0.000006,14.95775,-0.000137,(0.3_ 0.0_ 1.0)
119.3705,2.703259,0.007999,42.22258,0.000004,15.05052,-0.000068,(0.3_ 0.0_ 1.0)
119.3819,2.731066,0.007999,42.29757,0.000003,15.14296,-0.000062,(0.3_ 0.0_ 1.0)
119.3931,2.758404,0.007999,42.37099,0.000004,15.23507,-0.000062,(0.3_ 0.0_ 1.0)
119.4037,2.784403,0.007999,42.44055,0.000003,15.32689,-0.000052,(0.3_ 0.0_ 1.0)
119.4155,2.81324,0.007999,42.5174,0.000003,15.41838,-0.000052,(0.3_ 0.0_ 1.0)
119.4259,2.838895,0.007999,42.58549,0.000002,15.50958,-0.000039,(0.3_ 0.0_ 1.0)
119.4397,2.873238,0.007999,42.67632,0.000002,15.6004,-0.000039,(0.3_ 0.0_ 1.0)
119.4485,2.895006,0.008,42.73365,0.000001,15.69099,-0.000024,(0.3_ 0.0_ 1.0)
119.4602,2.924145,0.008,42.81011,0.000001,15.78125,-0.000024,(0.3_ 0.0_ 1.0)
119.4708,2.950738,0.008,42.87962,0.000001,15.87124,-0.000024,(0.3_ 0.0_ 1.0)
119.4818,2.97831,0.008,42.9514,0.000001,15.96095,-0.000023,(0.3_ 0.0_ 1.0)
119.4931,3.006838,0.008,43.02539,0.000001,16.05035,-0.000023,(0.3_ 0.0_ 1.0)
119.504,3.034362,0.008,43.09652,0.000001,16.13948,-0.000019,(0.3_ 0.0_ 1.0)
119.5155,3.063357,0.008,43.17115,0.000001,16.22832,-0.000019,(0.3_ 0.0_ 1.0)
119.5264,3.091163,0.008,43.24246,0,16.31689,-0.000015,(0.3_ 0.0_ 1.0)
119.5374,3.119261,0.008,43.31425,0,16.40518,-0.000015,(0.3_ 0.0_ 1.0)
119.5486,3.147969,0.007984,43.38732,0.000009,16.49319,0.001251,(0.3_ 0.0_ 1.0)
119.5599,3.176872,0.007985,43.46061,0.000007,16.58094,0.001251,(0.3_ 0.0_ 1.0)
119.5708,3.204904,0.00798,43.53144,0.000024,16.66843,-0.000517,(0.3_ 0.0_ 1.0)
119.5819,3.233833,0.007982,43.60426,0.000023,16.75565,-0.000481,(0.3_ 0.0_ 1.0)
119.5932,3.263115,0.007981,43.6777,0.000024,16.84261,-0.000481,(0.3_ 0.0_ 1.0)
119.6039,3.290825,0.007985,43.74694,0.000019,16.92932,-0.000391,(0.3_ 0.0_ 1.0)
119.6152,3.320433,0.007985,43.82066,0.00002,17.01576,-0.000391,(0.3_ 0.0_ 1.0)
119.6265,3.349923,0.00799,43.89382,0.000014,17.10196,-0.000267,(0.3_ 0.0_ 1.0)
119.6396,3.384284,0.00799,43.97877,0.000014,17.18785,-0.000267,(0.3_ 0.0_ 1.0)
119.6483,3.407086,0.007994,44.03493,0.000008,17.27357,-0.000159,(0.3_ 0.0_ 1.0)
119.6599,3.437876,0.007994,44.11049,0.000008,17.35902,-0.000159,(0.3_ 0.0_ 1.0)
119.6702,3.465052,0.007997,44.17694,0.000005,17.44425,-0.000081,(0.3_ 0.0_ 1.0)
119.6822,3.497055,0.007997,44.25492,0.000004,17.52922,-0.000073,(0.3_ 0.0_ 1.0)
119.6935,3.527187,0.007997,44.32808,0.000005,17.61395,-0.000073,(0.3_ 0.0_ 1.0)
119.7039,3.554948,0.007998,44.39524,0.000004,17.69847,-0.00006,(0.3_ 0.0_ 1.0)
119.7152,3.585315,0.007998,44.46846,0.000004,17.78275,-0.00006,(0.3_ 0.0_ 1.0)
119.7262,3.614724,0.007998,44.53911,0.000002,17.86681,-0.000043,(0.3_ 0.0_ 1.0)
119.7377,3.645831,0.007998,44.61358,0.000002,17.95063,-0.000043,(0.3_ 0.0_ 1.0)
119.7481,3.673866,0.007999,44.68047,0.000002,18.03425,-0.000029,(0.3_ 0.0_ 1.0)
119.7598,3.705852,0.007999,44.75652,0.000002,18.11763,-0.000029,(0.3_ 0.0_ 1.0)
119.7706,3.735086,0.008,44.82578,0.000001,18.20081,-0.000017,(0.3_ 0.0_ 0.9)
119.7819,3.766039,0.008,44.89886,0.000001,18.28376,-0.000016,(0.3_ 0.0_ 0.9)
119.7934,3.797524,0.008,44.97295,0.000001,18.36649,-0.000016,(0.3_ 0.0_ 0.9)
119.8038,3.826133,0.008,45.04004,0.000001,18.44903,-0.000014,(0.3_ 0.0_ 0.9)
119.8154,3.858103,0.008,45.11475,0.000001,18.53134,-0.000014,(0.3_ 0.0_ 0.9)
119.8258,3.886815,0.008,45.18163,0.000001,18.61347,-0.000012,(0.3_ 0.0_ 0.9)
119.8373,3.918559,0.008,45.25531,0.000001,18.69538,-0.000012,(0.3_ 0.0_ 0.9)
119.8504,3.95497,0.008,45.33955,0.000001,18.77706,-0.000008,(0.3_ 0.0_ 0.9)
119.8603,3.982473,0.007999,45.40296,0.000001,18.85856,0.000034,(0.3_ 0.0_ 0.9)
119.8708,4.01195,0.007999,45.4707,0.000001,18.93987,0.000034,(0.3_ 0.0_ 0.9)
119.8814,4.041555,0.007999,45.53849,0.000001,19.02101,0.000041,(0.3_ 0.0_ 0.9)
119.8934,4.075284,0.007999,45.61548,0.000001,19.10196,0.000041,(0.3_ 0.0_ 0.9)
119.9041,4.105245,0.007992,45.68364,0.000005,19.18273,-0.000573,(0.3_ 0.0_ 0.9)
119.9153,4.13697,0.007992,45.75557,0.000006,19.26332,-0.000573,(0.3_ 0.0_ 0.9)
119.9264,4.168524,0.007995,45.82687,0.000005,19.34376,-0.000445,(0.3_ 0.0_ 0.9)
119.9375,4.200003,0.007994,45.89776,0.000006,19.42404,-0.000445,(0.3_ 0.0_ 0.9)
119.9486,4.231668,0.00798,45.96883,0.000014,19.50417,0.001105,(0.3_ 0.0_ 0.9)
119.9603,4.264908,0.00798,46.04318,0.000012,19.58416,0.001093,(0.3_ 0.0_ 0.9)
119.9711,4.29607,0.007981,46.11265,0.000011,19.66403,0.001093,(0.3_ 0.0_ 0.9)
119.9818,4.32659,0.007982,46.18045,0.000008,19.74379,0.000999,(0.3_ 0.0_ 0.9)
119.9935,4.360481,0.007982,46.25549,0.000007,19.82343,0.000999,(0.3_ 0.0_ 0.9)
120.0039,4.390355,0.007986,46.3214,0.000005,19.903,0.000809,(0.3_ 0.0_ 0.9)
120.0153,4.423527,0.007986,46.39433,0.000004,19.98249,0.000809,(0.3_ 0.0_ 0.9)
120.0266,4.456264,0.007991,46.46605,0.000002,20.06194,0.000545,(0.3_ 0.0_ 0.9)
120.0378,4.489064,0.007991,46.53765,0.000001,20.14135,0.000545,(0.3_ 0.0_ 0.9)
120.0516,4.529426,0.007996,46.62544,0,20.22076,0.000226,(0.3_ 0.0_ 0.9)
120.0597,4.553046,0.007996,46.67662,0,20.30019,0.000226,(0.3_ 0.0_ 0.9)
120.0706,4.585323,0.007998,46.74631,0,20.37966,0.0001,(0.3_ 0.0_ 0.9)
120.0825,4.620435,0.007998,46.82182,0,20.4592,0.000086,(0.3_ 0.0_ 0.9)
120.0929,4.651204,0.007998,46.88774,0,20.53881,0.000086,(0.4_ 0.0_ 0.9)
120.1038,4.683613,0.007999,46.95691,0,20.61853,0.000069,(0.4_ 0.0_ 0.9)
120.1153,4.717637,0.007999,47.02924,0,20.69838,0.000069,(0.4_ 0.0_ 0.9)
120.1267,4.751923,0.007999,47.10183,0,20.77837,0.000044,(0.4_ 0.0_ 0.9)
120.137,4.782618,0.007999,47.16655,-0.000001,20.85852,0.000044,(0.4_ 0.0_ 0.9)
120.1486,4.81771,0.008,47.24025,0,20.93886,0.000022,(0.4_ 0.0_ 0.9)
120.16,4.852006,0.008,47.31198,0,21.0194,0.000022,(0.4_ 0.0_ 0.9)
120.1706,4.884254,0.008,47.37915,0,21.10016,0.000009,(0.4_ 0.0_ 0.9)
120.1823,4.919741,0.008,47.45275,0,21.18116,0.000007,(0.4_ 0.0_ 0.9)
120.1934,4.953672,0.008,47.52283,0,21.26239,0.000007,(0.4_ 0.0_ 0.9)
120.2042,4.98654,0.008,47.59042,-0.000015,21.34388,0.000002,(0.4_ 0.0_ 0.9)
120.2154,5.021092,0.008,47.66117,-0.000015,21.42563,0.000002,(0.4_ 0.0_ 0.9)
120.2265,5.055412,0.007987,47.73116,0.000609,21.50767,0.000003,(0.4_ 0.0_ 0.9)
120.2377,5.089817,0.007986,47.801,0.000609,21.58999,0.000004,(0.4_ 0.0_ 0.9)
120.2487,5.123986,0.007992,47.87007,0.000345,21.6726,-0.000005,(0.4_ 0.0_ 0.9)
120.2622,5.166224,0.007992,47.95506,0.000306,21.75558,-0.000005,(0.4_ 0.0_ 0.9)
120.271,5.193619,0.007992,48.00994,0.000306,21.8388,-0.000004,(0.4_ 0.0_ 0.9)
120.282,5.228196,0.007992,48.07892,0.000275,21.92234,-0.000004,(0.4_ 0.0_ 0.9)
120.2931,5.263159,0.007992,48.14835,0.000275,22.00621,-0.000004,(0.4_ 0.0_ 0.9)
120.304,5.29763,0.007993,48.21651,0.00022,22.09039,-0.000004,(0.4_ 0.0_ 0.9)
120.3158,5.334933,0.007993,48.28992,0.00022,22.17494,-0.000004,(0.4_ 0.0_ 0.9)
120.3265,5.368858,0.007995,48.3564,0.000149,22.25981,-0.000004,(0.4_ 0.0_ 0.9)
120.3378,5.405122,0.007995,48.42714,0.000149,22.34504,-0.000004,(0.4_ 0.0_ 0.9)
120.3483,5.43881,0.007997,48.49256,0.000087,22.43059,-0.000005,(0.4_ 0.0_ 0.9)
120.3599,5.476018,0.007997,48.56448,0.000087,22.51651,-0.000005,(0.4_ 0.0_ 0.9)
120.371,5.511739,0.007998,48.63321,0.00004,22.60281,-0.000005,(0.4_ 0.0_ 0.9)
120.3821,5.547772,0.007999,48.70222,0.000035,22.68949,-0.000005,(0.4_ 0.0_ 0.9)
120.3935,5.58497,0.007998,48.77314,0.000035,22.77654,-0.000005,(0.4_ 0.0_ 0.9)
120.4042,5.619851,0.007999,48.83934,0.000028,22.86396,-0.000006,(0.4_ 0.0_ 0.9)
120.4158,5.657753,0.007999,48.91094,0.000028,22.95178,-0.000006,(0.4_ 0.0_ 0.9)
120.4267,5.693624,0.007999,48.97839,0.000018,23.03997,-0.000007,(0.4_ 0.0_ 0.9)
120.4378,5.730385,0.007999,49.0472,0.000018,23.12855,-0.000007,(0.4_ 0.0_ 0.9)
120.4485,5.765617,0.007999,49.11284,0.00001,23.21749,-0.000006,(0.4_ 0.0_ 0.9)
120.4603,5.804767,0.007999,49.18543,0.00001,23.30685,-0.000006,(0.4_ 0.0_ 0.9)
120.4734,5.848583,0.007999,49.26629,0.00001,23.39668,-0.000006,(0.4_ 0.0_ 0.9)
120.4816,5.875956,0.008,49.31658,0.000009,23.48679,-0.000006,(0.4_ 0.0_ 0.9)
120.4938,5.916963,0.007999,49.39156,0.000009,23.57735,-0.000006,(0.4_ 0.0_ 0.9)
120.5043,5.952487,0.008,49.45621,0.000007,23.66829,-0.000006,(0.4_ 0.0_ 0.9)
120.5155,5.990288,0.008,49.52468,0.000007,23.75963,-0.000006,(0.4_ 0.0_ 0.9)
120.5264,6.027401,0.008,49.59159,0.000005,23.85136,-0.000006,(0.4_ 0.0_ 0.9)
120.5425,6.08204,0.008,49.68959,0.000004,23.94368,-0.000006,(0.4_ 0.0_ 0.9)
120.5488,6.103619,0.008,49.72813,0.000004,24.03624,-0.000006,(0.4_ 0.0_ 0.9)
120.5609,6.145391,0.008,49.80237,0.000001,24.12923,-0.000005,(0.4_ 0.0_ 0.9)
120.5722,6.18403,0.008,49.87072,0.000001,24.22262,-0.000005,(0.4_ 0.0_ 0.9)
120.5829,6.221238,0.008,49.93623,0.000001,24.3164,-0.000006,(0.4_ 0.0_ 0.9)
120.5943,6.260746,0.008,50.00546,0.000001,24.41059,-0.000006,(0.4_ 0.0_ 0.9)
120.6045,6.296218,0.008,50.06733,0.000001,24.50514,-0.000006,(0.4_ 0.0_ 0.9)
120.6159,6.336004,0.008,50.13639,0.000001,24.6001,-0.000006,(0.4_ 0.0_ 0.9)
120.6267,6.373944,0.008,50.20194,0,24.69543,-0.000006,(0.4_ 0.0_ 0.9)
120.6381,6.41397,0.008,50.27077,0,24.79115,-0.000006,(0.4_ 0.0_ 0.9)
120.6489,6.452029,0.008,50.33591,0,24.88723,-0.000006,(0.4_ 0.0_ 0.9)
120.6602,6.492289,0.008,50.40449,0,24.9837,0.000026,(0.4_ 0.0_ 0.9)
120.6711,6.531026,0.008,50.47017,0,25.08052,0.000026,(0.4_ 0.0_ 0.9)
120.6846,6.57913,0.008,50.55134,0,25.17779,0.000051,(0.4_ 0.0_ 0.9)
120.6934,6.610795,0.008,50.60453,0,25.27535,0.000051,(0.4_ 0.0_ 0.9)
120.7039,6.648409,0.007992,50.66741,0.000005,25.37324,-0.00054,(0.4_ 0.0_ 0.9)
120.7154,6.689838,0.007992,50.73635,0.000006,25.4715,-0.00054,(0.4_ 0.0_ 0.9)
120.7263,6.729165,0.007995,50.80149,0.000005,25.5701,-0.000426,(0.4_ 0.0_ 0.9)
120.7375,6.770067,0.007995,50.86892,0.000006,25.66907,-0.000426,(0.4_ 0.0_ 0.9)
120.7484,6.809566,0.007981,50.93374,0.000014,25.76838,0.001066,(0.4_ 0.0_ 0.9)
120.7601,6.852529,0.007981,51.00391,0.000012,25.86805,0.001061,(0.4_ 0.0_ 0.9)
120.7707,6.89123,0.007981,51.06683,0.00001,25.96807,0.001061,(0.4_ 0.0_ 0.9)
120.7819,6.932425,0.007983,51.13347,0.000007,26.06845,0.000963,(0.4_ 0.0_ 0.9)
120.7933,6.974586,0.007983,51.20136,0.000006,26.1692,0.000963,(0.4_ 0.0_ 0.9)
120.804,7.014395,0.007987,51.26516,0.000003,26.27031,0.000771,(0.4_ 0.0_ 0.9)
120.8156,7.057271,0.007987,51.33355,0.000002,26.37179,0.000772,(0.4_ 0.0_ 0.9)
120.8261,7.096622,0.007991,51.39603,0,26.47363,0.000538,(0.4_ 0.0_ 0.9)
120.8373,7.138713,0.007991,51.46253,-0.000001,26.57585,0.000538,(0.4_ 0.0_ 0.9)
120.8482,7.179543,0.007995,51.52673,-0.000002,26.67846,0.000316,(0.4_ 0.0_ 0.9)
120.8599,7.22358,0.007995,51.59564,-0.000002,26.7815,0.000316,(0.5_ 0.0_ 0.9)
120.8708,7.264951,0.007998,51.66006,-0.000002,26.88494,0.000141,(0.5_ 0.0_ 0.9)
120.8821,7.307578,0.007998,51.72611,-0.000002,26.98881,0.000126,(0.5_ 0.0_ 0.9)
120.8957,7.359356,0.007998,51.80593,-0.000002,27.0932,0.000126,(0.5_ 0.0_ 0.9)
120.904,7.391332,0.007998,51.855,-0.000002,27.1979,0.000099,(0.5_ 0.0_ 0.9)
120.9154,7.434888,0.007998,51.9215,-0.000002,27.30305,0.000099,(0.5_ 0.0_ 0.9)
120.926,7.475607,0.007999,51.98337,-0.000001,27.40859,0.000068,(0.5_ 0.0_ 0.9)
120.9373,7.519372,0.007999,52.04954,-0.000002,27.51458,0.000068,(0.5_ 0.0_ 0.9)
120.9484,7.562569,0.007999,52.11452,-0.000001,27.621,0.000038,(0.5_ 0.0_ 0.9)
120.9602,7.608139,0.007999,52.18274,-0.000001,27.72789,0.000038,(0.5_ 0.0_ 0.9)
120.971,7.650437,0.007999,52.24574,-0.000001,27.83521,0.000038,(0.5_ 0.0_ 0.9)
120.9818,7.692624,0.007999,52.30826,-0.000001,27.94296,0.000034,(0.5_ 0.0_ 0.9)
120.9936,7.738862,0.007999,52.37644,-0.000001,28.05118,0.000034,(0.5_ 0.0_ 0.9)
121.0039,7.779698,0.008,52.43636,-0.000001,28.15982,0.000026,(0.5_ 0.0_ 0.9)
121.0154,7.8253,0.008,52.50293,-0.000001,28.26893,0.000026,(0.5_ 0.0_ 0.9)
121.026,7.867378,0.008,52.56405,0,28.37848,0.000016,(0.5_ 0.0_ 0.9)
121.0374,7.912491,0.008,52.62925,0,28.4885,0.000016,(0.5_ 0.0_ 0.9)
121.0486,7.957238,0.008,52.69358,0,28.59899,0.000007,(0.5_ 0.0_ 0.9)
121.0602,8.003905,0.008,52.76034,-0.000001,28.70997,0.000007,(0.5_ 0.0_ 0.9)
121.0708,8.046451,0.008,52.82088,-0.000001,28.82141,0.000007,(0.5_ 0.0_ 0.9)
121.0819,8.091358,0.008,52.88446,0.000004,28.93334,-0.000039,(0.5_ 0.0_ 0.9)
121.0934,8.138001,0.008,52.95016,0.000004,29.04577,-0.000039,(0.5_ 0.0_ 0.9)
121.1067,8.191917,0.007988,53.02568,0.00001,29.15881,0.000903,(0.5_ 0.0_ 0.9)
121.1153,8.22707,0.007989,53.07468,0.000008,29.27225,0.000903,(0.5_ 0.0_ 0.9)
121.126,8.271015,0.007993,53.13561,0.000044,29.38618,0.000686,(0.5_ 0.0_ 0.9)
121.1374,8.317676,0.007993,53.19996,0.000042,29.50065,0.000686,(0.5_ 0.0_ 0.9)
121.1485,8.363723,0.00798,53.26313,0.000036,29.61566,-0.000906,(0.5_ 0.0_ 0.9)
121.1602,8.412256,0.00798,53.32936,0.000037,29.73123,-0.000898,(0.5_ 0.0_ 0.9)
121.1711,8.45749,0.00798,53.39075,0.000039,29.84734,-0.000897,(0.5_ 0.0_ 0.9)
121.1817,8.501565,0.007981,53.45024,0.000038,29.96399,-0.000823,(0.5_ 0.0_ 0.9)
121.1933,8.550059,0.007981,53.51535,0.000039,30.08121,-0.000822,(0.5_ 0.0_ 0.9)
121.2039,8.594611,0.007985,53.57485,0.000033,30.19896,-0.000664,(0.5_ 0.0_ 0.9)
121.2157,8.64417,0.007984,53.64066,0.000034,30.31733,-0.000664,(0.5_ 0.0_ 0.9)
121.2266,8.690368,0.00799,53.70168,0.000024,30.43628,-0.000449,(0.5_ 0.0_ 0.9)
121.2378,8.73787,0.007989,53.76406,0.000025,30.55583,-0.000449,(0.5_ 0.0_ 0.9)
121.2489,8.784954,0.007994,53.82557,0.000014,30.67598,-0.000253,(0.5_ 0.0_ 0.9)
121.2599,8.832007,0.007994,53.88668,0.000015,30.79673,-0.000253,(0.5_ 0.0_ 0.9)
121.2708,8.878726,0.007997,53.94702,0.000007,30.91807,-0.000119,(0.5_ 0.0_ 0.9)
121.2822,8.927871,0.007998,54.01012,0.000006,31.04008,-0.000106,(0.5_ 0.0_ 0.9)
121.2935,8.976363,0.007998,54.07204,0.000007,31.16273,-0.000106,(0.5_ 0.0_ 0.9)
121.3062,9.031299,0.007998,54.14177,0.000005,31.28611,-0.000076,(0.5_ 0.0_ 0.9)
121.3155,9.071856,0.007998,54.19297,0.000005,31.41003,-0.000076,(0.5_ 0.0_ 0.9)
121.3263,9.11909,0.007999,54.25225,0.000003,31.53459,-0.000054,(0.5_ 0.0_ 0.9)
121.3374,9.167489,0.007999,54.31264,0.000003,31.6598,-0.000054,(0.5_ 0.0_ 0.9)
121.3484,9.215908,0.007999,54.37271,0.000002,31.78566,-0.000033,(0.5_ 0.0_ 0.9)
121.3599,9.266733,0.007999,54.4354,0.000002,31.9122,-0.000033,(0.5_ 0.0_ 0.8)
121.371,9.315623,0.008,54.49534,0.000002,32.0394,-0.000018,(0.5_ 0.0_ 0.8)
121.3825,9.366761,0.008,54.55766,0.000002,32.16729,-0.000016,(0.5_ 0.0_ 0.8)
121.3934,9.415448,0.008,54.61666,0.000002,32.29583,-0.000016,(0.5_ 0.0_ 0.8)
121.4041,9.463321,0.008,54.67433,0.000001,32.42501,-0.000014,(0.5_ 0.0_ 0.8)
121.4152,9.512829,0.008,54.73362,0.000001,32.55485,-0.000014,(0.5_ 0.0_ 0.8)
121.4267,9.564507,0.007988,54.79512,0.000007,32.68539,0.000963,(0.5_ 0.0_ 0.8)
121.4376,9.613979,0.007988,54.85366,0.000005,32.81657,0.000963,(0.5_ 0.0_ 0.8)
121.4486,9.664088,0.007982,54.9126,0.00002,32.94843,-0.000364,(0.5_ 0.0_ 0.8)
121.46,9.715749,0.007982,54.973,0.000021,33.08096,-0.000364,(0.5_ 0.0_ 0.8)
121.4709,9.765403,0.007982,55.0307,0.000022,33.21415,-0.000364,(0.5_ 0.0_ 0.8)
121.4819,9.815692,0.007984,55.08879,0.000021,33.34798,-0.000332,(0.5_ 0.0_ 0.8)
121.4935,9.869313,0.007983,55.15035,0.000021,33.48251,-0.000332,(0.6_ 0.0_ 0.8)
121.507,9.931377,0.007989,55.22116,0.000014,33.61784,-0.000221,(0.6_ 0.0_ 0.8)
121.5156,9.97134,0.007989,55.26648,0.000015,33.7537,-0.000221,(0.6_ 0.0_ 0.8)
121.5267,10.02297,0.007993,55.32468,0.00001,33.89021,-0.000149,(0.6_ 0.0_ 0.8)
121.5375,10.07306,0.007993,55.3808,0.00001,34.02739,-0.000149,(0.6_ 0.0_ 0.8)
121.5488,10.12607,0.007996,55.43983,0.000006,34.16525,-0.000086,(0.6_ 0.0_ 0.8)
121.5598,10.17785,0.007996,55.49713,0.000006,34.30377,-0.000086,(0.6_ 0.0_ 0.8)
121.5708,10.2297,0.007998,55.55416,0.000002,34.44298,-0.000042,(0.6_ 0.0_ 0.8)
121.5823,10.28367,0.007998,55.61314,0.000002,34.58288,-0.000038,(0.6_ 0.0_ 0.8)
121.5935,10.33679,0.007998,55.67083,0.000002,34.72345,-0.000038,(0.6_ 0.0_ 0.8)
121.6042,10.38798,0.007999,55.72609,0.000002,34.86468,-0.000031,(0.6_ 0.0_ 0.8)
121.6155,10.44184,0.007999,55.78385,0.000002,35.00657,-0.000031,(0.6_ 0.0_ 0.8)
121.6263,10.49367,0.007999,55.83909,0.000001,35.14911,-0.000024,(0.6_ 0.0_ 0.8)
121.6375,10.5474,0.007999,55.896,0.000001,35.29229,-0.000024,(0.6_ 0.0_ 0.8)
121.649,10.60285,0.007999,55.95437,0.000001,35.43615,-0.000016,(0.6_ 0.0_ 0.8)
121.6605,10.65837,0.007999,56.01243,0.000001,35.58068,-0.000016,(0.6_ 0.0_ 0.8)
121.671,10.70928,0.007999,56.06535,0.000001,35.7258,-0.000016,(0.6_ 0.0_ 0.8)
121.682,10.76288,0.008,56.12069,0.000001,35.87155,-0.000015,(0.6_ 0.0_ 0.8)
121.6933,10.81838,0.008,56.17765,0.000001,36.01794,-0.000015,(0.6_ 0.0_ 0.8)
121.7039,10.87034,0.008,56.23064,0.000001,36.16491,-0.000014,(0.6_ 0.0_ 0.8)
121.7183,10.9409,0.008,56.30211,0.000001,36.31268,-0.000014,(0.6_ 0.0_ 0.8)
121.7263,10.98027,0.008,56.34175,0.000001,36.46087,-0.000011,(0.6_ 0.0_ 0.8)
121.7378,11.03739,0.008,56.3989,0.000001,36.60968,-0.000011,(0.6_ 0.0_ 0.8)
121.7486,11.09107,0.008,56.45227,0,36.75906,-0.00001,(0.6_ 0.0_ 0.8)
121.7607,11.15112,0.008,56.51158,0,36.90908,-0.00001,(0.6_ 0.0_ 0.8)
121.7711,11.20324,0.008,56.56273,0,37.05964,-0.00001,(0.6_ 0.0_ 0.8)
121.7818,11.25661,0.007997,56.61478,0.000002,37.21074,0.00025,(0.6_ 0.0_ 0.8)
121.7934,11.31493,0.007997,56.67129,0.000001,37.36243,0.00025,(0.6_ 0.0_ 0.8)
121.8038,11.36731,0.007997,56.72173,0,37.51464,0.00023,(0.6_ 0.0_ 0.8)
121.8156,11.42715,0.007997,56.77897,0,37.66745,0.00023,(0.6_ 0.0_ 0.8)
121.8264,11.4822,0.007986,56.8313,0.000009,37.82079,-0.000812,(0.6_ 0.0_ 0.8)
121.8379,11.54044,0.007986,56.8863,0.000011,37.97467,-0.000812,(0.6_ 0.0_ 0.8)
121.8487,11.59549,0.007992,56.93795,0.000009,38.12909,-0.000542,(0.6_ 0.0_ 0.8)
121.8601,11.65419,0.007992,56.99269,0.00001,38.28403,-0.000538,(0.6_ 0.0_ 0.8)
121.8711,11.71049,0.007992,57.04483,0.000011,38.4395,-0.000538,(0.6_ 0.0_ 0.8)
121.8819,11.76604,0.007992,57.09595,0.000012,38.59545,-0.000489,(0.6_ 0.0_ 0.8)
121.8938,11.82763,0.007992,57.15228,0.000013,38.75197,-0.000489,(0.6_ 0.0_ 0.8)
121.9043,11.88188,0.007994,57.20155,0.000011,38.90894,-0.000386,(0.6_ 0.0_ 0.8)
121.9177,11.95155,0.007994,57.26443,0.000012,39.06653,-0.000386,(0.6_ 0.0_ 0.8)
121.9266,11.99785,0.007996,57.30594,0.000009,39.2245,-0.000263,(0.6_ 0.0_ 0.8)
121.9377,12.05608,0.007996,57.35781,0.00001,39.38297,-0.000263,(0.6_ 0.0_ 0.8)
121.9484,12.11215,0.007997,57.40744,0.000006,39.5419,-0.000156,(0.6_ 0.0_ 0.8)
121.9603,12.17466,0.007997,57.4624,0.000007,39.70134,-0.000154,(0.6_ 0.0_ 0.8)
121.9709,12.23058,0.007997,57.51125,0.000007,39.86123,-0.000154,(0.6_ 0.0_ 0.8)
121.9819,12.28873,0.007998,57.56171,0.000007,40.02158,-0.00014,(0.6_ 0.0_ 0.8)
121.9937,12.35111,0.007998,57.61549,0.000007,40.18242,-0.00014,(0.6_ 0.0_ 0.8)
122.0102,12.43901,0.007999,57.69073,0.000003,40.34393,-0.000073,(0.6_ 0.0_ 0.8)
122.0162,12.47085,0.007999,57.71782,0.000004,40.50569,-0.000073,(0.6_ 0.0_ 0.8)
122.0275,12.53139,0.007999,57.76897,0.000003,40.6679,-0.000049,(0.7_ 0.0_ 0.8)
122.0383,12.58926,0.007999,57.81756,0.000003,40.83054,-0.000049,(0.7_ 0.0_ 0.8)
122.0493,12.64839,0.008,57.86686,0.000002,40.99361,-0.000029,(0.7_ 0.0_ 0.8)
122.0607,12.70983,0.008,57.91776,0,41.15712,-0.000027,(0.7_ 0.0_ 0.8)
122.0715,12.76818,0.008,57.96577,0,41.32104,-0.000027,(0.7_ 0.0_ 0.8)
122.0821,12.82569,0.008,58.01278,0,41.48537,-0.000025,(0.7_ 0.0_ 0.7)
122.0935,12.88761,0.008,58.06306,0,41.65013,-0.000025,(0.7_ 0.0_ 0.7)
122.1043,12.94676,0.008,58.11076,0,41.81528,-0.000022,(0.7_ 0.0_ 0.7)
122.1181,13.0221,0.008,58.17111,0,41.98095,-0.000022,(0.7_ 0.0_ 0.7)
122.1263,13.06665,0.007989,58.20655,0.000005,42.1469,0.000901,(0.7_ 0.0_ 0.7)
122.138,13.13128,0.007989,58.25763,0.000003,42.31327,0.000901,(0.7_ 0.0_ 0.7)
122.1489,13.1909,0.007982,58.30444,0.000019,42.48004,-0.000438,(0.7_ 0.0_ 0.7)
122.1601,13.25292,0.007982,58.3528,0.00002,42.64719,-0.000437,(0.7_ 0.0_ 0.7)
122.1711,13.3137,0.007982,58.39986,0.000022,42.81472,-0.000437,(0.7_ 0.0_ 0.7)
122.1818,13.37341,0.007984,58.44579,0.000021,42.9826,-0.000398,(0.7_ 0.0_ 0.7)
122.193,13.43567,0.007983,58.49335,0.000022,43.15084,-0.000398,(0.7_ 0.0_ 0.7)
122.204,13.49668,0.007987,58.53965,0.000019,43.31941,-0.000322,(0.7_ 0.0_ 0.7)
122.2156,13.56187,0.007987,58.58878,0.000019,43.48832,-0.000322,(0.7_ 0.0_ 0.7)
122.2263,13.62149,0.007991,58.63341,0.000014,43.65751,-0.000225,(0.7_ 0.0_ 0.7)
122.2375,13.6847,0.007991,58.68041,0.000015,43.82697,-0.000225,(0.7_ 0.0_ 0.7)
122.2487,13.74787,0.007995,58.72706,0.000009,43.99668,-0.00013,(0.7_ 0.0_ 0.7)
122.2604,13.81366,0.007995,58.77533,0.000009,44.16661,-0.000128,(0.7_ 0.0_ 0.7)
122.2709,13.87281,0.007995,58.81845,0.00001,44.33672,-0.000128,(0.7_ 0.0_ 0.7)
122.2818,13.93472,0.007995,58.86327,0.000009,44.50697,-0.000117,(0.7_ 0.0_ 0.7)
122.2936,14.00214,0.007995,58.91177,0.00001,44.67734,-0.000117,(0.7_ 0.0_ 0.7)
122.3043,14.06287,0.007996,58.95518,0.000008,44.84778,-0.000094,(0.7_ 0.0_ 0.7)
122.3154,14.12605,0.007996,59.00006,0.000008,45.01823,-0.000094,(0.7_ 0.0_ 0.7)
122.3294,14.20642,0.007998,59.0568,0.000004,45.18864,-0.000053,(0.7_ 0.0_ 0.7)
122.3376,14.2533,0.007998,59.08968,0.000004,45.35897,-0.000053,(0.7_ 0.0_ 0.7)
122.3484,14.31532,0.007999,59.13293,0.000003,45.52916,-0.000033,(0.7_ 0.0_ 0.7)
122.3602,14.3831,0.007999,59.17993,0.000003,45.69912,-0.000033,(0.7_ 0.0_ 0.7)
122.371,14.44566,0.007999,59.22305,0.000003,45.86879,-0.000033,(0.7_ 0.0_ 0.7)
122.3818,14.50753,0.007999,59.26546,0.000003,46.03814,-0.00003,(0.7_ 0.0_ 0.7)
122.3936,14.57606,0.007999,59.31218,0.000003,46.20704,-0.00003,(0.7_ 0.0_ 0.7)
122.404,14.63633,0.007999,59.35305,0.000002,46.37548,-0.000026,(0.7_ 0.0_ 0.7)
122.4153,14.70203,0.007999,59.39737,0.000002,46.54335,-0.000026,(0.7_ 0.0_ 0.7)
122.4262,14.76497,0.007999,59.43963,0.000001,46.71058,-0.000019,(0.7_ 0.0_ 0.7)
122.4374,14.83052,0.007999,59.48343,0.000001,46.87709,-0.000019,(0.7_ 0.0_ 0.7)
122.449,14.8979,0.008,59.52824,0.000001,47.04283,-0.000012,(0.7_ 0.0_ 0.7)
122.4603,14.96377,0.008,59.57186,0.000001,47.20769,-0.000012,(0.7_ 0.0_ 0.7)
122.4706,15.024,0.008,59.61156,0.000001,47.37173,-0.000012,(0.7_ 0.0_ 0.7)
122.4816,15.08838,0.008,59.65382,0.000001,47.5348,-0.000012,(0.7_ 0.0_ 0.7)
122.4932,15.15672,0.008,59.69852,0.000001,47.69679,-0.000012,(0.7_ 0.0_ 0.7)
122.5039,15.21926,0.008,59.73926,0.000001,47.85777,-0.00001,(0.7_ 0.0_ 0.7)
122.5154,15.28676,0.008,59.78307,0.000001,48.0176,-0.00001,(0.7_ 0.0_ 0.7)
122.5287,15.36485,0.008,59.8336,0.000001,48.17603,-0.000009,(0.7_ 0.0_ 0.7)
122.5374,15.4159,0.008,59.8665,0.000001,48.33353,-0.000009,(0.7_ 0.0_ 0.7)
122.5487,15.48237,0.007984,59.90919,0.000008,48.4898,0.001258,(0.7_ 0.0_ 0.7)
122.5602,15.55018,0.007985,59.95262,0.000005,48.6448,0.001232,(0.8_ 0.0_ 0.7)
122.5711,15.61495,0.007985,59.99395,0.000001,48.79855,0.001232,(0.8_ 0.0_ 0.7)
122.582,15.6791,0.007981,60.03476,0.000001,48.95106,0.000671,(0.8_ 0.0_ 0.7)
122.593,15.7444,0.007981,60.07618,0,49.10229,0.000671,(0.8_ 0.0_ 0.7)
122.6037,15.80724,0.007985,60.11592,-0.000002,49.25227,0.00051,(0.8_ 0.0_ 0.7)
122.6151,15.8748,0.007985,60.15852,-0.000003,49.4009,0.00051,(0.8_ 0.0_ 0.7)
122.6263,15.9415,0.00799,60.20045,-0.000003,49.54819,0.000347,(0.8_ 0.0_ 0.6)
122.6376,16.00847,0.00799,60.24245,-0.000004,49.69414,0.000347,(0.8_ 0.0_ 0.6)
122.6481,16.07045,0.007994,60.2812,-0.000002,49.83884,0.000205,(0.8_ 0.0_ 0.6)
122.6599,16.14099,0.007994,60.32519,-0.000003,49.98213,0.000205,(0.8_ 0.0_ 0.6)
122.6707,16.20508,0.007997,60.36506,-0.000001,50.12413,0.000093,(0.8_ 0.0_ 0.6)
122.6819,16.2718,0.007998,60.40644,-0.000001,50.26481,0.000083,(0.8_ 0.0_ 0.6)
122.6931,16.3382,0.007998,60.44753,-0.000002,50.40417,0.000083,(0.8_ 0.0_ 0.6)
122.7039,16.40278,0.007998,60.4874,-0.000001,50.54228,0.000065,(0.8_ 0.0_ 0.6)
122.7154,16.47093,0.007998,60.52935,-0.000001,50.67907,0.000065,(0.8_ 0.0_ 0.6)
122.7261,16.53502,0.007999,60.56872,-0.000001,50.81462,0.000044,(0.8_ 0.0_ 0.6)
122.7396,16.61549,0.007999,60.61804,-0.000001,50.94864,0.000044,(0.8_ 0.0_ 0.6)
122.7484,16.66783,0.007999,60.65002,-0.000001,51.08169,0.000023,(0.8_ 0.0_ 0.6)
122.76,16.73737,0.007999,60.69242,-0.000001,51.21344,0.000023,(0.8_ 0.0_ 0.6)
122.7706,16.80055,0.008,60.73084,0,51.34401,0.000008,(0.8_ 0.0_ 0.6)
122.782,16.86898,0.008,60.77236,0,51.47334,0.000006,(0.8_ 0.0_ 0.6)
122.7933,16.93672,0.008,60.81336,0,51.60144,0.000006,(0.8_ 0.0_ 0.6)
122.8037,16.99934,0.008,60.85117,0,51.72842,0.000004,(0.8_ 0.0_ 0.6)
122.8154,17.06895,0.008,60.89311,0,51.85416,0.000004,(0.8_ 0.0_ 0.6)
122.8259,17.13237,0.008,60.93122,0,51.9788,0.000001,(0.8_ 0.0_ 0.6)
122.8373,17.2004,0.008,60.97201,0,52.10226,0.000001,(0.8_ 0.0_ 0.6)
122.8486,17.26846,0.007961,61.01273,0.000103,52.22457,-0.000001,(0.8_ 0.0_ 0.6)
122.8596,17.33483,0.00796,61.05234,0.000103,52.34575,0,(0.8_ 0.0_ 0.6)
122.8705,17.40047,0.007981,61.09143,0.000049,52.46584,-0.000007,(0.8_ 0.0_ 0.6)
122.882,17.46911,0.007983,61.13222,0.000044,52.5848,-0.000007,(0.8_ 0.0_ 0.6)
122.8935,17.53852,0.007983,61.17337,0.000044,52.70263,-0.000006,(0.8_ 0.0_ 0.6)
122.9038,17.6007,0.007986,61.21015,0.000036,52.81945,-0.000007,(0.8_ 0.0_ 0.6)
122.9154,17.67068,0.007986,61.25145,0.000036,52.93516,-0.000007,(0.8_ 0.0_ 0.6)
122.9266,17.73808,0.007991,61.29114,0.000024,53.04982,-0.000007,(0.8_ 0.0_ 0.6)
122.9398,17.81755,0.007991,61.33787,0.000024,53.16324,-0.000006,(0.8_ 0.0_ 0.6)
122.9486,17.87101,0.007995,61.36921,0.000014,53.27584,-0.000007,(0.8_ 0.0_ 0.6)
122.96,17.94009,0.007995,61.40963,0.000014,53.3874,-0.000007,(0.8_ 0.0_ 0.6)
122.9707,18.00431,0.007995,61.44712,0.000014,53.49799,-0.000007,(0.8_ 0.0_ 0.6)
122.9817,18.07092,0.007995,61.48593,0.000013,53.60759,-0.000007,(0.8_ 0.0_ 0.6)
122.9931,18.13998,0.007995,61.52608,0.000013,53.71618,-0.000007,(0.8_ 0.0_ 0.6)
123.0041,18.2064,0.007996,61.56461,0.00001,53.82381,-0.000006,(0.8_ 0.0_ 0.6)
123.0153,18.27434,0.007996,61.60394,0.00001,53.93047,-0.000006,(0.8_ 0.0_ 0.6)
123.0262,18.34086,0.007997,61.64236,0.000007,54.03619,-0.000006,(0.8_ 0.0_ 0.6)
123.0374,18.40838,0.007997,61.68129,0.000007,54.14096,-0.000006,(0.8_ 0.0_ 0.6)
123.0484,18.47528,0.007999,61.71977,0.000004,54.24481,-0.000006,(0.8_ 0.0_ 0.6)
123.0599,18.54505,0.007999,61.75983,0.000004,54.34771,-0.000006,(0.8_ 0.0_ 0.6)
123.0706,18.60984,0.007999,61.79694,0.000003,54.44973,-0.000006,(0.8_ 0.0_ 0.6)
123.0825,18.68218,0.007999,61.8383,0.000002,54.55079,-0.000006,(0.8_ 0.0_ 0.6)
123.0938,18.75109,0.007999,61.87763,0.000002,54.65093,-0.000006,(0.8_ 0.0_ 0.6)
123.104,18.81311,0.007999,61.91294,0.000002,54.75027,-0.000006,(0.8_ 0.0_ 0.6)
123.1154,18.88258,0.007999,61.95242,0.000002,54.84872,-0.000006,(0.8_ 0.0_ 0.6)
123.1265,18.95,0.008,61.99066,0.000002,54.94631,-0.000006,(0.8_ 0.0_ 0.6)
123.14,19.03214,0.008,62.03717,0.000002,55.04286,-0.000006,(0.8_ 0.0_ 0.6)
123.1481,19.08146,0.008,62.06503,0.000001,55.1388,-0.000007,(0.8_ 0.0_ 0.6)
123.1601,19.155,0.008,62.10649,0.000001,55.23384,-0.000007,(0.8_ 0.0_ 0.6)
123.1707,19.21967,0.008,62.14288,0.000001,55.32809,-0.000007,(0.8_ 0.0_ 0.6)
123.1817,19.28667,0.008,62.18052,0.000001,55.42154,-0.000007,(0.8_ 0.0_ 0.6)
123.194,19.36196,0.008,62.22272,0.000001,55.51409,-0.000007,(0.8_ 0.0_ 0.6)
123.2038,19.42168,0.008,62.25613,0.000001,55.60593,-0.000007,(0.8_ 0.0_ 0.6)
123.2154,19.49277,0.008,62.29583,0.000001,55.69696,-0.000007,(0.8_ 0.0_ 0.6)
123.2264,19.55961,0.008,62.33308,0,55.78722,-0.000007,(0.8_ 0.0_ 0.6)
123.2377,19.62888,0.008,62.37162,0,55.8767,-0.000007,(0.8_ 0.0_ 0.6)
123.2482,19.69335,0.008,62.40741,0,55.96545,-0.000008,(0.8_ 0.0_ 0.6)
123.2599,19.7651,0.008,62.44717,0.000001,56.05341,-0.000008,(0.8_ 0.0_ 0.6)
123.2707,19.83111,0.007981,62.48368,0.000012,56.14064,0.00156,(0.8_ 0.0_ 0.6)
123.2826,19.90358,0.00798,62.52369,0.000014,56.2271,0.001109,(0.8_ 0.0_ 0.6)
123.2931,19.96814,0.00798,62.55927,0.000013,56.31287,0.001109,(0.8_ 0.0_ 0.6)
123.3041,20.03579,0.007985,62.59649,0.000008,56.39794,0.000865,(0.8_ 0.0_ 0.6)
123.3157,20.1068,0.007985,62.63547,0.000007,56.48229,0.000865,(0.8_ 0.0_ 0.6)
123.3262,20.17113,0.007989,62.67072,0.000004,56.56601,0.000599,(0.8_ 0.0_ 0.6)
123.3374,20.24004,0.00799,62.70841,0.000004,56.64904,0.000599,(0.8_ 0.0_ 0.5)
123.3548,20.34712,0.007998,62.76692,0.000001,56.73108,0.000154,(0.8_ 0.0_ 0.5)
123.3599,20.37862,0.007998,62.78408,0.000001,56.81281,0.000154,(0.8_ 0.0_ 0.5)
123.3707,20.4448,0.007999,62.82008,0.000001,56.89397,0.000065,(0.8_ 0.0_ 0.5)
123.382,20.51441,0.007999,62.85786,0.000001,56.97454,0.000057,(0.8_ 0.0_ 0.5)
123.3937,20.58645,0.007999,62.89688,0.000001,57.05449,0.000057,(0.8_ 0.0_ 0.5)
123.4042,20.65103,0.007999,62.93179,0.000001,57.13394,0.000044,(0.8_ 0.0_ 0.5)
123.4153,20.71942,0.007999,62.96868,0.000001,57.21286,0.000044,(0.8_ 0.0_ 0.5)
123.4267,20.78982,0.008,63.00657,0,57.2913,0.000028,(0.8_ 0.0_ 0.5)
123.4376,20.85708,0.008,63.0427,0,57.36929,0.000028,(0.8_ 0.0_ 0.5)
123.4487,20.92523,0.008,63.07922,0,57.44688,0.000013,(0.8_ 0.0_ 0.5)
123.4602,20.99649,0.008,63.11732,0,57.52408,0.000013,(0.8_ 0.0_ 0.5)
123.4707,21.06091,0.008,63.15168,0,57.60095,0.000013,(0.8_ 0.0_ 0.5)
123.4816,21.12848,0.008,63.18762,0,57.67756,0.000011,(0.8_ 0.0_ 0.5)
123.4935,21.20224,0.008,63.22676,0,57.75388,0.000011,(0.8_ 0.0_ 0.5)
123.5043,21.26872,0.008,63.26194,0,57.82999,0.000007,(0.8_ 0.0_ 0.5)
123.5153,21.33699,0.008,63.29796,0,57.90597,0.000007,(0.8_ 0.0_ 0.5)
123.5262,21.40475,0.008,63.3336,0,57.98185,0.000003,(0.8_ 0.0_ 0.5)
123.5378,21.47625,0.008,63.3711,0,58.05769,0.000003,(0.8_ 0.0_ 0.5)
123.5509,21.55765,0.008,63.41365,0.000001,58.13352,-0.000003,(0.8_ 0.0_ 0.5)
123.5599,21.61372,0.008,63.44286,0.000001,58.20939,-0.000003,(0.8_ 0.0_ 0.5)
123.5707,21.68086,0.008,63.47771,-0.000029,58.28537,0.000002,(0.9_ 0.0_ 0.5)
123.5821,21.75132,0.007995,63.51416,0.000169,58.3615,0.000002,(0.9_ 0.0_ 0.5)
123.5932,21.82069,0.007995,63.54992,0.000169,58.43779,0.000002,(0.9_ 0.0_ 0.5)
123.6041,21.88849,0.007996,63.58473,0.000134,58.51434,-0.000001,(0.9_ 0.0_ 0.5)
123.6155,21.95982,0.007996,63.6212,0.000134,58.59116,-0.000001,(0.9_ 0.0_ 0.5)
123.6265,22.02827,0.007997,63.65607,0.00009,58.66829,-0.000004,(0.9_ 0.0_ 0.5)
123.6378,22.09848,0.007997,63.69168,0.00009,58.74576,-0.000004,(0.9_ 0.0_ 0.5)
123.6483,22.16407,0.007998,63.7248,0.000053,58.82356,-0.000005,(0.9_ 0.0_ 0.5)
123.6603,22.23932,0.007998,63.76264,0.000052,58.90179,-0.000005,(0.9_ 0.0_ 0.5)
123.6709,22.30573,0.007998,63.79589,0.000052,58.98041,-0.000005,(0.9_ 0.0_ 0.5)
123.6815,22.37227,0.007998,63.82905,0.000048,59.05944,-0.000005,(0.9_ 0.0_ 0.5)
123.6935,22.44751,0.007998,63.86637,0.000048,59.13898,-0.000004,(0.9_ 0.0_ 0.5)
123.7042,22.51435,0.007998,63.89938,0.000038,59.21896,-0.000004,(0.9_ 0.0_ 0.5)
123.7156,22.58646,0.007998,63.93482,0.000038,59.29943,-0.000004,(0.9_ 0.0_ 0.5)
123.7257,22.64995,0.007999,63.96587,0.000027,59.38035,-0.000005,(0.9_ 0.0_ 0.5)
123.7374,22.72328,0.007999,64.00156,0.000027,59.4618,-0.000005,(0.9_ 0.0_ 0.5)
123.7484,22.79269,0.007999,64.03518,0.000016,59.54375,-0.000005,(0.9_ 0.0_ 0.5)
123.7629,22.88377,0.007999,64.07906,0.000014,59.62639,-0.000005,(0.9_ 0.0_ 0.5)
123.771,22.93497,0.007999,64.10361,0.000014,59.70942,-0.000005,(0.9_ 0.0_ 0.5)
123.7816,23.00207,0.008,64.13562,0.000013,59.79295,-0.000005,(0.9_ 0.0_ 0.5)
123.7934,23.07656,0.007999,64.17097,0.000013,59.87704,-0.000005,(0.9_ 0.0_ 0.5)
123.804,23.14372,0.008,64.20268,0.00001,59.96165,-0.000006,(0.9_ 0.0_ 0.5)
123.8152,23.21466,0.008,64.236,0.00001,60.04682,-0.000006,(0.9_ 0.0_ 0.5)
123.8263,23.28541,0.008,64.26906,0.000007,60.13254,-0.000006,(0.9_ 0.0_ 0.5)
123.8375,23.35637,0.008,64.30204,0.000007,60.21881,-0.000006,(0.9_ 0.0_ 0.5)
123.8484,23.42576,0.008,64.33411,0.000004,60.30562,-0.000007,(0.9_ 0.0_ 0.5)
123.86,23.49966,0.008,64.36809,0.000004,60.39299,-0.000007,(0.9_ 0.0_ 0.5)
123.8707,23.5678,0.008,64.39924,0.000004,60.4809,-0.000007,(0.9_ 0.0_ 0.5)
123.8818,23.63795,0.008,64.43114,0.000003,60.56937,-0.000007,(0.9_ 0.0_ 0.5)
123.8928,23.70848,0.008,64.46302,0.000003,60.6584,-0.000007,(0.9_ 0.0_ 0.5)
123.904,23.77989,0.008,64.49512,0.000003,60.74798,-0.000007,(0.9_ 0.0_ 0.5)
123.9155,23.85354,0.008,64.52805,0.000003,60.83815,-0.000007,(0.9_ 0.0_ 0.5)
123.9264,23.92303,0.008,64.55894,0.000002,60.92887,-0.000006,(0.9_ 0.0_ 0.5)
123.9378,23.99604,0.008,64.5912,0.000002,61.02015,-0.000006,(0.9_ 0.0_ 0.5)
123.9482,24.06296,0.008,64.62061,-0.00002,61.11194,-0.000001,(0.9_ 0.0_ 0.5)
123.96,24.13818,0.008,64.65346,-0.00002,61.20432,-0.000001,(0.9_ 0.0_ 0.5)
123.9726,24.21968,0.008,64.68884,-0.000007,61.29731,-0.000004,(0.9_ 0.0_ 0.5)
123.9819,24.27884,0.007996,64.71438,0.00017,61.39076,-0.000003,(0.9_ 0.0_ 0.5)
123.9936,24.35468,0.007996,64.74692,0.00017,61.48478,-0.000003,(0.9_ 0.0_ 0.5)
124.0039,24.42042,0.007997,64.77496,0.000137,61.57929,-0.000005,(0.9_ 0.0_ 0.5)
124.0156,24.49627,0.007996,64.80711,0.000137,61.67437,-0.000005,(0.9_ 0.0_ 0.5)
124.0261,24.56358,0.007997,64.83547,0.000096,61.76994,-0.000006,(0.9_ 0.0_ 0.5)
124.0376,24.63798,0.007997,64.86663,0.000096,61.86605,-0.000006,(0.9_ 0.0_ 0.5)
124.0485,24.70827,0.007998,64.89589,0.000055,61.96266,-0.000005,(0.9_ 0.0_ 0.5)
124.06,24.78289,0.007998,64.92676,0.000055,62.05978,-0.000005,(0.9_ 0.0_ 0.5)
124.0706,24.8514,0.007999,64.95493,0.000026,62.1574,-0.000004,(0.9_ 0.0_ 0.5)
124.0821,24.92626,0.007999,64.9855,0.000023,62.25552,-0.000004,(0.9_ 0.0_ 0.5)
124.0933,24.99889,0.007999,65.01498,0.000023,62.35415,-0.000004,(0.9_ 0.0_ 0.5)
124.1044,25.07047,0.007999,65.04386,0.000018,62.45325,-0.000005,(0.9_ 0.0_ 0.5)
124.1152,25.14124,0.007999,65.07222,0.000018,62.55283,-0.000005,(0.9_ 0.0_ 0.5)
124.1265,25.21459,0.008,65.10143,0.000012,62.6529,-0.000005,(0.9_ 0.0_ 0.5)
124.1377,25.28743,0.008,65.13025,0.000012,62.75347,-0.000005,(0.9_ 0.0_ 0.5)
124.1484,25.35709,0.008,65.15763,0.000007,62.85451,-0.000006,(0.9_ 0.0_ 0.5)
124.1601,25.43348,0.008,65.18745,0.000007,62.95607,-0.000006,(0.9_ 0.0_ 0.5)
124.1735,25.52078,0.008,65.2213,0.000007,63.05824,-0.000006,(0.9_ 0.0_ 0.5)
124.1816,25.57383,0.008,65.24174,0.000007,63.16076,-0.000006,(0.9_ 0.0_ 0.5)
124.1937,25.65272,0.008,65.27192,0.000007,63.26382,-0.000006,(0.9_ 0.0_ 0.4)
124.2042,25.72127,0.008,65.29797,0.000005,63.36736,-0.000006,(0.9_ 0.0_ 0.4)
124.2156,25.79649,0.008,65.32635,0.000005,63.47143,-0.000006,(0.9_ 0.0_ 0.4)
124.2266,25.86804,0.008,65.35315,-0.000015,63.57602,-0.000002,(0.9_ 0.0_ 0.4)
124.2375,25.93987,0.008,65.37987,-0.000015,63.68113,-0.000002,(0.9_ 0.0_ 0.4)
124.2485,26.01203,0.008,65.40651,-0.000008,63.78675,-0.000003,(0.9_ 0.0_ 0.4)
124.2601,26.08839,0.008,65.4345,-0.000008,63.89293,0,(0.9_ 0.0_ 0.4)
124.2708,26.15895,0.008,65.46017,-0.000008,63.99961,0,(0.9_ 0.0_ 0.4)
124.2822,26.23358,0.008,65.48713,-0.000007,64.10683,0.000001,(0.9_ 0.0_ 0.4)
124.2933,26.307,0.008,65.51344,-0.000007,64.21458,0.000001,(0.9_ 0.0_ 0.4)
124.304,26.37732,0.008,65.53846,-0.000006,64.32283,0,(0.9_ 0.0_ 0.4)
124.3153,26.45182,0.008,65.56476,-0.000006,64.43161,0,(0.9_ 0.0_ 0.4)
124.3266,26.52675,0.008,65.59101,-0.000004,64.54089,-0.000002,(0.9_ 0.0_ 0.4)
124.3375,26.59869,0.008,65.61602,-0.000004,64.65069,-0.000002,(0.9_ 0.0_ 0.4)
124.3486,26.67223,0.007983,65.64139,0.000817,64.76098,0.000002,(0.9_ 0.0_ 0.4)
124.3602,26.74897,0.007982,65.66765,0.000809,64.87179,0.000004,(0.9_ 0.0_ 0.4)
124.3735,26.83702,0.00798,65.69753,0.000809,64.98317,0.000005,(0.9_ 0.0_ 0.4)
124.3816,26.89121,0.007981,65.71578,0.000742,65.09492,0.000005,(0.9_ 0.0_ 0.4)
124.3933,26.96836,0.00798,65.74155,0.000742,65.20716,0.000007,(0.9_ 0.0_ 0.4)
124.4038,27.03837,0.007983,65.76476,0.000601,65.31985,0.000005,(0.9_ 0.0_ 0.4)
124.4153,27.11507,0.007982,65.78996,0.000601,65.43304,0.000006,(0.9_ 0.0_ 0.4)
124.4267,27.19093,0.007988,65.81469,0.000399,65.54668,0.000002,(0.9_ 0.0_ 0.4)
124.4377,27.26429,0.007987,65.83841,0.000399,65.66079,0.000003,(0.9_ 0.0_ 0.4)
124.4484,27.33554,0.007992,65.86125,0.000231,65.77533,-0.000001,(0.9_ 0.0_ 0.4)
124.46,27.41289,0.007992,65.88584,0.00023,65.89034,-0.000001,(0.9_ 0.0_ 0.4)
124.4708,27.48481,0.007992,65.90852,0.00023,66.00578,0,(0.9_ 0.0_ 0.4)
124.482,27.55945,0.007992,65.93184,0.000208,66.12165,-0.000001,(0.9_ 0.0_ 0.4)
124.4935,27.63661,0.007992,65.95574,0.000208,66.23796,0,(0.9_ 0.0_ 0.4)
124.5043,27.70865,0.007993,65.97787,0.000163,66.35468,-0.000002,(0.9_ 0.0_ 0.4)
124.5154,27.7833,0.007993,66.0006,0.000163,66.47179,-0.000001,(0.9_ 0.0_ 0.4)
124.5267,27.8586,0.007995,66.02332,0.000109,66.58932,-0.000002,(0.9_ 0.0_ 0.4)
124.5377,27.93287,0.007995,66.04554,0.000109,66.70724,-0.000002,(0.9_ 0.0_ 0.4)
124.5484,28.00471,0.007997,66.06684,0.000063,66.82552,-0.000003,(0.9_ 0.0_ 0.4)
124.5601,28.08301,0.007997,66.08985,0.000063,66.94421,-0.000003,(0.9_ 0.0_ 0.4)
124.5711,28.15721,0.007997,66.11146,0.000063,67.06327,-0.000003,(0.9_ 0.0_ 0.4)
124.584,28.24346,0.007997,66.13634,0.00005,67.18277,-0.000004,(0.9_ 0.0_ 0.4)
124.593,28.30409,0.007997,66.15367,0.00005,67.30256,-0.000004,(0.9_ 0.0_ 0.4)
124.604,28.37835,0.007998,66.17471,0.00004,67.42271,-0.000004,(0.9_ 0.0_ 0.4)
124.6157,28.45713,0.007998,66.19681,0.00004,67.54324,-0.000004,(0.9_ 0.0_ 0.4)
124.6265,28.52977,0.007999,66.217,0.000027,67.66409,-0.000005,(0.9_ 0.0_ 0.4)
124.638,28.60798,0.007998,66.23853,0.000027,67.78527,-0.000004,(0.9_ 0.0_ 0.4)
124.6485,28.67853,0.007999,66.25777,0.000016,67.90677,-0.000004,(0.9_ 0.0_ 0.4)
124.6601,28.75719,0.007999,66.27901,0.000015,68.02856,-0.000004,(0.9_ 0.0_ 0.4)
124.6709,28.83018,0.007999,66.29855,0.000015,68.15061,-0.000004,(0.9_ 0.0_ 0.4)
124.6818,28.90394,0.007999,66.31808,0.000014,68.27289,-0.000004,(0.9_ 0.0_ 0.4)
124.6931,28.98046,0.007999,66.33817,0.000014,68.3954,-0.000004,(0.9_ 0.0_ 0.4)
124.7043,29.05585,0.007999,66.35778,0.000011,68.51808,-0.000004,(0.9_ 0.0_ 0.4)
124.7155,29.13205,0.007999,66.37741,0.000011,68.64089,-0.000004,(0.9_ 0.0_ 0.4)
124.7265,29.20661,0.008,66.39644,0.000008,68.76379,-0.000005,(0.9_ 0.0_ 0.4)
124.7378,29.28305,0.008,66.41577,0.000008,68.88674,-0.000005,(0.9_ 0.0_ 0.4)
124.7484,29.35523,0.008,66.43386,0.000005,69.00971,-0.000005,(0.9_ 0.0_ 0.4)
124.7607,29.43872,0.008,66.4546,0.000004,69.13265,-0.000005,(0.9_ 0.0_ 0.4)
124.7712,29.50999,0.008,66.47214,0.000004,69.25553,-0.000005,(0.9_ 0.0_ 0.4)
124.7837,29.59511,0.008,66.4929,0.000003,69.37827,-0.000006,(0.9_ 0.0_ 0.4)
124.7936,29.66247,0.008,66.50919,0.000003,69.5009,-0.000006,(0.9_ 0.0_ 0.4)
124.8041,29.73402,0.008,66.52635,0.000003,69.62336,-0.000006,(0.9_ 0.0_ 0.3)
124.8154,29.81073,0.008,66.54459,0.000003,69.74562,-0.000006,(0.9_ 0.0_ 0.3)
124.8262,29.8848,0.008,66.56204,-0.000015,69.86765,-0.000002,(0.9_ 0.0_ 0.3)
124.8377,29.96299,0.008,66.58032,-0.000015,69.9894,-0.000002,(0.9_ 0.0_ 0.3)
124.8488,30.03872,0.008,66.59788,-0.000008,70.11086,-0.000004,(0.9_ 0.0_ 0.3)
124.86,30.11502,0.008,66.61542,-0.000008,70.23198,-0.000004,(0.9_ 0.0_ 0.3)
124.8749,30.2167,0.007999,66.63862,0.00004,70.35263,0.000365,(0.9_ 0.0_ 0.3)
124.8818,30.26414,0.007996,66.64935,0.000039,70.47308,0.00009,(0.9_ 0.0_ 0.3)
124.8953,30.35604,0.007996,66.66998,0.000038,70.59308,0.00009,(0.9_ 0.0_ 0.3)
124.9053,30.42429,0.007997,66.68517,0.000029,70.71273,0.00003,(0.9_ 0.0_ 0.3)
124.9162,30.49869,0.007997,66.7016,0.000028,70.83199,0.00003,(0.9_ 0.0_ 0.3)
124.927,30.57288,0.007998,66.71785,0.000018,70.95084,0.000016,(0.9_ 0.0_ 0.3)
124.9381,30.64845,0.007998,66.73428,0.000018,71.06928,0.000016,(0.9_ 0.0_ 0.3)
124.9489,30.72278,0.007999,66.75031,0.00001,71.18731,0.000005,(0.9_ 0.0_ 0.3)
124.9604,30.80132,0.007999,66.76711,0.00001,71.30492,0.000005,(0.9_ 0.0_ 0.3)
124.9711,30.87475,0.007999,66.78268,0.00001,71.4221,0.000005,(0.9_ 0.0_ 0.3)
124.9819,30.94893,0.007999,66.7983,0.000009,71.53886,0.000004,(0.9_ 0.0_ 0.3)
124.9955,31.0421,0.007999,66.81776,0.000009,71.65511,0.000004,(0.9_ 0.0_ 0.3)
125.0041,31.1005,0.007999,66.82986,0.000007,71.77103,0.000002,(0.9_ 0.0_ 0.3)
125.0153,31.17731,0.007999,66.84565,0.000007,71.88652,0.000002,(1.0_ 0.0_ 0.3)
125.0265,31.25453,0.007999,66.86139,0.000005,72.00161,0,(1.0_ 0.0_ 0.3)
125.0376,31.33031,0.007999,66.87671,0.000005,72.11628,0,(1.0_ 0.0_ 0.3)
125.0485,31.40526,0.008,66.89173,0.000003,72.23056,-0.000004,(1.0_ 0.0_ 0.3)
125.0601,31.48481,0.008,66.90755,0.000003,72.34443,-0.000004,(1.0_ 0.0_ 0.3)
125.0709,31.55937,0.008,66.92225,0.000003,72.45792,-0.000004,(1.0_ 0.0_ 0.3)
125.0816,31.63272,0.008,66.93659,0.000002,72.57101,-0.000004,(1.0_ 0.0_ 0.3)
125.0933,31.71302,0.008,66.95216,0.000002,72.68367,-0.000004,(1.0_ 0.0_ 0.3)
125.1044,31.78945,0.008,66.96686,0.000002,72.79592,-0.000004,(1.0_ 0.0_ 0.3)
125.1153,31.86407,0.008,66.98109,0.000002,72.90778,-0.000004,(1.0_ 0.0_ 0.3)
125.1261,31.93874,0.008,66.9952,0.000001,73.01922,-0.000005,(1.0_ 0.0_ 0.3)
125.138,32.02024,0.008,67.01048,0.000001,73.1302,-0.000005,(1.0_ 0.0_ 0.3)
125.1482,32.09085,0.008,67.02361,0.000001,73.24076,-0.000005,(1.0_ 0.0_ 0.3)
125.1599,32.17127,0.008,67.03844,0.000001,73.35086,-0.000005,(1.0_ 0.0_ 0.3)
125.1706,32.245,0.007999,67.05193,-0.000029,73.4605,-0.000001,(1.0_ 0.0_ 0.3)
125.1819,32.32293,0.007996,67.06608,0.000157,73.56967,0,(1.0_ 0.0_ 0.3)
125.1934,32.40223,0.007995,67.08035,0.000157,73.67831,0,(1.0_ 0.0_ 0.3)
125.206,32.48893,0.007997,67.09585,0.00011,73.78638,-0.000004,(1.0_ 0.0_ 0.3)
125.2153,32.55309,0.007997,67.10722,0.00011,73.89399,-0.000004,(1.0_ 0.0_ 0.3)
125.2264,32.62917,0.007998,67.1206,0.000075,74.00102,-0.000004,(1.0_ 0.0_ 0.3)
125.2373,32.70454,0.007997,67.13375,0.000075,74.10747,-0.000004,(1.0_ 0.0_ 0.3)
125.2483,32.78041,0.007998,67.1469,0.000044,74.21331,-0.000006,(1.0_ 0.0_ 0.3)
125.2602,32.86283,0.007998,67.16108,0.000043,74.31845,-0.000006,(1.0_ 0.0_ 0.3)
125.2711,32.93801,0.007998,67.17393,0.000043,74.42294,-0.000006,(1.0_ 0.0_ 0.3)
125.2815,33.00921,0.007998,67.186,0.00004,74.52676,-0.000006,(1.0_ 0.0_ 0.3)
125.2936,33.09304,0.007998,67.20014,0.00004,74.62975,-0.000006,(1.0_ 0.0_ 0.3)
125.3043,33.16663,0.007999,67.21247,0.000032,74.73201,-0.000006,(1.0_ 0.0_ 0.3)
125.3152,33.24216,0.007999,67.22505,0.000032,74.83347,-0.000006,(1.0_ 0.0_ 0.3)
125.326,33.31705,0.007999,67.23745,0.000022,74.93413,-0.000006,(1.0_ 0.0_ 0.3)
125.3378,33.39853,0.007999,67.25087,0.000022,75.03387,-0.000005,(1.0_ 0.0_ 0.3)
125.3482,33.4698,0.007999,67.26254,0.000012,75.13279,-0.000006,(1.0_ 0.0_ 0.3)
125.3602,33.55263,0.007999,67.27603,0.000012,75.23075,-0.000006,(1.0_ 0.0_ 0.3)
125.3707,33.6258,0.007999,67.2879,0.000012,75.3278,-0.000006,(1.0_ 0.0_ 0.3)
125.3817,33.70163,0.007999,67.30013,0.000011,75.42393,-0.000006,(1.0_ 0.0_ 0.3)
125.3934,33.7823,0.007999,67.3131,0.000011,75.51904,-0.000006,(1.0_ 0.0_ 0.3)
125.4043,33.85768,0.007999,67.32515,0.000009,75.61318,-0.000006,(1.0_ 0.0_ 0.2)
125.4176,33.94945,0.007999,67.33978,0.000009,75.70615,-0.000006,(1.0_ 0.0_ 0.2)
125.4261,34.00879,0.008,67.3492,0.000006,75.79832,-0.000006,(1.0_ 0.0_ 0.2)
125.4374,34.08657,0.008,67.36149,0.000006,75.88948,-0.000006,(1.0_ 0.0_ 0.2)
125.4484,34.16262,0.008,67.37346,0.000004,75.97962,-0.000006,(1.0_ 0.0_ 0.2)
125.4597,34.24102,0.008,67.38576,0.000004,76.06872,-0.000006,(1.0_ 0.0_ 0.2)
125.4705,34.31573,0.008,67.39743,0.000002,76.15683,-0.000007,(1.0_ 0.0_ 0.2)
125.482,34.39521,0.008,67.40981,0.000002,76.2439,-0.000007,(1.0_ 0.0_ 0.2)
125.4931,34.47213,0.008,67.42175,0.000002,76.32995,-0.000007,(1.0_ 0.0_ 0.2)
125.5036,34.54476,0.008,67.43299,-0.000009,76.41508,-0.000004,(1.0_ 0.0_ 0.2)
125.5151,34.62426,0.008,67.44525,-0.000009,76.49918,-0.000004,(1.0_ 0.0_ 0.2)
125.5258,34.69823,0.008,67.45662,-0.000006,76.58236,-0.000005,(1.0_ 0.0_ 0.2)
125.5374,34.77859,0.008,67.46893,-0.000006,76.66454,-0.000005,(1.0_ 0.0_ 0.2)
125.5482,34.85281,0.007983,67.48026,0.000773,76.74583,0,(1.0_ 0.0_ 0.2)
125.5601,34.93532,0.007982,67.49281,0.000769,76.82612,0.000001,(1.0_ 0.0_ 0.2)
125.5709,35.01041,0.007981,67.5042,0.000769,76.90551,0.000002,(1.0_ 0.0_ 0.2)
125.5816,35.08431,0.007982,67.51537,0.000707,76.98404,0.000003,(1.0_ 0.0_ 0.2)
125.5933,35.16511,0.007981,67.52754,0.000707,77.06164,0.000004,(1.0_ 0.0_ 0.2)
125.604,35.2396,0.007984,67.53873,0.000564,77.13839,0.000002,(1.0_ 0.0_ 0.2)
125.6157,35.32034,0.007983,67.55082,0.000564,77.21423,0.000003,(1.0_ 0.0_ 0.2)
125.6285,35.40884,0.00799,67.56404,0.000324,77.28909,-0.000002,(1.0_ 0.0_ 0.2)
125.6373,35.47011,0.00799,67.57316,0.000324,77.36328,-0.000002,(1.0_ 0.0_ 0.2)
125.6486,35.54815,0.007994,67.58473,0.000184,77.43662,-0.000003,(1.0_ 0.0_ 0.2)
125.6599,35.62611,0.007994,67.59626,0.000184,77.50912,-0.000003,(1.0_ 0.0_ 0.2)
125.6706,35.70066,0.007997,67.60725,0.000086,77.58083,-0.000006,(1.0_ 0.0_ 0.2)
125.6821,35.77986,0.007997,67.61888,0.000077,77.65172,-0.000006,(1.0_ 0.0_ 0.2)
125.6933,35.85748,0.007997,67.63025,0.000078,77.72179,-0.000006,(1.0_ 0.0_ 0.2)
125.704,35.93151,0.007997,67.64106,0.000062,77.79111,-0.000005,(1.0_ 0.0_ 0.2)
125.7157,36.01249,0.007997,67.65285,0.000062,77.8596,-0.000005,(1.0_ 0.0_ 0.2)
125.7266,36.088,0.007998,67.66381,0.000041,77.92733,-0.000006,(1.0_ 0.0_ 0.2)
125.7374,36.16341,0.007998,67.67472,0.000041,77.99432,-0.000006,(1.0_ 0.0_ 0.2)
125.7483,36.2384,0.007999,67.68554,0.000024,78.06057,-0.000005,(1.0_ 0.0_ 0.2)
125.76,36.31942,0.007999,67.6972,0.000024,78.12603,-0.000005,(1.0_ 0.0_ 0.2)
125.7706,36.39306,0.007999,67.70776,0.000012,78.19078,-0.000006,(1.0_ 0.0_ 0.2)
125.782,36.4719,0.008,67.71904,0.000011,78.25479,-0.000006,(1.0_ 0.0_ 0.2)
125.7934,36.55103,0.008,67.73033,0.000011,78.31805,-0.000006,(1.0_ 0.0_ 0.2)
125.804,36.62452,0.008,67.74078,0.000009,78.38063,-0.000006,(1.0_ 0.0_ 0.2)
125.8153,36.70275,0.008,67.75188,0.000009,78.4425,-0.000006,(1.0_ 0.0_ 0.2)
125.8266,36.7814,0.008,67.76302,0.000006,78.50365,-0.000005,(1.0_ 0.0_ 0.2)
125.8399,36.87317,0.008,67.77598,0.000006,78.56398,-0.000005,(1.0_ 0.0_ 0.2)
125.8485,36.9328,0.008,67.78437,0.000003,78.62378,-0.000007,(1.0_ 0.0_ 0.2)
125.8601,37.01367,0.008,67.79572,0.000003,78.68286,-0.000007,(1.0_ 0.0_ 0.2)
125.871,37.08892,0.008,67.80626,0.000003,78.7413,-0.000007,(1.0_ 0.0_ 0.2)
125.8823,37.16714,0.008,67.81718,0.000003,78.79907,-0.000007,(1.0_ 0.0_ 0.2)
125.8937,37.24609,0.008,67.82818,0.000003,78.85616,-0.000007,(1.0_ 0.0_ 0.2)
125.9038,37.31673,0.008,67.83798,0.000003,78.91267,-0.000007,(1.0_ 0.0_ 0.2)
125.9151,37.39492,0.008,67.84882,0.000003,78.96852,-0.000007,(1.0_ 0.0_ 0.2)
125.9266,37.4744,0.008,67.8598,-0.000016,79.02373,-0.000001,(1.0_ 0.0_ 0.2)
125.9377,37.55142,0.008,67.87042,-0.000016,79.0783,-0.000001,(1.0_ 0.0_ 0.2)
125.9484,37.62558,0.007983,67.88062,0.000785,79.13229,0.000003,(1.0_ 0.0_ 0.2)
125.96,37.70592,0.007982,67.89164,0.000785,79.18562,0.000003,(1.0_ 0.0_ 0.2)
125.9708,37.7811,0.007991,67.90193,0.000361,79.23838,-0.000007,(1.0_ 0.0_ 0.2)
125.9823,37.86085,0.007992,67.91282,0.000319,79.29052,-0.000007,(1.0_ 0.0_ 0.2)
125.9935,37.9382,0.007991,67.92336,0.000319,79.34206,-0.000007,(1.0_ 0.0_ 0.2)
126.0042,38.01301,0.007993,67.93352,0.000251,79.39304,-0.000006,(1.0_ 0.0_ 0.2)
126.0154,38.09067,0.007993,67.94405,0.000251,79.44344,-0.000006,(1.0_ 0.0_ 0.2)
126.0269,38.17025,0.007995,67.95481,0.000164,79.49323,-0.000007,(1.0_ 0.0_ 0.2)
126.0401,38.26161,0.007995,67.96715,0.000163,79.54237,-0.000007,(1.0_ 0.0_ 0.2)
126.0488,38.32203,0.007994,67.97528,0.000163,79.59107,-0.000006,(1.0_ 0.0_ 0.2)
126.0598,38.39822,0.007994,67.98551,0.000163,79.63922,-0.000006,(1.0_ 0.0_ 0.2)
126.0707,38.47408,0.007997,67.99568,0.000075,79.68683,-0.000006,(1.0_ 0.0_ 0.2)
126.0818,38.55079,0.007997,68.00594,0.000068,79.73391,-0.000006,(1.0_ 0.0_ 0.2)
126.0935,38.63209,0.007997,68.01678,0.000068,79.78042,-0.000006,(1.0_ 0.0_ 0.2)
126.1043,38.70689,0.007998,68.02674,0.000053,79.82642,-0.000006,(1.0_ 0.0_ 0.2)
126.1156,38.78539,0.007998,68.03717,0.000053,79.87189,-0.000006,(1.0_ 0.0_ 0.2)
126.1268,38.8633,0.007999,68.0475,0.000035,79.91683,-0.000007,(1.0_ 0.0_ 0.2)
126.1377,38.93888,0.007999,68.0575,0.000035,79.96129,-0.000007,(1.0_ 0.0_ 0.2)
126.1483,39.0127,0.007999,68.06724,0.00002,80.00524,-0.000005,(1.0_ 0.0_ 0.2)
126.16,39.09394,0.007999,68.07794,0.00002,80.04867,-0.000005,(1.0_ 0.0_ 0.2)
126.171,39.16999,0.007999,68.08794,0.00002,80.09162,-0.000005,(1.0_ 0.0_ 0.2)
126.1817,39.24439,0.007999,68.0977,0.000019,80.13409,-0.000005,(1.0_ 0.0_ 0.2)
126.1938,39.32854,0.007999,68.10873,0.000019,80.17604,-0.000005,(1.0_ 0.0_ 0.2)
126.2039,39.39844,0.007999,68.11786,0.000015,80.21755,-0.000006,(1.0_ 0.0_ 0.2)
126.2154,39.47826,0.007999,68.12827,0.000015,80.25858,-0.000006,(1.0_ 0.0_ 0.2)
126.2264,39.55434,0.008,68.13818,0.000011,80.29914,-0.000005,(1.0_ 0.0_ 0.2)
126.2375,39.63133,0.007999,68.14818,0.000011,80.33923,-0.000005,(1.0_ 0.0_ 0.2)
126.2508,39.72411,0.008,68.16022,0.000005,80.37878,-0.000006,(1.0_ 0.0_ 0.2)
126.2599,39.78738,0.008,68.16841,0.000005,80.41797,-0.000006,(1.0_ 0.0_ 0.2)
126.2707,39.86179,0.008,68.17802,0.000002,80.45673,-0.000005,(1.0_ 0.0_ 0.2)
126.2824,39.94326,0.007994,68.18853,-0.000134,80.49503,0.000245,(1.0_ 0.0_ 0.2)
126.2933,40.0186,0.007994,68.19823,-0.000134,80.53293,0.000245,(1.0_ 0.0_ 0.2)
126.3044,40.09566,0.007995,68.20812,-0.000095,80.57041,0.00011,(1.0_ 0.0_ 0.2)
126.3155,40.1729,0.007996,68.21803,-0.000095,80.60748,0.00011,(1.0_ 0.0_ 0.2)
126.3266,40.25002,0.007997,68.22789,-0.000063,80.64414,0.000068,(1.0_ 0.0_ 0.2)
126.3376,40.32656,0.007997,68.23766,-0.000063,80.68041,0.000068,(1.0_ 0.0_ 0.2)
126.3484,40.40137,0.007998,68.2472,-0.000038,80.71632,0.000037,(1.0_ 0.0_ 0.2)
126.3598,40.48076,0.007999,68.2573,-0.000038,80.75181,0.000037,(1.0_ 0.0_ 0.2)
126.3706,40.55585,0.007999,68.26684,-0.000018,80.78693,0.000014,(1.0_ 0.0_ 0.2)
126.3868,40.66819,0.008,68.2811,-0.000012,80.8215,0.000007,(1.0_ 0.0_ 0.2)
126.3933,40.71316,0.008,68.28679,-0.000012,80.85585,0.000007,(1.0_ 0.0_ 0.2)
126.4051,40.7955,0.008,68.29719,-0.000009,80.88981,0.000004,(1.0_ 0.0_ 0.2)
126.4163,40.87317,0.008,68.30698,-0.000009,80.9234,0.000004,(1.0_ 0.0_ 0.2)
126.427,40.94735,0.008,68.31631,0.000013,80.95666,-0.000167,(1.0_ 0.0_ 0.2)
126.4385,41.02715,0.008,68.32634,0.000014,80.98953,-0.000167,(1.0_ 0.0_ 0.2)
126.4514,41.1171,0.00798,68.33762,0.000021,81.022,0.00149,(1.0_ 0.0_ 0.2)
126.4607,41.18166,0.007981,68.3457,0.00002,81.05416,0.001443,(1.0_ 0.0_ 0.2)
126.4718,41.2583,0.007981,68.35528,0.000019,81.08599,0.001443,(1.0_ 0.0_ 0.2)
126.4823,41.33164,0.007983,68.36443,0.000011,81.11749,0.001277,(1.0_ 0.0_ 0.2)
126.4935,41.4095,0.007983,68.37412,0.000011,81.14865,0.001277,(1.0_ 0.0_ 0.2)
126.5045,41.48588,0.007987,68.38361,0.000008,81.17949,0.000992,(1.0_ 0.0_ 0.2)
126.5154,41.56104,0.007987,68.39294,0.000007,81.20999,0.000992,(1.0_ 0.0_ 0.2)
126.5267,41.64003,0.007992,68.40271,0.000005,81.24017,0.000662,(1.0_ 0.0_ 0.2)
126.5379,41.71804,0.007992,68.41236,0.000005,81.27002,0.000662,(1.0_ 0.0_ 0.2)
126.5486,41.79185,0.007995,68.42147,-0.000029,81.29956,0.000372,(1.0_ 0.0_ 0.2)
126.5601,41.87193,0.007995,68.43134,-0.000029,81.32877,0.000368,(1.0_ 0.0_ 0.2)
126.5711,41.94846,0.007995,68.44076,-0.000029,81.35767,0.000368,(1.0_ 0.0_ 0.2)
126.5818,42.02296,0.007995,68.44991,-0.000021,81.38627,0.000287,(1.0_ 0.0_ 0.1)
126.5936,42.10435,0.007995,68.4599,-0.000022,81.41455,0.000287,(1.0_ 0.0_ 0.1)
126.604,42.17682,0.007996,68.46877,-0.000017,81.44256,0.000227,(1.0_ 0.0_ 0.1)
126.6155,42.25718,0.007996,68.4786,-0.000018,81.47024,0.000227,(1.0_ 0.0_ 0.1)
126.6264,42.33276,0.007998,68.48782,-0.000012,81.49763,0.000153,(1.0_ 0.0_ 0.1)
126.6374,42.40899,0.007998,68.49712,-0.000012,81.52474,0.000153,(1.0_ 0.0_ 0.1)
126.6482,42.48423,0.007999,68.50627,-0.000007,81.55157,0.000088,(1.0_ 0.0_ 0.1)
126.6624,42.58294,0.007999,68.51827,0,81.57804,0.000017,(1.0_ 0.0_ 0.1)
126.6708,42.64112,0.007999,68.52533,0,81.60428,0.000017,(1.0_ 0.0_ 0.1)
126.6814,42.71478,0.007999,68.53425,0,81.63027,0.000015,(1.0_ 0.0_ 0.1)
126.6934,42.79804,0.007999,68.54432,0,81.65598,0.000015,(1.0_ 0.0_ 0.1)
126.7037,42.86989,0.007999,68.55299,0,81.68145,0.000011,(1.0_ 0.0_ 0.1)
126.7152,42.94989,0.007999,68.56264,0,81.70665,0.000011,(1.0_ 0.0_ 0.1)
126.7261,43.02519,0.007999,68.5717,0,81.73162,0.000006,(1.0_ 0.0_ 0.1)
126.7373,43.10312,0.007999,68.58106,0,81.75635,0.000006,(1.0_ 0.0_ 0.1)
126.7485,43.18133,0.008,68.59045,0,81.78087,0.000001,(1.0_ 0.0_ 0.1)
126.7602,43.26259,0.008,68.60017,0,81.80515,0.000001,(1.0_ 0.0_ 0.1)
126.7708,43.33636,0.008,68.60899,0,81.82927,0.000001,(1.0_ 0.0_ 0.1)
126.7816,43.41146,0.008,68.61794,0,81.8532,0,(1.0_ 0.0_ 0.1)
126.7937,43.49521,0.008,68.62791,0,81.87694,0,(1.0_ 0.0_ 0.1)
126.8039,43.5663,0.008,68.63634,0,81.90054,-0.000001,(1.0_ 0.0_ 0.1)
126.8153,43.64563,0.008,68.64574,0,81.924,-0.000001,(1.0_ 0.0_ 0.1)
126.8266,43.7237,0.008,68.65498,0,81.94736,-0.000003,(1.0_ 0.0_ 0.1)
126.8374,43.79939,0.008,68.66389,0,81.97063,-0.000003,(1.0_ 0.0_ 0.1)
126.8482,43.8742,0.008,68.67268,0.000001,81.9938,-0.000004,(1.0_ 0.0_ 0.1)
126.86,43.95587,0.008,68.68225,0.000001,82.01694,-0.000004,(1.0_ 0.0_ 0.1)
126.8732,44.04777,0.007976,68.69298,0.000016,82.04005,0.001921,(1.0_ 0.0_ 0.1)
126.882,44.10913,0.007976,68.70012,0.000019,82.06317,0.001541,(1.0_ 0.0_ 0.1)
126.8932,44.18719,0.007976,68.70917,0.000018,82.08631,0.001541,(1.0_ 0.0_ 0.1)
126.9037,44.26005,0.007981,68.71758,0.000014,82.1095,0.001245,(1.0_ 0.0_ 0.1)
126.9154,44.34129,0.007981,68.72691,0.000014,82.13273,0.001245,(1.0_ 0.0_ 0.1)
126.926,44.41495,0.007987,68.73535,0.000009,82.15603,0.000875,(1.0_ 0.0_ 0.1)
126.9375,44.49491,0.007987,68.74447,0.000009,82.17941,0.000875,(1.0_ 0.0_ 0.1)
126.9481,44.56901,0.007992,68.75288,0.000005,82.20291,0.00052,(1.0_ 0.0_ 0.1)
126.9603,44.65388,0.007992,68.76247,0.000004,82.22652,0.000512,(1.0_ 0.0_ 0.1)
126.9708,44.72643,0.007992,68.77062,0.000004,82.25025,0.000512,(1.0_ 0.0_ 0.1)
126.9814,44.80028,0.007993,68.77888,0.000004,82.2741,0.000477,(1.0_ 0.0_ 0.1)
126.9931,44.88218,0.007993,68.788,0.000003,82.29808,0.000477,(1.0_ 0.0_ 0.1)
127.0038,44.95628,0.007994,68.79621,0.000003,82.3222,0.000387,(1.0_ 0.0_ 0.1)
127.0152,45.03585,0.007994,68.80498,0.000002,82.34647,0.000387,(1.0_ 0.0_ 0.1)
127.0262,45.11231,0.007996,68.81335,0.000001,82.37089,0.000267,(1.0_ 0.0_ 0.1)
127.0373,45.18944,0.007996,68.82176,0.000001,82.39547,0.000267,(1.0_ 0.0_ 0.1)
127.0483,45.26612,0.007998,68.83008,0.000001,82.4202,0.000154,(1.0_ 0.0_ 0.1)
127.0598,45.34587,0.007998,68.83868,0.000001,82.4451,0.000154,(1.0_ 0.0_ 0.1)
127.0702,45.4185,0.007999,68.84647,0,82.47015,0.000073,(1.0_ 0.0_ 0.1)
127.0842,45.51612,0.007999,68.85687,0,82.49542,0.000056,(1.0_ 0.0_ 0.1)
127.0932,45.57858,0.007999,68.86349,0,82.52083,0.000056,(1.0_ 0.0_ 0.1)
127.104,45.65347,0.007999,68.87138,-0.000001,82.5464,0.000043,(1.0_ 0.0_ 0.1)
127.1154,45.73298,0.007999,68.87971,-0.000001,82.57215,0.000043,(1.0_ 0.0_ 0.1)
127.1265,45.81009,0.008,68.88773,-0.000001,82.59808,0.000027,(1.0_ 0.0_ 0.1)
127.1375,45.88676,0.008,68.89567,-0.000001,82.62418,0.000027,(1.0_ 0.0_ 0.1)
127.1481,45.96078,0.008,68.90327,0,82.65047,0.000014,(1.0_ 0.0_ 0.1)
127.16,46.04328,0.008,68.91171,0,82.67694,0.000014,(1.0_ 0.0_ 0.1)
127.1708,46.11869,0.00798,68.91935,0.000011,82.70361,-0.001572,(1.0_ 0.0_ 0.1)
127.1819,46.19619,0.007982,68.92716,0.000029,82.73048,-0.001444,(1.0_ 0.0_ 0.1)
127.1934,46.27646,0.007982,68.9352,0.00003,82.75757,-0.001444,(1.0_ 0.0_ 0.1)
127.2041,46.35061,0.007978,68.94257,0.000031,82.78484,-0.000517,(1.0_ 0.0_ 0.1)
127.2154,46.42952,0.007978,68.95036,0.000031,82.81236,-0.000517,(1.0_ 0.0_ 0.1)
127.2267,46.50797,0.007985,68.95805,0.000021,82.84008,-0.000299,(1.0_ 0.0_ 0.1)
127.2375,46.58356,0.007985,68.96541,0.000021,82.86805,-0.000299,(1.0_ 0.0_ 0.1)
127.2485,46.65995,0.007992,68.97279,0.000012,82.89625,-0.000173,(1.0_ 0.0_ 0.1)
127.2602,46.74129,0.007992,68.98058,0.000012,82.92471,-0.000172,(1.0_ 0.0_ 0.1)
127.2709,46.81594,0.007992,68.98768,0.000012,82.95342,-0.000172,(1.0_ 0.0_ 0.1)
127.2844,46.91022,0.007993,68.99657,0.00001,82.98244,-0.000137,(1.0_ 0.0_ 0.1)
127.2935,46.97345,0.007993,69.00248,0.00001,83.01168,-0.000137,(1.0_ 0.0_ 0.1)
127.3039,47.04586,0.007995,69.00919,0.000008,83.04118,-0.000112,(1.0_ 0.0_ 0.1)
127.3154,47.12637,0.007995,69.01659,0.000008,83.07097,-0.000112,(1.0_ 0.0_ 0.1)
127.3266,47.20456,0.007996,69.02372,0.000006,83.10104,-0.000077,(1.0_ 0.0_ 0.1)
127.3374,47.27982,0.007996,69.03051,0.000006,83.13144,-0.000077,(1.0_ 0.0_ 0.1)
127.3483,47.35548,0.007998,69.03728,0.000004,83.16214,-0.000049,(1.0_ 0.0_ 0.1)
127.3601,47.43771,0.007998,69.04456,0.000004,83.19318,-0.000049,(1.0_ 0.0_ 0.1)
127.3708,47.51226,0.007998,69.05109,0.000004,83.22455,-0.000049,(1.0_ 0.0_ 0.1)
127.3815,47.58751,0.007998,69.05762,0.000003,83.25623,-0.000045,(1.0_ 0.0_ 0.1)
127.3933,47.66942,0.007998,69.06466,0.000003,83.28829,-0.000045,(1.0_ 0.0_ 0.1)
127.4041,47.74483,0.007998,69.07107,0.000003,83.32069,-0.000037,(1.0_ 0.0_ 0.1)
127.4152,47.82243,0.007998,69.07758,0.000003,83.35345,-0.000037,(1.0_ 0.0_ 0.1)
127.4264,47.90055,0.007999,69.08408,0.000002,83.38657,-0.000027,(1.0_ 0.0_ 0.1)
127.4376,47.97828,0.007999,69.09046,0.000002,83.42009,-0.000027,(1.0_ 0.0_ 0.1)
127.4486,48.05504,0.007999,69.09669,0.000001,83.45397,-0.000018,(1.0_ 0.0_ 0.1)
127.4602,48.13608,0.007999,69.10318,0.000001,83.48824,-0.000018,(1.0_ 0.0_ 0.1)
127.4709,48.21061,0.007999,69.10909,0.000001,83.52287,-0.000018,(1.0_ 0.0_ 0.1)
127.4817,48.28595,0.007999,69.11497,0.000001,83.55787,-0.000017,(1.0_ 0.0_ 0.1)
127.4959,48.38551,0.007999,69.12265,0.000001,83.59336,-0.000017,(1.0_ 0.0_ 0.1)
127.5041,48.44234,0.008,69.12698,0.000001,83.62912,-0.000015,(1.0_ 0.0_ 0.1)
127.5157,48.52361,0.008,69.13309,0.000001,83.66527,-0.000015,(1.0_ 0.0_ 0.1)
127.5268,48.60142,0.008,69.13885,0,83.70179,-0.000012,(1.0_ 0.0_ 0.1)
127.5376,48.67649,0.008,69.14435,0,83.73868,-0.000012,(1.0_ 0.0_ 0.1)
127.5483,48.75095,0.008,69.14972,0,83.77592,-0.00001,(1.0_ 0.0_ 0.1)
127.5601,48.83387,0.008,69.15562,0,83.81355,-0.00001,(1.0_ 0.0_ 0.1)
127.5708,48.90859,0.008,69.16086,0,83.85153,-0.00001,(1.0_ 0.0_ 0.1)
127.5818,48.98488,0.008,69.16613,0,83.88987,-0.00001,(1.0_ 0.0_ 0.1)
127.594,49.07042,0.008,69.17195,0,83.92859,-0.00001,(1.0_ 0.0_ 0.1)
127.604,49.14034,0.007993,69.17664,0.000005,83.96762,0.00058,(1.0_ 0.0_ 0.1)
127.6155,49.22063,0.007993,69.18193,0.000005,84.00701,0.00058,(1.0_ 0.0_ 0.1)
127.6262,49.29511,0.007996,69.18677,0.000039,84.04671,0.000453,(1.0_ 0.0_ 0.1)
127.6376,49.37504,0.007996,69.19188,0.000039,84.08678,0.000453,(1.0_ 0.0_ 0.1)
127.6485,49.45081,0.007982,69.19665,0.000032,84.12717,-0.001011,(1.0_ 0.0_ 0.1)
127.6601,49.53178,0.007981,69.20165,0.000033,84.16789,-0.001009,(1.0_ 0.0_ 0.1)
127.6709,49.60739,0.007981,69.20625,0.000034,84.20895,-0.001009,(1.0_ 0.0_ 0.1)
127.6818,49.684,0.007983,69.21083,0.000031,84.25031,-0.000918,(1.0_ 0.0_ 0.1)
127.6959,49.7822,0.007983,69.21659,0.000032,84.29205,-0.000918,(1.0_ 0.0_ 0.1)
127.7045,49.8423,0.007987,69.22006,0.000025,84.33403,-0.000717,(1.0_ 0.0_ 0.1)
127.7156,49.91962,0.007987,69.22444,0.000026,84.3763,-0.000716,(1.0_ 0.0_ 0.1)
127.7267,49.99723,0.007991,69.22876,0.000017,84.41888,-0.000483,(1.0_ 0.0_ 0.1)
127.7375,50.07301,0.007991,69.23289,0.000018,84.46174,-0.000483,(1.0_ 0.0_ 0.1)
127.7485,50.14993,0.007995,69.23701,0.00001,84.50486,-0.000281,(1.0_ 0.0_ 0.1)
127.7603,50.23252,0.007995,69.24136,0.00001,84.54826,-0.000276,(1.0_ 0.0_ 0.1)
127.7711,50.30796,0.007995,69.24525,0.000011,84.59189,-0.000276,(1.0_ 0.0_ 0.1)
127.7817,50.38159,0.007995,69.24897,0.00001,84.63573,-0.000254,(1.0_ 0.0_ 0.1)
127.7933,50.46272,0.007995,69.25299,0.00001,84.67982,-0.000254,(1.0_ 0.0_ 0.1)
127.8041,50.53853,0.007996,69.25668,0.000008,84.72411,-0.000205,(1.0_ 0.0_ 0.1)
127.8153,50.61698,0.007996,69.26041,0.000008,84.76861,-0.000205,(1.0_ 0.0_ 0.1)
127.8268,50.69699,0.007997,69.26414,0.000006,84.81328,-0.000139,(1.0_ 0.0_ 0.1)
127.8374,50.77135,0.007997,69.26754,0.000006,84.85812,-0.000139,(1.0_ 0.0_ 0.1)
127.8484,50.84855,0.007998,69.271,0.000003,84.90312,-0.000084,(1.0_ 0.0_ 0.1)
127.8605,50.93274,0.007998,69.27469,0.000003,84.94826,-0.000082,(1.0_ 0.0_ 0.1)
127.8708,51.00501,0.007998,69.27779,0.000003,84.99351,-0.000082,(1.0_ 0.0_ 0.1)
127.8819,51.08279,0.007999,69.28107,0.000003,85.03886,-0.000075,(1.0_ 0.0_ 0.1)
127.8955,51.17784,0.007999,69.28498,0.000003,85.08432,-0.000075,(1.0_ 0.0_ 0.1)
127.9042,51.23886,0.007999,69.28744,0.000003,85.12984,-0.00006,(1.0_ 0.0_ 0.1)
127.9204,51.35212,0.007999,69.2919,0.000003,85.17545,-0.000059,(1.0_ 0.0_ 0.1)
127.9266,51.39531,0.007999,69.29356,0.000003,85.22111,-0.000059,(1.0_ 0.0_ 0.1)
127.9381,51.47599,0.007999,69.29661,0.000003,85.26681,-0.000059,(1.0_ 0.0_ 0.1)
127.9491,51.55268,0.007999,69.29944,0.000001,85.31255,-0.000037,(1.0_ 0.0_ 0.1)
127.9613,51.63779,0.007999,69.3025,0.000001,85.35834,-0.000035,(1.0_ 0.0_ 0.1)
127.9715,51.70898,0.007999,69.30501,0.000001,85.40414,-0.000035,(1.0_ 0.0_ 0.1)
127.9822,51.78403,0.007999,69.30759,-0.000005,85.44997,-0.00003,(1.0_ 0.0_ 0.1)
127.9938,51.86542,0.007999,69.31032,-0.000005,85.4958,-0.00003,(1.0_ 0.0_ 0.1)
128.0042,51.93778,0.008,69.31269,-0.000004,85.54162,-0.000025,(1.0_ 0.0_ 0.1)
128.016,52.02074,0.008,69.31535,-0.000004,85.58743,-0.000025,(1.0_ 0.0_ 0.1)
128.0266,52.09505,0.008,69.31767,-0.000002,85.63325,-0.000019,(1.0_ 0.0_ 0.1)
128.0378,52.1731,0.008,69.32005,-0.000002,85.67903,-0.000019,(1.0_ 0.0_ 0.1)
128.0485,52.24805,0.008,69.32226,-0.000002,85.72478,-0.000014,(1.0_ 0.0_ 0.1)
128.0605,52.33183,0.007999,69.32468,-0.000001,85.7705,0.000056,(1.0_ 0.0_ 0.1)
128.0711,52.40616,0.007999,69.32677,-0.000001,85.81616,0.000056,(1.0_ 0.0_ 0.1)
128.0817,52.48024,0.007999,69.3288,-0.000001,85.86177,0.000062,(1.0_ 0.0_ 0.1)
128.0932,52.56069,0.007999,69.33096,-0.000001,85.9073,0.000062,(1.0_ 0.0_ 0.1)
128.1063,52.65218,0.007999,69.33334,0.000017,85.95275,-0.00012,(1.0_ 0.0_ 0.1)
128.1154,52.7162,0.007999,69.33495,0.000017,85.99811,-0.00012,(1.0_ 0.0_ 0.1)
128.1264,52.79321,0.007988,69.33685,0.00002,86.04336,0.000848,(1.0_ 0.0_ 0.1)
128.1377,52.87225,0.007988,69.33874,0.000019,86.08849,0.000848,(1.0_ 0.0_ 0.1)
128.1484,52.94688,0.007993,69.34048,0.00001,86.13348,0.000565,(1.0_ 0.0_ 0.1)
128.1598,53.02674,0.007993,69.34229,0.000009,86.17834,0.000565,(1.0_ 0.0_ 0.1)
128.1707,53.10278,0.007976,69.34396,0.000018,86.22306,-0.001406,(1.0_ 0.0_ 0.1)
128.1817,53.18005,0.007978,69.34561,0.000018,86.26762,-0.001307,(1.0_ 0.0_ 0.1)
128.1933,53.26148,0.007978,69.34731,0.000019,86.31199,-0.001307,(1.0_ 0.0_ 0.1)
128.2038,53.33508,0.007982,69.34879,0.000016,86.35619,-0.001063,(1.0_ 0.0_ 0.1)
128.2157,53.41822,0.007982,69.35043,0.000017,86.40017,-0.001063,(1.0_ 0.0_ 0.1)
128.2263,53.49257,0.007988,69.35184,0.000012,86.44395,-0.000732,(1.0_ 0.0_ 0.1)
128.2372,53.56885,0.007987,69.35326,0.000013,86.48749,-0.000732,(1.0_ 0.0_ 0.1)
128.2483,53.64608,0.007993,69.35464,0.000008,86.53079,-0.000434,(1.0_ 0.0_ 0.1)
128.2601,53.72912,0.007993,69.3561,0.000008,86.57382,-0.000431,(1.0_ 0.0_ 0.1)
128.271,53.80529,0.007993,69.3574,0.000008,86.61658,-0.000431,(1.0_ 0.0_ 0.1)
128.2821,53.88268,0.007993,69.35869,0.000008,86.65903,-0.000387,(1.0_ 0.0_ 0.1)
128.2928,53.95761,0.007993,69.3599,0.000008,86.70116,-0.000387,(1.0_ 0.0_ 0.1)
128.3038,54.03458,0.007995,69.36111,0.000007,86.74297,-0.000316,(1.0_ 0.0_ 0.1)
128.3175,54.13064,0.007995,69.3626,0.000007,86.78434,-0.000316,(1.0_ 0.0_ 0.1)
128.3262,54.19172,0.007996,69.36352,0.000005,86.82545,-0.000221,(1.0_ 0.0_ 0.1)
128.3372,54.26844,0.007996,69.36465,0.000005,86.86617,-0.000221,(1.0_ 0.0_ 0.1)
128.3484,54.34655,0.007998,69.36576,0.000003,86.90652,-0.000132,(1.0_ 0.0_ 0.1)
128.3599,54.42748,0.007998,69.3669,0.000003,86.94646,-0.000132,(1.0_ 0.0_ 0.1)
128.3708,54.50365,0.007999,69.36794,0.000002,86.986,-0.000064,(1.0_ 0.0_ 0.1)
128.3817,54.58023,0.007999,69.36897,0.000002,87.02513,-0.000059,(1.0_ 0.0_ 0.1)
128.393,54.65912,0.007999,69.37002,0.000002,87.06383,-0.000059,(1.0_ 0.0_ 0.1)
128.4037,54.73384,0.007999,69.37099,0.000001,87.10212,-0.00005,(1.0_ 0.0_ 0.1)
128.4153,54.81548,0.007999,69.37202,0.000001,87.13995,-0.00005,(1.0_ 0.0_ 0.0)
128.4262,54.89117,0.007999,69.37297,0.000001,87.17735,-0.000037,(1.0_ 0.0_ 0.0)
128.4375,54.97058,0.007999,69.37395,0.000001,87.21432,-0.000037,(1.0_ 0.0_ 0.0)
128.4481,55.04478,0.008,69.37484,0.000001,87.25089,-0.000024,(1.0_ 0.0_ 0.0)
128.4601,55.12855,0.008,69.37582,0.000001,87.287,-0.000022,(1.0_ 0.0_ 0.0)
128.4706,55.20231,0.008,69.37668,0.000001,87.32274,-0.000022,(1.0_ 0.0_ 0.0)
128.4815,55.27863,0.007997,69.37755,0.000002,87.35806,0.000212,(1.0_ 0.0_ 0.0)
128.4933,55.36126,0.007997,69.37847,0.000002,87.39295,0.000212,(1.0_ 0.0_ 0.0)
128.5039,55.43514,0.007997,69.37928,0.000001,87.42747,0.000199,(1.0_ 0.0_ 0.0)
128.518,55.53394,0.007997,69.38036,0.000001,87.46148,0.000199,(1.0_ 0.0_ 0.0)
128.5266,55.59435,0.007998,69.381,-0.000019,87.4952,0.000132,(1.0_ 0.0_ 0.0)
128.5374,55.6695,0.007998,69.38177,-0.000019,87.52854,0.000132,(1.0_ 0.0_ 0.0)
128.5485,55.74739,0.007998,69.38257,0.000013,87.56151,-0.000137,(1.0_ 0.0_ 0.0)
128.56,55.82812,0.007998,69.38338,0.000013,87.59409,-0.000137,(1.0_ 0.0_ 0.0)
128.5713,55.907,0.007998,69.38415,0.000013,87.62627,-0.000137,(1.0_ 0.0_ 0.0)
128.5816,55.97952,0.007998,69.38484,0.000007,87.65811,-0.000125,(1.0_ 0.0_ 0.0)
128.5935,56.06246,0.007998,69.38563,0.000007,87.68955,-0.000125,(1.0_ 0.0_ 0.0)
128.604,56.13591,0.007999,69.38631,-0.000005,87.72064,-0.000099,(1.0_ 0.0_ 0.0)
128.6152,56.21446,0.007999,69.38702,-0.000005,87.75134,-0.000099,(1.0_ 0.0_ 0.0)
128.6263,56.29232,0.007999,69.38772,-0.000004,87.78166,-0.00007,(1.0_ 0.0_ 0.0)
128.6376,56.37117,0.007999,69.38841,-0.000004,87.81158,-0.00007,(1.0_ 0.0_ 0.0)
128.6486,56.44813,0.007999,69.38908,-0.000002,87.84109,-0.000043,(1.0_ 0.0_ 0.0)
128.6602,56.52952,0.007999,69.38979,-0.000002,87.87018,-0.000009,(1.0_ 0.0_ 0.0)
128.6708,56.60328,0.007999,69.39042,-0.000002,87.89885,-0.000009,(1.0_ 0.0_ 0.0)
128.682,56.68169,0.007999,69.39108,-0.000002,87.92705,0.000005,(1.0_ 0.0_ 0.0)
128.6934,56.76147,0.007999,69.39176,-0.000002,87.95475,0.000005,(1.0_ 0.0_ 0.0)
128.7037,56.83383,0.007999,69.39237,-0.000001,87.98198,0.000004,(1.0_ 0.0_ 0.0)
128.7154,56.91563,0.007999,69.39307,-0.000001,88.00863,0.000004,(1.0_ 0.0_ 0.0)
128.729,57.01066,0.008,69.39391,-0.000001,88.03455,0,(1.0_ 0.0_ 0.0)
128.7375,57.0701,0.008,69.39444,-0.000001,88.06001,0,(1.0_ 0.0_ 0.0)
128.7484,57.14679,0.008,69.39513,-0.000001,88.08481,-0.000002,(1.0_ 0.0_ 0.0)
128.76,57.22776,0.008,69.39589,-0.000001,88.1089,-0.000002,(1.0_ 0.0_ 0.0)
128.7708,57.30367,0.008,69.39662,0.000001,88.13227,-0.000005,(1.0_ 0.0_ 0.0)
128.7818,57.38077,0.008,69.39739,0.000001,88.15488,-0.000005,(1.0_ 0.0_ 0.0)
128.7934,57.46146,0.008,69.39823,0.000001,88.1767,-0.000005,(1.0_ 0.0_ 0.0)
128.804,57.53626,0.008,69.39904,0.000001,88.19773,-0.000005,(1.0_ 0.0_ 0.0)
128.8152,57.6144,0.008,69.39992,0.000001,88.21792,-0.000005,(1.0_ 0.0_ 0.0)
128.8265,57.69315,0.007988,69.40085,0.000009,88.23722,0.000941,(1.0_ 0.0_ 0.0)
128.8378,57.77221,0.007988,69.40182,0.000008,88.25562,0.000941,(1.0_ 0.0_ 0.0)
128.8487,57.84858,0.007982,69.40281,0.000021,88.27315,-0.000383,(1.0_ 0.0_ 0.0)
128.8603,57.93002,0.007983,69.40392,0.000021,88.28971,-0.00038,(1.0_ 0.0_ 0.0)
128.8712,58.00639,0.007983,69.405,0.000021,88.30538,-0.00038,(1.0_ 0.0_ 0.0)
128.8815,58.07844,0.007984,69.40605,0.000019,88.3202,-0.000352,(1.0_ 0.0_ 0.0)
128.8935,58.16205,0.007984,69.40735,0.00002,88.33405,-0.000352,(1.0_ 0.0_ 0.0)
128.9036,58.23289,0.007987,69.40849,0.000016,88.34707,-0.000291,(1.0_ 0.0_ 0.0)
128.9155,58.3166,0.007987,69.40989,0.000017,88.35914,-0.000291,(1.0_ 0.0_ 0.0)
128.929,58.41095,0.007993,69.41155,0.000009,88.37014,-0.000164,(1.0_ 0.0_ 0.0)
128.9377,58.47142,0.007993,69.41265,0.000009,88.38049,-0.000164,(1.0_ 0.0_ 0.0)
128.9483,58.54627,0.007996,69.41405,0.000005,88.39001,-0.000098,(1.0_ 0.0_ 0.0)
128.9602,58.62904,0.007996,69.41566,0.000005,88.39866,-0.000097,(1.0_ 0.0_ 0.0)
128.9708,58.70307,0.007996,69.41714,0.000005,88.40655,-0.000097,(1.0_ 0.0_ 0.0)
128.9818,58.78053,0.007996,69.41875,0.000005,88.41364,-0.000088,(1.0_ 0.0_ 0.0)
128.9936,58.86271,0.007996,69.42051,0.000005,88.41992,-0.000088,(1.0_ 0.0_ 0.0)
129.0037,58.93388,0.007997,69.42207,0.000004,88.4255,-0.000074,(1.0_ 0.0_ 0.0)
129.0154,59.01511,0.007997,69.42391,0.000004,88.43032,-0.000074,(1.0_ 0.0_ 0.0)
129.0268,59.09536,0.007998,69.42578,0.000003,88.43443,-0.000051,(1.0_ 0.0_ 0.0)
129.0376,59.17067,0.007998,69.42758,0.000003,88.43786,-0.000051,(1.0_ 0.0_ 0.0)
129.0481,59.24461,0.007999,69.42939,0.000001,88.44065,-0.000033,(1.0_ 0.0_ 0.0)
129.0599,59.32659,0.007999,69.43145,0.000001,88.44276,-0.000033,(1.0_ 0.0_ 0.0)
129.071,59.40437,0.007999,69.43345,0.000002,88.44422,-0.000019,(1.0_ 0.0_ 0.0)
129.0818,59.48015,0.008,69.43544,0.000002,88.44508,-0.000018,(1.0_ 0.0_ 0.0)
129.093,59.55888,0.008,69.43756,0.000002,88.44531,-0.000018,(1.0_ 0.0_ 0.0)
129.104,59.63556,0.008,69.43967,0.000002,88.44495,-0.000015,(1.0_ 0.0_ 0.0)
129.1156,59.71639,0.008,69.44194,0.000002,88.44398,-0.000015,(1.0_ 0.0_ 0.0)
129.129,59.81072,0.008,69.44466,0.000001,88.44231,-0.00001,(1.0_ 0.0_ 0.0)
129.1375,59.86955,0.008,69.44638,0.000001,88.44025,-0.00001,(1.0_ 0.0_ 0.0)
129.1487,59.94815,0.008,69.44873,0.000001,88.43761,-0.000008,(1.0_ 0.0_ 0.0)
129.1597,60.02521,0.008,69.45107,0.000001,88.43448,-0.000008,(1.0_ 0.0_ 0.0)
129.1703,60.09969,0.008,69.45338,0.000001,88.43084,-0.000009,(1.0_ 0.0_ 0.0)
129.182,60.18099,0.007996,69.45594,0.000003,88.42667,0.000279,(1.0_ 0.0_ 0.0)
129.1931,60.25924,0.007996,69.45846,0.000003,88.42202,0.000279,(1.0_ 0.0_ 0.0)
129.2039,60.3342,0.007998,69.46091,0.000023,88.4169,0.000254,(1.0_ 0.0_ 0.0)
129.2154,60.41497,0.007997,69.46359,0.000023,88.41131,0.000254,(1.0_ 0.0_ 0.0)
129.2266,60.49354,0.007986,69.46626,0.000023,88.40527,-0.000816,(1.0_ 0.0_ 0.0)
129.2376,60.57015,0.007986,69.46889,0.000023,88.3988,-0.000816,(1.0_ 0.0_ 0.0)
129.2483,60.645,0.007992,69.4715,0.000014,88.39191,-0.000557,(1.0_ 0.0_ 0.0)
129.26,60.72689,0.007992,69.4744,0.000014,88.38461,-0.000557,(1.0_ 0.0_ 0.0)
129.2707,60.80151,0.007996,69.47707,0.000007,88.37695,-0.000266,(1.0_ 0.0_ 0.0)
129.2822,60.88218,0.007997,69.48001,0.000006,88.36892,-0.000238,(1.0_ 0.0_ 0.0)
129.2936,60.96197,0.007997,69.48295,0.000006,88.36056,-0.000238,(1.0_ 0.0_ 0.0)
129.3044,61.03765,0.007997,69.48577,0.000005,88.35189,-0.000187,(1.0_ 0.0_ 0.0)
129.3155,61.1151,0.007997,69.48869,0.000005,88.34294,-0.000187,(1.0_ 0.0_ 0.0)
129.3266,61.19293,0.007998,69.49166,0.000003,88.33372,-0.000129,(1.0_ 0.0_ 0.0)
129.3402,61.28774,0.007998,69.49532,0.000003,88.32423,-0.000128,(1.0_ 0.0_ 0.0)
129.3486,61.3468,0.007998,69.49762,0.000003,88.31458,-0.000128,(1.0_ 0.0_ 0.0)
129.3599,61.42594,0.007998,69.50072,0.000003,88.30475,-0.000128,(1.0_ 0.0_ 0.0)
129.3705,61.50006,0.007999,69.50365,0.000001,88.29479,-0.000065,(1.0_ 0.0_ 0.0)
129.3822,61.58136,0.007995,69.50689,0.000004,88.28473,0.00026,(1.0_ 0.0_ 0.0)
129.3936,61.66175,0.007995,69.51011,0.000004,88.27461,0.00026,(1.0_ 0.0_ 0.0)
129.404,61.73429,0.007996,69.51303,0.000003,88.26448,0.000237,(1.0_ 0.0_ 0.0)
129.4153,61.8134,0.007996,69.51624,0.000003,88.25433,0.000237,(1.0_ 0.0_ 0.0)
129.4265,61.89168,0.007998,69.51941,0.000002,88.24423,0.00016,(1.0_ 0.0_ 0.0)
129.4422,62.00164,0.007998,69.52388,0.000002,88.23425,0.000142,(1.0_ 0.0_ 0.0)
129.4481,62.04277,0.007998,69.52556,0.000002,88.22432,0.000142,(1.0_ 0.0_ 0.0)
129.461,62.13292,0.007998,69.52924,0.000002,88.21456,0.000135,(1.0_ 0.0_ 0.0)
129.4719,62.20903,0.007998,69.53234,0.000002,88.20496,0.000135,(1.0_ 0.0_ 0.0)
129.4825,62.28327,0.007998,69.53537,0.000002,88.19553,0.000117,(1.0_ 0.0_ 0.0)
129.4943,62.36589,0.007998,69.53873,0.000002,88.18633,0.000117,(1.0_ 0.0_ 0.0)
129.5047,62.43841,0.007999,69.54168,0.000002,88.17733,0.000089,(1.0_ 0.0_ 0.0)
129.5157,62.51572,0.007999,69.54482,0.000002,88.16857,0.000089,(1.0_ 0.0_ 0.0)
129.527,62.59474,0.007999,69.54801,0.000001,88.16006,0.000056,(1.0_ 0.0_ 0.0)
129.5406,62.68996,0.007999,69.55185,0.000001,88.15189,0.000054,(1.0_ 0.0_ 0.0)
129.5488,62.7468,0.007999,69.55414,0.000001,88.14389,0.000054,(1.0_ 0.0_ 0.0)
129.5597,62.82305,0.007999,69.5572,0.000001,88.13618,0.000054,(1.0_ 0.0_ 0.0)
129.5713,62.90427,0.008,69.56044,0.000001,88.12876,0.000022,(1.0_ 0.0_ 0.0)
129.5821,62.97972,0.007999,69.56345,-0.000007,88.12162,0.000018,(1.0_ 0.0_ 0.0)
129.5936,63.06042,0.007999,69.56664,-0.000007,88.11478,0.000018,(1.0_ 0.0_ 0.0)
129.6043,63.13494,0.008,69.56959,-0.000005,88.10823,0.000013,(1.0_ 0.0_ 0.0)
129.6157,63.21469,0.008,69.57272,-0.000005,88.10199,0.000013,(1.0_ 0.0_ 0.0)
129.6266,63.29131,0.008,69.57572,-0.000004,88.09604,0.000008,(1.0_ 0.0_ 0.0)
129.6374,63.36676,0.008,69.57866,-0.000004,88.09038,0.000008,(1.0_ 0.0_ 0.0)
129.6486,63.44517,0.008,69.5817,-0.000002,88.08501,0.000001,(1.0_ 0.0_ 0.0)
129.6598,63.52354,0.008,69.58471,-0.000002,88.07996,0.000001,(1.0_ 0.0_ 0.0)
129.6705,63.59856,0.008,69.58759,-0.000001,88.07519,-0.000002,(1.0_ 0.0_ 0.0)
129.6821,63.67921,0.007996,69.59065,0.000197,88.07075,-0.000002,(1.0_ 0.0_ 0.0)
129.6936,63.75999,0.007995,69.5937,0.000197,88.06663,-0.000002,(1.0_ 0.0_ 0.0)
129.704,63.83226,0.007996,69.59642,0.000159,88.06281,-0.000004,(1.0_ 0.0_ 0.0)
129.7153,63.9118,0.007996,69.59939,0.000159,88.05931,-0.000004,(1.0_ 0.0_ 0.0)
129.7264,63.98917,0.007997,69.60226,0.000107,88.05618,-0.000005,(1.0_ 0.0_ 0.0)
129.7373,64.06528,0.007997,69.60506,0.000107,88.05338,-0.000005,(1.0_ 0.0_ 0.0)
129.7508,64.1599,0.007999,69.6085,0.00005,88.051,-0.000007,(1.0_ 0.0_ 0.0)
129.7598,64.22306,0.007998,69.61078,0.00005,88.04893,-0.000007,(1.0_ 0.0_ 0.0)
129.7707,64.29883,0.007999,69.61349,0.000024,88.04723,-0.000008,(1.0_ 0.0_ 0.0)
129.7818,64.37679,0.007999,69.61625,0.000022,88.04589,-0.000008,(1.0_ 0.0_ 0.0)
129.7934,64.45827,0.007999,69.6191,0.000022,88.04497,-0.000008,(1.0_ 0.0_ 0.0)
129.8039,64.5312,0.007999,69.62163,0.000017,88.04443,-0.000007,(1.0_ 0.0_ 0.0)
129.8153,64.61106,0.007999,69.62437,0.000017,88.04431,-0.000007,(1.0_ 0.0_ 0.0)
129.8266,64.69055,0.008,69.62704,0.000012,88.04464,-0.000008,(1.0_ 0.0_ 0.0)
129.8375,64.76676,0.008,69.62959,0.000012,88.04542,-0.000008,(1.0_ 0.0_ 0.0)
129.8483,64.84175,0.008,69.63206,0.000007,88.04663,-0.000007,(1.0_ 0.0_ 0.0)
129.86,64.92415,0.008,69.63473,0.000007,88.04832,-0.000007,(1.0_ 0.0_ 0.0)
129.8708,64.99923,0.008,69.63712,0.000007,88.05048,-0.000007,(1.0_ 0.0_ 0.0)
129.8815,65.07442,0.008,69.63949,0.000006,88.05312,-0.000007,(1.0_ 0.0_ 0.0)
129.8934,65.15742,0.008,69.64204,0.000006,88.05627,-0.000007,(1.0_ 0.0_ 0.0)
129.9039,65.23103,0.008,69.64427,0.000005,88.05989,-0.000007,(1.0_ 0.0_ 0.0)
129.9156,65.3129,0.008,69.64671,0.000005,88.06406,-0.000007,(1.0_ 0.0_ 0.0)
129.9262,65.38731,0.008,69.64887,0.000004,88.06873,-0.000007,(1.0_ 0.0_ 0.0)
129.9378,65.46852,0.008,69.65118,0.000004,88.07395,-0.000007,(1.0_ 0.0_ 0.0)
129.9509,65.55992,0.007999,69.65372,-0.000027,88.07979,-0.000001,(1.0_ 0.0_ 0.0)
129.9599,65.62286,0.007999,69.65544,-0.000027,88.08606,-0.000001,(1.0_ 0.0_ 0.0)
129.9702,65.69496,0.007979,69.65736,0.000952,88.09283,0.000001,(1.0_ 0.0_ 0.0)
129.9818,65.77602,0.00798,69.65947,0.000867,88.10014,0,(1.0_ 0.0_ 0.0)
129.9936,65.85893,0.007979,69.66157,0.000867,88.10802,0,(1.0_ 0.0_ 0.0)
130.0039,65.9305,0.007982,69.66333,0.000699,88.11638,-0.000002,(1.0_ 0.0_ 0.0)
130.015,66.00879,0.007981,69.66521,0.000699,88.12524,-0.000001,(1.0_ 0.0_ 0.0)
130.0259,66.0848,0.007986,69.66698,0.000493,88.13461,-0.000004,(1.0_ 0.0_ 0.0)
130.0374,66.16533,0.007985,69.66881,0.000493,88.14449,-0.000004,(1.0_ 0.0_ 0.0)
130.0482,66.24107,0.007991,69.67048,0.000289,88.15484,-0.000005,(1.0_ 0.0_ 0.0)
130.0603,66.32539,0.007991,69.67228,0.000285,88.16574,-0.000004,(1.0_ 0.0_ 0.0)
130.071,66.40031,0.00799,69.67383,0.000285,88.17708,-0.000004,(1.0_ 0.0_ 0.0)
130.0818,66.4759,0.007991,69.67534,0.00026,88.18888,-0.000004,(1.0_ 0.0_ 0.0)
130.0933,66.5563,0.00799,69.6769,0.00026,88.20116,-0.000004,(1.0_ 0.0_ 0.0)
130.1037,66.62955,0.007992,69.67827,0.000211,88.21383,-0.000004,(1.0_ 0.0_ 0.0)
130.1149,66.70792,0.007992,69.67969,0.000211,88.22693,-0.000004,(1.0_ 0.0_ 0.0)
130.1265,66.78852,0.007994,69.68109,0.000143,88.24047,-0.000005,(1.0_ 0.0_ 0.0)
130.1375,66.86568,0.007994,69.68239,0.000143,88.25442,-0.000005,(1.0_ 0.0_ 0.0)
130.1484,66.94237,0.007996,69.68362,0.000083,88.26875,-0.000004,(1.0_ 0.0_ 0.0)
130.1624,67.04021,0.007997,69.68513,0.000073,88.28357,-0.000005,(1.0_ 0.0_ 0.0)
130.171,67.10011,0.007997,69.68602,0.000073,88.29867,-0.000005,(1.0_ 0.0_ 0.0)
130.1814,67.17338,0.007997,69.68707,0.000068,88.3141,-0.000005,(1.0_ 0.0_ 0.0)
130.1934,67.25699,0.007997,69.6882,0.000068,88.3299,-0.000005,(1.0_ 0.0_ 0.0)
130.204,67.33158,0.007997,69.68917,0.000054,88.34601,-0.000005,(1.0_ 0.0_ 0.0)
130.2154,67.41124,0.007997,69.69016,0.000054,88.36243,-0.000005,(1.0_ 0.0_ 0.0)
130.2265,67.48911,0.007998,69.69109,0.000036,88.37914,-0.000006,(1.0_ 0.0_ 0.0)
130.2379,67.56834,0.007998,69.69198,0.000036,88.39612,-0.000005,(1.0_ 0.0_ 0.0)
130.2484,67.64216,0.007999,69.69277,0.00002,88.41335,-0.000006,(1.0_ 0.0_ 0.0)
130.26,67.72343,0.007999,69.6936,0.00002,88.43079,-0.000006,(1.0_ 0.0_ 0.0)
130.2709,67.79949,0.007999,69.69434,0.00002,88.44843,-0.000006,(1.0_ 0.0_ 0.0)
130.2818,67.87577,0.007999,69.69505,0.000018,88.46624,-0.000006,(1.0_ 0.0_ 0.0)
130.2935,67.95761,0.007999,69.69577,0.000018,88.48424,-0.000006,(1.0_ 0.0_ 0.0)
130.304,68.03143,0.007999,69.69639,0.000015,88.50236,-0.000006,(1.0_ 0.0_ 0.0)
130.3154,68.11118,0.007999,69.69701,0.000015,88.52061,-0.000006,(1.0_ 0.0_ 0.0)
130.3263,68.18749,0.007999,69.69759,0.00001,88.53898,-0.000005,(1.0_ 0.0_ 0.0)
130.338,68.269,0.007999,69.69816,0.00001,88.55744,-0.000005,(1.0_ 0.0_ 0.0)
130.3484,68.34214,0.008,69.69865,0.000006,88.57599,-0.000006,(1.0_ 0.0_ 0.0)
130.3602,68.42463,0.008,69.69916,0.000006,88.59462,-0.000006,(1.0_ 0.0_ 0.0)
130.3733,68.51608,0.008,69.69969,0.000006,88.61331,-0.000006,(1.0_ 0.0_ 0.0)
130.3815,68.57381,0.008,69.7,0.000005,88.63205,-0.000006,(1.0_ 0.0_ 0.0)
130.3934,68.65685,0.008,69.70043,0.000005,88.6508,-0.000006,(1.0_ 0.0_ 0.0)
130.4039,68.73044,0.008,69.70078,0.000004,88.66959,-0.000006,(1.0_ 0.0_ 0.0)
130.4152,68.80934,0.008,69.70113,0.000004,88.68839,-0.000006,(1.0_ 0.0_ 0.0)
130.4261,68.88604,0.008,69.70144,0.000002,88.70721,-0.000006,(1.0_ 0.0_ 0.0)
130.4377,68.96702,0.008,69.70174,0.000002,88.72604,-0.000006,(1.0_ 0.0_ 0.0)
130.4484,69.04174,0.008,69.702,0.000001,88.74485,-0.000008,(1.0_ 0.0_ 0.0)
130.4597,69.12143,0.008,69.70224,0.000001,88.76366,-0.000008,(1.0_ 0.0_ 0.0)
130.4705,69.19692,0.008,69.70245,0.000001,88.78244,-0.000008,(1.0_ 0.0_ 0.0)
130.4822,69.27856,0.007996,69.70266,0.000004,88.80119,0.000314,(1.0_ 0.0_ 0.0)
130.4933,69.35651,0.007996,69.70284,0.000004,88.8199,0.000314,(1.0_ 0.0_ 0.0)
130.5038,69.43017,0.007997,69.70297,0.000023,88.83858,0.000282,(1.0_ 0.0_ 0.0)
130.5155,69.51167,0.007997,69.7031,0.000023,88.85722,0.000282,(1.0_ 0.0_ 0.0)
130.5262,69.58691,0.007986,69.70321,0.000023,88.87582,-0.000735,(1.0_ 0.0_ 0.0)
130.5376,69.66663,0.007986,69.70329,0.000023,88.89436,-0.000735,(1.0_ 0.0_ 0.0)
130.549,69.74612,0.007992,69.70336,0.000014,88.91284,-0.000488,(1.0_ 0.0_ 0.0)
130.5603,69.82497,0.007993,69.70341,0.000014,88.93127,-0.000482,(1.0_ 0.0_ 0.0)
130.5734,69.91685,0.007993,69.70345,0.000014,88.94963,-0.000482,(1.0_ 0.0_ 0.0)
130.5816,69.9741,0.007993,69.70345,0.000013,88.96795,-0.000446,(1.0_ 0.0_ 0.0)
130.5931,70.0551,0.007993,69.70342,0.000013,88.98622,-0.000446,(1.0_ 0.0_ 0.0)
130.6039,70.13063,0.007994,69.70338,0.000011,89.00443,-0.000361,(1.0_ 0.0_ 0.0)
130.6152,70.20963,0.007994,69.70332,0.000011,89.0226,-0.000361,(1.0_ 0.0_ 0.0)
130.6271,70.29301,0.007996,69.70323,0.000008,89.04071,-0.000236,(1.0_ 0.0_ 0.0)
130.6374,70.36488,0.007996,69.70314,0.000008,89.05878,-0.000236,(1.0_ 0.0_ 0.0)
130.6483,70.44116,0.007998,69.70302,0.000005,89.07679,-0.000142,(1.0_ 0.0_ 0.0)
130.6601,70.52412,0.007998,69.70287,0.000005,89.09476,-0.000141,(1.0_ 0.0_ 0.0)
130.6709,70.59976,0.007998,69.70271,0.000005,89.11266,-0.000141,(1.0_ 0.0_ 0.0)
130.6817,70.67545,0.007998,69.70252,0.000004,89.13054,-0.00013,(1.0_ 0.0_ 0.0)
130.6933,70.7561,0.007998,69.70231,0.000005,89.14836,-0.00013,(1.0_ 0.0_ 0.0)
130.7042,70.8327,0.007998,69.70209,0.000003,89.16614,-0.000104,(1.0_ 0.0_ 0.0)
130.7157,70.91314,0.007998,69.70184,0.000003,89.18386,-0.000104,(1.0_ 0.0_ 0.0)
130.7265,70.98844,0.007999,69.70158,0.000002,89.20155,-0.000073,(1.0_ 0.0_ 0.0)
130.7378,71.0675,0.007999,69.70129,0.000002,89.21919,-0.000073,(1.0_ 0.0_ 0.0)
130.7483,71.14108,0.007999,69.701,0.000001,89.23679,-0.000045,(1.0_ 0.0_ 0.0)
130.7607,71.22778,0.007998,69.70064,0.000002,89.25433,0.000053,(1.0_ 0.0_ 0.0)
130.7735,71.31772,0.007998,69.70023,0.000002,89.27182,0.000053,(1.0_ 0.0_ 0.0)
130.7817,71.3748,0.007998,69.69996,0.000002,89.28928,0.00006,(1.0_ 0.0_ 0.0)
130.7934,71.45665,0.007998,69.69955,0.000002,89.3067,0.00006,(1.0_ 0.0_ 0.0)
130.8039,71.5302,0.007999,69.69916,0.000002,89.32407,0.000048,(1.0_ 0.0_ 0.0)
130.8152,71.60988,0.007999,69.69872,0.000002,89.34141,0.000048,(1.0_ 0.0_ 0.0)
130.8264,71.68767,0.007999,69.69827,0.000001,89.3587,0.00003,(1.0_ 0.0_ 0.0)
130.8374,71.765,0.007999,69.6978,0.000001,89.37595,0.00003,(1.0_ 0.0_ 0.0)
130.8487,71.84409,0.008,69.6973,0.000001,89.39317,0.000014,(1.0_ 0.0_ 0.0)
130.8602,71.92459,0.007999,69.69676,0.000001,89.41034,0.000013,(1.0_ 0.0_ 0.0)
130.8712,72.00151,0.007999,69.69624,0.000001,89.42747,0.000013,(1.0_ 0.0_ 0.0)
130.882,72.07742,0.008,69.69569,0.000001,89.44456,0.000011,(1.0_ 0.0_ 0.0)
130.8935,72.15781,0.008,69.6951,0.000001,89.46162,0.000011,(1.0_ 0.0_ 0.0)
130.9039,72.23082,0.008,69.69454,0.000001,89.47864,0.000007,(1.0_ 0.0_ 0.0)
130.9157,72.31303,0.008,69.69389,0.000001,89.4956,0.000007,(1.0_ 0.0_ 0.0)
130.9267,72.39026,0.008,69.69327,0,89.51254,0.000004,(1.0_ 0.0_ 0.0)
130.9378,72.46775,0.008,69.69262,0,89.52943,0.000004,(1.0_ 0.0_ 0.0)
130.9484,72.54221,0.008,69.69197,0,89.5463,-0.000001,(1.0_ 0.0_ 0.0)
130.9599,72.62261,0.008,69.69125,0,89.56313,-0.000001,(1.0_ 0.0_ 0.0)
130.9759,72.73443,0.008,69.69023,0,89.57991,-0.000005,(1.0_ 0.0_ 0.0)
130.9843,72.79305,0.007981,69.68968,0.000052,89.59666,-0.000006,(1.0_ 0.0_ 0.0)
130.9943,72.86316,0.00798,69.689,0.000052,89.61339,-0.000005,(1.0_ 0.0_ 0.0)
131.0049,72.93742,0.007985,69.68826,0.000039,89.63007,-0.000007,(1.0_ 0.0_ 0.0)
131.0167,73.02031,0.007985,69.68742,0.000039,89.64672,-0.000007,(1.0_ 0.0_ 0.0)
131.0274,73.09477,0.007991,69.68665,0.000025,89.66334,-0.000008,(1.0_ 0.0_ 0.0)
131.038,73.16908,0.007991,69.68585,0.000025,89.67992,-0.000008,(1.0_ 0.0_ 0.0)
131.0493,73.24844,0.007995,69.68498,0.000013,89.69648,-0.000008,(1.0_ 0.0_ 0.0)
131.0607,73.32782,0.007995,69.68409,0.000013,89.713,-0.000008,(1.0_ 0.0_ 0.0)
131.0712,73.4017,0.007995,69.68324,0.000013,89.72948,-0.000008,(1.0_ 0.0_ 0.0)
131.0819,73.47639,0.007996,69.68237,0.000011,89.74595,-0.000008,(1.0_ 0.0_ 0.0)
131.0939,73.56081,0.007996,69.68135,0.000011,89.76237,-0.000008,(1.0_ 0.0_ 0.0)
131.1042,73.6323,0.007996,69.68047,0.000009,89.77877,-0.000008,(1.0_ 0.0_ 0.0)
131.1157,73.71296,0.007996,69.67947,0.000009,89.79513,-0.000008,(1.0_ 0.0_ 0.0)
131.1266,73.78967,0.007998,69.67849,0.000007,89.81146,-0.000007,(1.0_ 0.0_ 0.0)
131.1377,73.86673,0.007998,69.67749,0.000007,89.82776,-0.000007,(1.0_ 0.0_ 0.0)
131.1485,73.94235,0.007999,69.67648,0.000004,89.84404,-0.000007,(1.0_ 0.0_ 0.0)
131.1602,74.02444,0.007999,69.67538,0.000004,89.86028,-0.000007,(1.0_ 0.0_ 0.0)
131.1713,74.10193,0.007999,69.67431,0.000004,89.87648,-0.000007,(1.0_ 0.0_ 0.0)
131.1821,74.17814,0.007999,69.67324,0.000003,89.89267,-0.000007,(1.0_ 0.0_ 0.0)
131.1961,74.27606,0.007999,69.67184,0.000003,89.90881,-0.000007,(1.0_ 0.0_ 0.0)
131.2038,74.32987,0.007999,69.67106,0.000002,89.92494,-0.000007,(1.0_ 0.0_ 0.0)
131.2154,74.4109,0.007999,69.66986,0.000002,89.94104,-0.000007,(1.0_ 0.0_ 0.0)
131.2264,74.48776,0.007999,69.6687,0.000002,89.95712,-0.000006,(1.0_ 0.0_ 0.0)
131.2375,74.56532,0.007999,69.66751,0.000002,89.97316,-0.000006,(1.0_ 0.0_ 0.0)
131.2482,74.64015,0.008,69.66634,0.000002,89.98918,-0.000005,(1.0_ 0.0_ 0.0)
131.2603,74.7248,0.008,69.66501,0.000002,90.00516,-0.000005,(1.0_ 0.0_ 0.0)
131.2708,74.79868,0.008,69.66383,0.000002,90.02113,-0.000005,(1.0_ 0.0_ 0.0)
131.2819,74.87632,0.008,69.66256,0.000001,90.03706,-0.000005,(1.0_ 0.0_ 0.0)
131.2936,74.95795,0.008,69.66121,0.000001,90.05298,-0.000005,(1.0_ 0.0_ 0.0)
131.3039,75.03058,0.008,69.65999,0.000001,90.06886,-0.000005,(1.0_ 0.0_ 0.0)
131.3153,75.10994,0.008,69.65863,0.000001,90.08473,-0.000005,(1.0_ 0.0_ 0.0)
131.3262,75.18653,0.008,69.6573,0.000001,90.10056,-0.000004,(1.0_ 0.0_ 0.0)
131.3376,75.26614,0.008,69.65591,0.000001,90.11637,-0.000004,(1.0_ 0.0_ 0.0)
131.3486,75.34283,0.008,69.65454,0.000001,90.13216,-0.000004,(1.0_ 0.0_ 0.0)
131.3601,75.42363,0.008,69.65308,0.000001,90.14793,-0.000004,(1.0_ 0.0_ 0.0)
131.371,75.49953,0.008,69.6517,0.000001,90.16366,-0.000004,(1.0_ 0.0_ 0.0)
131.3819,75.57633,0.008,69.65027,0.000001,90.17937,-0.000005,(1.0_ 0.0_ 0.0)
131.3927,75.65213,0.008,69.64884,0.000001,90.19507,-0.000005,(1.0_ 0.0_ 0.0)
131.4063,75.74702,0.008,69.64703,-0.000016,90.21073,0,(1.0_ 0.0_ 0.0)
131.4154,75.81055,0.008,69.64581,-0.000016,90.22638,0,(1.0_ 0.0_ 0.0)
131.4263,75.88676,0.007987,69.64431,0.000583,90.242,0.000003,(1.0_ 0.0_ 0.0)
131.4374,75.96489,0.007986,69.64276,0.000583,90.25761,0.000003,(1.0_ 0.0_ 0.0)
131.4484,76.04173,0.007992,69.64122,0.000338,90.27318,-0.000006,(1.0_ 0.0_ 0.0)
131.4601,76.12364,0.007991,69.63956,0.000335,90.28873,-0.000006,(1.0_ 0.0_ 0.0)
131.4709,76.1994,0.007991,69.638,0.000335,90.30427,-0.000006,(1.0_ 0.0_ 0.0)
131.4818,76.27547,0.007991,69.63641,0.000305,90.31978,-0.000006,(1.0_ 0.0_ 0.0)
131.4933,76.35556,0.007991,69.63473,0.000305,90.33527,-0.000006,(1.0_ 0.0_ 0.0)
131.504,76.4308,0.007992,69.63313,0.000244,90.35074,-0.000006,(1.0_ 0.0_ 0.0)
131.5154,76.51012,0.007992,69.63142,0.000244,90.36618,-0.000006,(1.0_ 0.0_ 0.0)
131.5267,76.58926,0.007994,69.62969,0.000162,90.38161,-0.000006,(1.0_ 0.0_ 0.0)
131.5376,76.66574,0.007994,69.62801,0.000162,90.39702,-0.000006,(1.0_ 0.0_ 0.0)
131.5485,76.74185,0.007997,69.6263,0.000094,90.41241,-0.000006,(1.0_ 0.0_ 0.0)
131.56,76.82287,0.007996,69.62447,0.000093,90.42779,-0.000006,(1.0_ 0.0_ 0.0)
131.5707,76.89777,0.007996,69.62276,0.000093,90.44314,-0.000006,(1.0_ 0.0_ 0.0)
131.5816,76.97354,0.007997,69.62102,0.000086,90.45846,-0.000006,(1.0_ 0.0_ 0.0)
131.5934,77.05598,0.007996,69.61909,0.000086,90.47377,-0.000006,(1.0_ 0.0_ 0.0)
131.6066,77.14899,0.007997,69.61691,0.000057,90.48906,-0.000005,(1.0_ 0.0_ 0.0)
131.6154,77.21038,0.007997,69.61544,0.000057,90.50433,-0.000005,(1.0_ 0.0_ 0.0)
131.6266,77.28849,0.007998,69.61356,0.000038,90.51958,-0.000005,(1.0_ 0.0_ 0.0)
131.6381,77.36896,0.007998,69.61161,0.000038,90.53481,-0.000005,(1.0_ 0.0_ 0.0)
131.6486,77.44273,0.007999,69.6098,0.000022,90.55003,-0.000005,(1.0_ 0.0_ 0.0)
131.66,77.52263,0.007999,69.60782,0.000022,90.56524,-0.000005,(1.0_ 0.0_ 0.0)
131.6713,77.60177,0.007999,69.60583,0.000022,90.58042,-0.000005,(1.0_ 0.0_ 0.0)
131.682,77.67614,0.007999,69.60395,0.00002,90.59558,-0.000005,(1.0_ 0.0_ 0.0)
131.6936,77.75735,0.007999,69.60188,0.00002,90.61073,-0.000005,(1.0_ 0.0_ 0.0)
131.7043,77.83234,0.007999,69.59995,0.000015,90.62586,-0.000005,(1.0_ 0.0_ 0.0)
131.7155,77.91069,0.007999,69.59791,0.000015,90.64098,-0.000005,(1.0_ 0.0_ 0.0)
131.7266,77.98855,0.007999,69.59586,0.00001,90.65607,-0.000006,(1.0_ 0.0_ 0.0)
131.7377,78.06635,0.007999,69.5938,0.00001,90.67115,-0.000006,(1.0_ 0.0_ 0.0)
131.7486,78.14237,0.008,69.59176,0.000005,90.68621,-0.000007,(1.0_ 0.0_ 0.0)
131.7603,78.22409,0.008,69.58955,0.000005,90.70126,-0.000007,(1.0_ 0.0_ 0.0)
131.7709,78.29822,0.008,69.58752,0.000005,90.71629,-0.000007,(1.0_ 0.0_ 0.0)
131.7817,78.37422,0.008,69.58543,0.000005,90.73132,-0.000007,(1.0_ 0.0_ 0.0)
131.7933,78.45509,0.008,69.58319,0.000005,90.74631,-0.000007,(1.0_ 0.0_ 0.0)
131.8039,78.52948,0.008,69.58111,0.000004,90.7613,-0.000006,(1.0_ 0.0_ 0.0)
131.8181,78.62854,0.008,69.57831,0.000004,90.77626,-0.000006,(1.0_ 0.0_ 0.0)
131.8264,78.68651,0.008,69.57665,0.000002,90.79122,-0.000007,(1.0_ 0.0_ 0.0)
131.8376,78.76511,0.008,69.57439,0.000002,90.80616,-0.000007,(1.0_ 0.0_ 0.0)
131.8483,78.84013,0.008,69.57222,0.000002,90.82108,-0.000005,(1.0_ 0.0_ 0.0)
131.8602,78.92303,0.008,69.56979,0.000001,90.83599,-0.000005,(1.0_ 0.0_ 0.0)
131.8711,78.9995,0.008,69.56754,0.000001,90.85089,-0.000005,(1.0_ 0.0_ 0.0)
131.8819,79.07517,0.008,69.56528,-0.000004,90.86576,-0.000004,(1.0_ 0.0_ 0.0)
131.8938,79.15814,0.008,69.5628,-0.000004,90.88063,-0.000004,(1.0_ 0.0_ 0.0)
131.9043,79.23158,0.007991,69.56058,0.0004,90.89548,-0.000002,(1.0_ 0.0_ 0.0)
131.9157,79.31176,0.007991,69.55814,0.0004,90.91032,-0.000002,(1.0_ 0.0_ 0.0)
131.9263,79.38598,0.007993,69.55585,0.000274,90.92515,-0.000006,(1.0_ 0.0_ 0.0)
131.9378,79.4664,0.007993,69.55337,0.000274,90.93996,-0.000006,(1.0_ 0.0_ 0.0)
131.9488,79.54311,0.007996,69.55097,0.000153,90.95477,-0.000006,(1.0_ 0.0_ 0.0)
131.9601,79.62236,0.007996,69.54848,0.000153,90.96954,-0.000006,(1.0_ 0.0_ 0.0)
131.9714,79.70148,0.007995,69.54597,0.000153,90.98431,-0.000006,(1.0_ 0.0_ 0.0)
131.9815,79.77205,0.007996,69.54371,0.000141,90.99908,-0.000006,(1.0_ 0.0_ 0.0)
131.9932,79.85367,0.007995,69.54108,0.000141,91.01382,-0.000006,(1.0_ 0.0_ 0.0)
132.0041,79.92982,0.007996,69.53861,0.000112,91.02856,-0.000006,(1.0_ 0.0_ 0.0)
132.0178,80.02616,0.007996,69.53546,0.000112,91.04327,-0.000006,(1.0_ 0.0_ 0.0)
132.0267,80.08803,0.007997,69.53342,0.000075,91.05798,-0.000006,(1.0_ 0.0_ 0.0)
132.0379,80.1668,0.007997,69.53082,0.000075,91.07266,-0.000006,(1.0_ 0.0_ 0.0)
132.0489,80.24358,0.007998,69.52825,0.000041,91.08733,-0.000005,(1.0_ 0.0_ 0.0)
132.0602,80.32264,0.007998,69.5256,0.000041,91.10195,-0.000005,(1.0_ 0.0_ 0.0)
132.0713,80.40013,0.007998,69.52297,0.000041,91.11655,-0.000005,(1.0_ 0.0_ 0.0)
132.0817,80.47274,0.007998,69.5205,0.000037,91.1311,-0.000004,(1.0_ 0.0_ 0.0)
132.0939,80.5582,0.007998,69.51757,0.000037,91.1456,-0.000004,(1.0_ 0.0_ 0.0)
132.1046,80.633,0.007999,69.51499,0.000029,91.16003,-0.000005,(1.0_ 0.0_ 0.0)
132.1155,80.70924,0.007999,69.51235,0.000029,91.1744,-0.000005,(1.0_ 0.0_ 0.0)
132.1265,80.78664,0.007999,69.50967,0.000019,91.18869,-0.000005,(1.0_ 0.0_ 0.0)
132.1376,80.86418,0.007999,69.50696,0.000019,91.20287,-0.000005,(1.0_ 0.0_ 0.0)
132.1487,80.94199,0.007999,69.50423,0.000011,91.21696,-0.000006,(1.0_ 0.0_ 0.0)
132.1603,81.02308,0.007999,69.50137,0.000011,91.23094,-0.000006,(1.0_ 0.0_ 0.0)
132.1711,81.09855,0.007999,69.4987,0.000011,91.24478,-0.000006,(1.0_ 0.0_ 0.0)
132.1819,81.17384,0.007999,69.49603,0.00001,91.2585,-0.000006,(1.0_ 0.0_ 0.0)
132.1935,81.25512,0.007999,69.49314,0.00001,91.27205,-0.000006,(1.0_ 0.0_ 0.0)
132.2038,81.32734,0.008,69.49057,0.000008,91.28545,-0.000006,(1.0_ 0.0_ 0.0)
132.2155,81.40884,0.008,69.48766,0.000008,91.29867,-0.000006,(1.0_ 0.0_ 0.0)
132.2292,81.50462,0.008,69.48425,0.000004,91.31168,-0.000005,(1.0_ 0.0_ 0.0)
132.2377,81.56398,0.008,69.48212,0.000004,91.32455,-0.000005,(1.0_ 0.0_ 0.0)
132.2481,81.63686,0.008,69.47951,0.000003,91.33728,-0.000005,(1.0_ 0.0_ 0.0)
132.2603,81.7226,0.008,69.47643,0.000003,91.34982,-0.000005,(1.0_ 0.0_ 0.0)
132.2707,81.79544,0.008,69.47382,0.000003,91.36221,-0.000005,(1.0_ 0.0_ 0.0)
132.2815,81.87074,0.008,69.4711,0.000003,91.37446,-0.000005,(1.0_ 0.0_ 0.0)
132.2933,81.95342,0.008,69.46812,0.000003,91.38653,-0.000005,(1.0_ 0.0_ 0.0)
132.304,82.02819,0.008,69.46542,0.000002,91.39844,-0.000006,(1.0_ 0.0_ 0.0)
132.3153,82.10693,0.008,69.46257,0.000002,91.41019,-0.000006,(1.0_ 0.0_ 0.0)
132.3262,82.18309,0.008,69.45981,-0.000015,91.4218,-0.000001,(1.0_ 0.0_ 0.0)
132.3377,82.26367,0.008,69.45689,-0.000015,91.43325,-0.000001,(1.0_ 0.0_ 0.0)
132.3486,82.34021,0.008,69.45411,-0.000009,91.44456,-0.000003,(1.0_ 0.0_ 0.0)
132.36,82.41988,0.008,69.45121,-0.000009,91.45571,-0.000003,(1.0_ 0.0_ 0.0)
132.371,82.49654,0.008,69.44842,-0.000009,91.46672,-0.000003,(1.0_ 0.0_ 0.0)
132.3818,82.57232,0.007996,69.44566,0.000163,91.47758,-0.000003,(1.0_ 0.0_ 0.0)
132.3936,82.65516,0.007996,69.44263,0.000163,91.48829,-0.000003,(1.0_ 0.0_ 0.0)
132.4039,82.72728,0.007997,69.43999,0.00013,91.49887,-0.000006,(1.0_ 0.0_ 0.0)
132.4159,82.8109,0.007996,69.43694,0.00013,91.50929,-0.000006,(1.0_ 0.0_ 0.0)
132.4292,82.90361,0.007998,69.43354,0.000071,91.51955,-0.000007,(1.0_ 0.0_ 0.0)
132.4376,82.96278,0.007998,69.43137,0.000071,91.52969,-0.000007,(1.0_ 0.0_ 0.0)
132.4489,83.0416,0.007999,69.42847,0.00004,91.5397,-0.000008,(1.0_ 0.0_ 0.0)
132.4603,83.12151,0.007999,69.42554,0.000039,91.54954,-0.000008,(1.0_ 0.0_ 0.0)
132.4711,83.19695,0.007999,69.42277,0.000039,91.55924,-0.000008,(1.0_ 0.0_ 0.0)
132.4817,83.27129,0.007999,69.42003,0.000036,91.5688,-0.000008,(1.0_ 0.0_ 0.0)
