time,pos_x,pos_y,pos_z,rot_x,rot_y,rot_z,forward_direction
8.437736,-0.345613,1.144245,0.182952,2.633517,357.5996,3.57886,(0.0_ 0.0_ 1.0)
8.437736,-0.345676,1.144115,0.18307,2.708191,357.7145,3.589904,(0.0_ 0.0_ 1.0)
8.437736,-0.345839,1.143815,0.183211,2.93974,357.9329,3.621493,(0.0_ -0.1_ 1.0)
8.437736,-0.345945,1.143705,0.183237,2.965508,357.9694,3.631371,(0.0_ -0.1_ 1.0)
8.437736,-0.346097,1.143624,0.183234,3.047045,358.0081,3.603849,(0.0_ -0.1_ 1.0)
8.437736,-0.346174,1.143511,0.183236,3.044268,358.0132,3.6202,(0.0_ -0.1_ 1.0)
8.437736,-0.346275,1.143421,0.183192,3.131829,358.0216,3.656985,(0.0_ -0.1_ 1.0)
8.437736,-0.346373,1.14335,0.183186,3.112827,358.0249,3.611947,(0.0_ -0.1_ 1.0)
8.437736,-0.346473,1.143245,0.183145,3.162257,358.0215,3.636093,(0.0_ -0.1_ 1.0)
8.437736,-0.346595,1.143137,0.183085,3.219492,357.9972,3.629584,(0.0_ -0.1_ 1.0)
8.437736,-0.346765,1.143019,0.183014,3.283005,358.0232,3.643463,(0.0_ -0.1_ 1.0)
8.437736,-0.34682,1.142953,0.182983,3.292562,358.0025,3.640324,(0.0_ -0.1_ 1.0)
8.437736,-0.346935,1.142877,0.18291,3.329966,357.9916,3.656033,(0.0_ -0.1_ 1.0)
8.437736,-0.346995,1.142831,0.182893,3.320237,358.0003,3.658046,(0.0_ -0.1_ 1.0)
8.437736,-0.347107,1.14277,0.182815,3.347242,357.9836,3.682321,(0.0_ -0.1_ 1.0)
8.437736,-0.347174,1.142738,0.18279,3.345954,357.9854,3.675184,(0.0_ -0.1_ 1.0)
8.437736,-0.3473,1.14269,0.182704,3.369068,357.9599,3.680396,(0.0_ -0.1_ 1.0)
8.437736,-0.347361,1.142656,0.182679,3.364597,357.9595,3.691082,(0.0_ -0.1_ 1.0)
8.437736,-0.347517,1.142621,0.182547,3.383535,357.9162,3.71568,(0.0_ -0.1_ 1.0)
8.437736,-0.347613,1.142599,0.182499,3.36253,357.9066,3.724664,(0.0_ -0.1_ 1.0)
8.437736,-0.347695,1.142614,0.182437,3.360838,357.8817,3.731873,(0.0_ -0.1_ 1.0)
8.437736,-0.347783,1.142643,0.182398,3.354372,357.8743,3.742241,(0.0_ -0.1_ 1.0)
8.437736,-0.347893,1.142686,0.182338,3.319663,357.8348,3.779516,(0.0_ -0.1_ 1.0)
8.437736,-0.347974,1.142754,0.182319,3.294233,357.8003,3.782224,(0.0_ -0.1_ 1.0)
8.437736,-0.348042,1.14281,0.182314,3.266153,357.7826,3.783678,(0.0_ -0.1_ 1.0)
8.437736,-0.348082,1.142875,0.182314,3.249436,357.7632,3.792192,(0.0_ -0.1_ 1.0)
8.437736,-0.34817,1.142915,0.182336,3.193021,357.7529,3.792398,(0.0_ -0.1_ 1.0)
8.437736,-0.348169,1.142953,0.182336,3.203043,357.7301,3.789032,(0.0_ -0.1_ 1.0)
8.437736,-0.348181,1.142988,0.182341,3.200903,357.7068,3.792303,(0.0_ -0.1_ 1.0)
8.437736,-0.348199,1.143009,0.182355,3.18824,357.6775,3.798103,(0.0_ -0.1_ 1.0)
8.437736,-0.348213,1.143014,0.182378,3.190285,357.6709,3.802392,(0.0_ -0.1_ 1.0)
8.437736,-0.348224,1.143026,0.182405,3.198385,357.6543,3.801481,(0.0_ -0.1_ 1.0)
8.437736,-0.348228,1.143016,0.182439,3.194236,357.6471,3.806639,(0.0_ -0.1_ 1.0)
8.437736,-0.348229,1.143015,0.182478,3.21067,357.6317,3.798499,(0.0_ -0.1_ 1.0)
8.437736,-0.348215,1.143,0.182516,3.232701,357.6156,3.795671,(0.0_ -0.1_ 1.0)
8.437736,-0.348206,1.142963,0.182564,3.248489,357.6199,3.796801,(0.0_ -0.1_ 1.0)
8.437736,-0.348188,1.142929,0.1826,3.272211,357.6084,3.770094,(0.0_ -0.1_ 1.0)
8.437736,-0.348163,1.142881,0.18264,3.289167,357.6093,3.769406,(0.0_ -0.1_ 1.0)
8.437736,-0.348143,1.142836,0.182676,3.319247,357.6186,3.767079,(0.0_ -0.1_ 1.0)
8.437736,-0.348112,1.142792,0.182713,3.353634,357.6276,3.779425,(0.0_ -0.1_ 1.0)
8.437736,-0.348073,1.142757,0.182742,3.390523,357.6287,3.785071,(0.0_ -0.1_ 1.0)
8.437736,-0.348047,1.142743,0.18276,3.407146,357.6218,3.774125,(0.0_ -0.1_ 1.0)
8.437736,-0.348013,1.142728,0.182779,3.43026,357.625,3.76569,(0.0_ -0.1_ 1.0)
8.437736,-0.347996,1.142725,0.182798,3.438292,357.6396,3.769023,(0.0_ -0.1_ 1.0)
8.437736,-0.347966,1.142722,0.182809,3.445129,357.6422,3.761804,(0.0_ -0.1_ 1.0)
8.437736,-0.347941,1.142729,0.182818,3.449247,357.6422,3.756826,(0.0_ -0.1_ 1.0)
8.437736,-0.347907,1.142755,0.182825,3.45441,357.6561,3.752907,(0.0_ -0.1_ 1.0)
8.437736,-0.347885,1.142776,0.182836,3.432871,357.6659,3.746854,(0.0_ -0.1_ 1.0)
8.437736,-0.347841,1.142822,0.182841,3.425886,357.6504,3.75894,(0.0_ -0.1_ 1.0)
8.437736,-0.347811,1.142872,0.182868,3.380644,357.6439,3.767534,(0.0_ -0.1_ 1.0)
8.437736,-0.347805,1.142927,0.182892,3.367901,357.6445,3.76938,(0.0_ -0.1_ 1.0)
8.437736,-0.347792,1.14298,0.18292,3.334425,357.63,3.757459,(0.0_ -0.1_ 1.0)
8.437736,-0.34778,1.143035,0.182945,3.312831,357.6163,3.74395,(0.0_ -0.1_ 1.0)
8.437736,-0.347768,1.143057,0.182961,3.302943,357.608,3.739734,(0.0_ -0.1_ 1.0)
8.437736,-0.347753,1.143089,0.182978,3.287174,357.5937,3.718949,(0.0_ -0.1_ 1.0)
8.437736,-0.347735,1.143102,0.182998,3.273959,357.5749,3.698114,(0.0_ -0.1_ 1.0)
8.437736,-0.347713,1.143107,0.183007,3.281973,357.5634,3.690012,(0.0_ -0.1_ 1.0)
8.437736,-0.347691,1.143106,0.183019,3.289699,357.5539,3.676996,(0.0_ -0.1_ 1.0)
8.437736,-0.347663,1.143087,0.183032,3.293437,357.5396,3.664893,(0.0_ -0.1_ 1.0)
8.437736,-0.3476,1.143054,0.183041,3.314343,357.5142,3.653124,(0.0_ -0.1_ 1.0)
8.437736,-0.347552,1.143019,0.183044,3.331551,357.4997,3.630798,(0.0_ -0.1_ 1.0)
8.437736,-0.34751,1.142983,0.18304,3.355611,357.5176,3.623128,(0.0_ -0.1_ 1.0)
8.437736,-0.34743,1.142931,0.18303,3.37086,357.5015,3.58911,(0.0_ -0.1_ 1.0)
8.437736,-0.347385,1.142888,0.183025,3.378026,357.5155,3.585729,(0.0_ -0.1_ 1.0)
8.437736,-0.347312,1.142834,0.182999,3.407916,357.5408,3.557123,(0.0_ -0.1_ 1.0)
8.437736,-0.34726,1.142806,0.182986,3.407014,357.54,3.557123,(0.0_ -0.1_ 1.0)
8.437736,-0.347195,1.142768,0.182965,3.414238,357.5614,3.551227,(0.0_ -0.1_ 1.0)
8.437736,-0.347146,1.142749,0.18295,3.414648,357.5696,3.54854,(0.0_ -0.1_ 1.0)
8.437736,-0.347079,1.142735,0.182923,3.412712,357.5819,3.546762,(0.0_ -0.1_ 1.0)
8.437736,-0.347028,1.14273,0.182902,3.404759,357.5906,3.545478,(0.0_ -0.1_ 1.0)
8.437736,-0.34699,1.142756,0.18287,3.408522,357.6138,3.542436,(0.0_ -0.1_ 1.0)
8.437736,-0.346944,1.142775,0.182851,3.395687,357.6078,3.540549,(0.0_ -0.1_ 1.0)
8.437736,-0.346906,1.142809,0.182815,3.378612,357.6189,3.530612,(0.0_ -0.1_ 1.0)
8.437736,-0.346874,1.142847,0.182786,3.376625,357.6174,3.524422,(0.0_ -0.1_ 1.0)
8.437736,-0.346841,1.142885,0.182754,3.360003,357.621,3.51827,(0.0_ -0.1_ 1.0)
8.437736,-0.346804,1.142932,0.182714,3.336016,357.6238,3.509324,(0.0_ -0.1_ 1.0)
8.437736,-0.34678,1.142962,0.182686,3.319316,357.6251,3.505332,(0.0_ -0.1_ 1.0)
8.437736,-0.346755,1.143,0.182655,3.302628,357.6268,3.500902,(0.0_ -0.1_ 1.0)
8.437736,-0.346732,1.143024,0.182633,3.289875,357.6267,3.496687,(0.0_ -0.1_ 1.0)
8.437736,-0.346702,1.143046,0.18261,3.277158,357.6264,3.489661,(0.0_ -0.1_ 1.0)
8.437736,-0.346673,1.143079,0.182574,3.276433,357.6299,3.466098,(0.0_ -0.1_ 1.0)
8.437736,-0.346644,1.143083,0.182555,3.267226,357.6306,3.449969,(0.0_ -0.1_ 1.0)
8.437736,-0.346614,1.143088,0.182539,3.262575,357.6402,3.437814,(0.0_ -0.1_ 1.0)
8.437736,-0.34659,1.143083,0.182526,3.257624,357.649,3.429281,(0.0_ -0.1_ 1.0)
8.437736,-0.346562,1.143078,0.182516,3.255973,357.6554,3.42677,(0.0_ -0.1_ 1.0)
8.437736,-0.346534,1.143068,0.182506,3.252681,357.6616,3.423728,(0.0_ -0.1_ 1.0)
8.437736,-0.346497,1.143065,0.182481,3.263362,357.6641,3.417742,(0.0_ -0.1_ 1.0)
8.437736,-0.346474,1.143053,0.182459,3.270255,357.6728,3.405692,(0.0_ -0.1_ 1.0)
8.437736,-0.34644,1.143033,0.18244,3.271449,357.6745,3.406151,(0.0_ -0.1_ 1.0)
8.437736,-0.346404,1.143007,0.182399,3.280678,357.6886,3.397318,(0.0_ -0.1_ 1.0)
8.437736,-0.346374,1.142998,0.182361,3.295948,357.6934,3.383267,(0.0_ -0.1_ 1.0)
8.437736,-0.346345,1.142987,0.182313,3.305988,357.7086,3.366567,(0.0_ -0.1_ 1.0)
8.437736,-0.346308,1.142991,0.182278,3.314682,357.6994,3.352178,(0.0_ -0.1_ 1.0)
8.437736,-0.346284,1.143,0.182227,3.318991,357.7107,3.338535,(0.0_ -0.1_ 1.0)
8.437736,-0.346265,1.143016,0.182185,3.321547,357.7143,3.330299,(0.0_ -0.1_ 1.0)
8.437736,-0.346252,1.143037,0.182129,3.309382,357.7225,3.31276,(0.0_ -0.1_ 1.0)
8.437736,-0.346227,1.143044,0.182098,3.29062,357.718,3.315403,(0.0_ -0.1_ 1.0)
8.437736,-0.346222,1.143077,0.182044,3.269007,357.7269,3.30925,(0.0_ -0.1_ 1.0)
8.437736,-0.346215,1.143119,0.18199,3.249673,357.7276,3.295774,(0.0_ -0.1_ 1.0)
8.437736,-0.346222,1.143137,0.181951,3.226275,357.7394,3.290904,(0.0_ -0.1_ 1.0)
8.437736,-0.346212,1.143162,0.181914,3.213986,357.7414,3.286046,(0.0_ -0.1_ 1.0)
8.437736,-0.346211,1.143184,0.181877,3.194811,357.7474,3.277735,(0.0_ -0.1_ 1.0)
8.437736,-0.346222,1.143211,0.181833,3.177524,357.7657,3.273802,(0.0_ -0.1_ 1.0)
8.437736,-0.346219,1.14323,0.181803,3.179548,357.7706,3.27423,(0.0_ -0.1_ 1.0)
8.437736,-0.346225,1.143247,0.181763,3.170604,357.7794,3.276643,(0.0_ -0.1_ 1.0)
8.437736,-0.346236,1.143257,0.181736,3.158918,357.781,3.274651,(0.0_ -0.1_ 1.0)
8.437736,-0.346244,1.143259,0.181714,3.14174,357.7816,3.284475,(0.0_ -0.1_ 1.0)
8.437736,-0.346269,1.143272,0.181693,3.133316,357.7863,3.281556,(0.0_ -0.1_ 1.0)
8.437736,-0.346276,1.143284,0.181677,3.13642,357.7856,3.283836,(0.0_ -0.1_ 1.0)
8.437736,-0.346291,1.14328,0.181658,3.126752,357.7761,3.282748,(0.0_ -0.1_ 1.0)
8.437736,-0.346305,1.143269,0.181645,3.123914,357.7723,3.283415,(0.0_ -0.1_ 1.0)
8.437736,-0.346323,1.143246,0.181622,3.123923,357.7551,3.27921,(0.0_ -0.1_ 1.0)
8.437736,-0.346345,1.143234,0.181599,3.138251,357.7448,3.273537,(0.0_ -0.1_ 1.0)
8.437736,-0.346353,1.143207,0.181578,3.143906,357.7325,3.276109,(0.0_ -0.1_ 1.0)
8.437736,-0.346373,1.143194,0.181548,3.163968,357.7283,3.279522,(0.0_ -0.1_ 1.0)
8.437736,-0.346381,1.143176,0.181515,3.179179,357.7088,3.271193,(0.0_ -0.1_ 1.0)
8.437736,-0.34639,1.143157,0.181496,3.180346,357.7092,3.27243,(0.0_ -0.1_ 1.0)
8.437736,-0.346394,1.143142,0.181462,3.193069,357.6945,3.272077,(0.0_ -0.1_ 1.0)
8.437736,-0.346399,1.143124,0.181442,3.189574,357.7,3.270222,(0.0_ -0.1_ 1.0)
8.437736,-0.346394,1.14312,0.181419,3.19092,357.6968,3.267476,(0.0_ -0.1_ 1.0)
8.437736,-0.346388,1.143117,0.181391,3.182647,357.7007,3.26552,(0.0_ -0.1_ 1.0)
8.437736,-0.346388,1.143126,0.18137,3.171286,357.7068,3.254883,(0.0_ -0.1_ 1.0)
8.437736,-0.34638,1.143136,0.181342,3.163463,357.7108,3.250739,(0.0_ -0.1_ 1.0)
8.437736,-0.346369,1.143145,0.181322,3.155842,357.7132,3.249394,(0.0_ -0.1_ 1.0)
8.437736,-0.346361,1.143149,0.181305,3.142891,357.7191,3.250489,(0.0_ -0.1_ 1.0)
8.437736,-0.346351,1.143164,0.181296,3.128597,357.7255,3.257847,(0.0_ -0.1_ 1.0)
8.437736,-0.346344,1.143179,0.181286,3.127835,357.7245,3.251997,(0.0_ -0.1_ 1.0)
8.437736,-0.346335,1.143182,0.181288,3.119676,357.7234,3.250392,(0.0_ -0.1_ 1.0)
8.437736,-0.346328,1.143182,0.181292,3.116277,357.7238,3.254463,(0.0_ -0.1_ 1.0)
8.437736,-0.346325,1.143184,0.181301,3.116999,357.7253,3.252781,(0.0_ -0.1_ 1.0)
8.437736,-0.346311,1.143166,0.181318,3.113947,357.7167,3.261444,(0.0_ -0.1_ 1.0)
8.437736,-0.346318,1.143159,0.181326,3.125661,357.7139,3.253097,(0.0_ -0.1_ 1.0)
8.437736,-0.346323,1.143141,0.18134,3.133962,357.7122,3.248271,(0.0_ -0.1_ 1.0)
8.437736,-0.34632,1.143114,0.181359,3.151171,357.7101,3.259395,(0.0_ -0.1_ 1.0)
8.437736,-0.346312,1.14308,0.181378,3.152844,357.6993,3.263716,(0.0_ -0.1_ 1.0)
8.437736,-0.346307,1.14304,0.181402,3.163795,357.6881,3.262971,(0.0_ -0.1_ 1.0)
8.437736,-0.346301,1.142998,0.181422,3.188905,357.675,3.262435,(0.0_ -0.1_ 1.0)
8.437736,-0.346304,1.142949,0.18144,3.208003,357.6664,3.253294,(0.0_ -0.1_ 1.0)
8.437736,-0.346302,1.142915,0.181451,3.214485,357.6642,3.256731,(0.0_ -0.1_ 1.0)
8.437736,-0.346313,1.142872,0.181463,3.233431,357.6705,3.253417,(0.0_ -0.1_ 1.0)
8.437736,-0.34631,1.142855,0.181465,3.235334,357.6622,3.247102,(0.0_ -0.1_ 1.0)
8.437736,-0.34631,1.142841,0.181469,3.244422,357.6605,3.246327,(0.0_ -0.1_ 1.0)
8.437736,-0.346295,1.14282,0.181479,3.241987,357.6569,3.253067,(0.0_ -0.1_ 1.0)
8.437736,-0.346291,1.142818,0.181482,3.242914,357.6551,3.251676,(0.0_ -0.1_ 1.0)
8.437736,-0.346276,1.142816,0.18149,3.237043,357.6445,3.252428,(0.0_ -0.1_ 1.0)
8.437736,-0.346268,1.142818,0.181499,3.232448,357.6368,3.245703,(0.0_ -0.1_ 1.0)
8.437736,-0.346264,1.142813,0.181506,3.226863,357.636,3.2451,(0.0_ -0.1_ 1.0)
8.437736,-0.346261,1.142811,0.181511,3.231304,357.6345,3.232694,(0.0_ -0.1_ 1.0)
8.437736,-0.346252,1.142801,0.181513,3.231449,357.6306,3.226861,(0.0_ -0.1_ 1.0)
8.437736,-0.34624,1.142789,0.181512,3.234878,357.6256,3.217261,(0.0_ -0.1_ 1.0)
8.437736,-0.346225,1.142778,0.18151,3.240798,357.6227,3.212738,(0.0_ -0.1_ 1.0)
8.437736,-0.346218,1.142769,0.181507,3.244299,357.63,3.209124,(0.0_ -0.1_ 1.0)
8.437736,-0.346196,1.142774,0.181485,3.259772,357.6268,3.202941,(0.0_ -0.1_ 1.0)
8.437736,-0.346193,1.14277,0.181474,3.252344,357.637,3.201306,(0.0_ -0.1_ 1.0)
8.437736,-0.34618,1.142767,0.181462,3.243683,357.6377,3.193505,(0.0_ -0.1_ 1.0)
8.437736,-0.34616,1.142775,0.181443,3.239742,357.6406,3.188078,(0.0_ -0.1_ 1.0)
8.437736,-0.346143,1.142783,0.181421,3.235745,357.6444,3.185671,(0.0_ -0.1_ 1.0)
8.437736,-0.346132,1.142791,0.181401,3.235128,357.6508,3.187441,(0.0_ -0.1_ 1.0)
8.437736,-0.346112,1.142799,0.181372,3.231404,357.6495,3.184254,(0.0_ -0.1_ 1.0)
8.437736,-0.346098,1.142802,0.181349,3.228878,357.6504,3.18463,(0.0_ -0.1_ 1.0)
8.437736,-0.346087,1.142819,0.181316,3.231771,357.6536,3.185368,(0.0_ -0.1_ 1.0)
8.437736,-0.34608,1.142825,0.181289,3.223622,357.6562,3.179814,(0.0_ -0.1_ 1.0)
8.437736,-0.346065,1.14285,0.181254,3.228363,357.6513,3.17663,(0.0_ -0.1_ 1.0)
8.437736,-0.346059,1.142862,0.181225,3.222091,357.6544,3.172549,(0.0_ -0.1_ 1.0)
8.437736,-0.346049,1.142875,0.181199,3.219092,357.6517,3.176284,(0.0_ -0.1_ 1.0)
8.437736,-0.346029,1.142893,0.18115,3.213392,357.6397,3.179538,(0.0_ -0.1_ 1.0)
8.437736,-0.346018,1.1429,0.181117,3.196644,357.6334,3.182244,(0.0_ -0.1_ 1.0)
8.437736,-0.34601,1.142923,0.181081,3.195573,357.6324,3.181087,(0.0_ -0.1_ 1.0)
8.437736,-0.346004,1.142938,0.181053,3.187439,357.6342,3.182059,(0.0_ -0.1_ 1.0)
8.437736,-0.345984,1.142965,0.181018,3.184907,357.6264,3.178496,(0.0_ -0.1_ 1.0)
8.437736,-0.345965,1.142979,0.180991,3.176933,357.6247,3.181148,(0.0_ -0.1_ 1.0)
8.437736,-0.345937,1.142989,0.180962,3.165556,357.623,3.175239,(0.0_ -0.1_ 1.0)
8.44909,-0.345884,1.146637,0.260403,3.154559,357.6155,3.15047,(0.0_ -0.1_ 1.0)
8.462711,-0.345862,1.147225,0.355746,3.153357,357.623,3.151652,(0.0_ -0.1_ 1.0)
8.471344,-0.345812,1.14722,0.416144,3.153213,357.6215,3.136716,(0.0_ -0.1_ 1.0)
8.482306,-0.345767,1.147648,0.492847,3.159208,357.6279,3.117403,(0.0_ -0.1_ 1.0)
8.493992,-0.345726,1.14764,0.574619,3.167026,357.6377,3.111002,(0.0_ -0.1_ 1.0)
8.504547,-0.345673,1.148388,0.648469,3.169184,357.6543,3.102905,(0.0_ -0.1_ 1.0)
8.515688,-0.345625,1.148404,0.726417,3.180223,357.665,3.086578,(0.0_ -0.1_ 1.0)
8.526593,-0.345566,1.149266,0.802704,3.175045,357.6873,3.070485,(0.0_ -0.1_ 1.0)
8.538089,-0.34552,1.149281,0.883147,3.167528,357.6956,3.064314,(0.0_ -0.1_ 1.0)
8.548896,-0.345467,1.150085,0.95875,3.145745,357.7269,3.042714,(0.0_ -0.1_ 1.0)
8.56041,-0.34542,1.150124,1.039315,3.127185,357.7442,3.038924,(0.0_ -0.1_ 1.0)
8.571578,-0.345393,1.150142,1.117465,3.106164,357.7769,3.032641,(0.0_ -0.1_ 1.0)
8.584577,-0.345369,1.150383,1.208432,3.111005,357.7836,3.013101,(0.0_ -0.1_ 1.0)
8.595325,-0.345342,1.150363,1.283658,3.0832,357.7938,3.017926,(0.0_ -0.1_ 1.0)
8.603774,-0.345327,1.150496,1.342786,3.082801,357.7906,3.007478,(0.0_ -0.1_ 1.0)
8.615668,-0.345315,1.150483,1.426024,3.071755,357.8003,3.005637,(0.0_ -0.1_ 1.0)
8.626133,-0.345307,1.150649,1.499257,3.068347,357.8058,3.010916,(0.0_ -0.1_ 1.0)
8.63741,-0.345295,1.150645,1.578166,3.07655,357.793,3.007549,(0.0_ -0.1_ 1.0)
8.648263,-0.345288,1.150789,1.654132,3.071554,357.7914,3.01935,(0.0_ -0.1_ 1.0)
8.660101,-0.34529,1.150777,1.736985,3.078878,357.7848,3.024405,(0.0_ -0.1_ 1.0)
8.673762,-0.345296,1.150763,1.832602,3.091219,357.7745,3.028755,(0.0_ -0.1_ 1.0)
8.681623,-0.345293,1.150771,1.887622,3.095823,357.7589,3.027255,(0.0_ -0.1_ 1.0)
8.693484,-0.345291,1.150763,1.970652,3.110532,357.7444,3.035034,(0.0_ -0.1_ 1.0)
8.704042,-0.345277,1.150807,2.044558,3.125652,357.7114,3.028735,(0.0_ -0.1_ 1.0)
8.715385,-0.345282,1.150811,2.123972,3.134468,357.7116,3.03602,(0.0_ -0.1_ 1.0)
8.726768,-0.345284,1.15087,2.203661,3.127602,357.7116,3.029856,(0.0_ -0.1_ 1.0)
8.737748,-0.345274,1.15088,2.280535,3.130236,357.7012,3.026659,(0.0_ -0.1_ 1.0)
8.748904,-0.345251,1.150949,2.358645,3.132633,357.6877,3.024475,(0.0_ -0.1_ 1.0)
8.76002,-0.345228,1.150958,2.43647,3.132359,357.6775,3.021561,(0.0_ -0.1_ 1.0)
8.771147,-0.345211,1.150963,2.514365,3.128198,357.6751,3.018613,(0.0_ -0.1_ 1.0)
8.781883,-0.345183,1.150969,2.589538,3.122833,357.6695,3.015404,(0.0_ -0.1_ 1.0)
8.793538,-0.345159,1.150975,2.671131,3.127392,357.6652,3.010722,(0.0_ -0.1_ 1.0)
8.804126,-0.345133,1.150986,2.74525,3.130158,357.6711,3.000098,(0.0_ -0.1_ 1.0)
8.815626,-0.345107,1.150977,2.825761,3.128669,357.6681,2.994445,(0.0_ -0.1_ 1.0)
8.826674,-0.345078,1.150982,2.90311,3.132671,357.6785,2.982291,(0.0_ -0.1_ 1.0)
8.837763,-0.345054,1.150967,2.980744,3.130661,357.6864,2.977215,(0.0_ -0.1_ 1.0)
8.84864,-0.345023,1.150973,3.0569,3.137878,357.6984,2.965919,(0.0_ -0.1_ 1.0)
8.860108,-0.344992,1.150959,3.137195,3.138955,357.7198,2.962323,(0.0_ -0.1_ 1.0)
8.873347,-0.344968,1.150956,3.229879,3.143703,357.7385,2.961011,(0.0_ -0.1_ 1.0)
8.882148,-0.344942,1.150954,3.291493,3.147863,357.7741,2.958038,(0.0_ -0.1_ 1.0)
8.893527,-0.344913,1.150948,3.371151,3.145305,357.7603,2.944131,(0.0_ -0.1_ 1.0)
8.904439,-0.344897,1.150943,3.447535,3.143878,357.7824,2.946854,(0.0_ -0.1_ 1.0)
8.915695,-0.344881,1.150943,3.526333,3.145489,357.7939,2.946291,(0.0_ -0.1_ 1.0)
8.926611,-0.344863,1.150953,3.602732,3.153676,357.7942,2.940485,(0.0_ -0.1_ 1.0)
8.938246,-0.344854,1.150946,3.684169,3.147229,357.7954,2.938383,(0.0_ -0.1_ 1.0)
8.948732,-0.344834,1.150949,3.757557,3.142861,357.7893,2.929761,(0.0_ -0.1_ 1.0)
8.960483,-0.344827,1.150951,3.839785,3.140088,357.7916,2.926847,(0.0_ -0.1_ 1.0)
8.971813,-0.344828,1.15096,3.919081,3.140605,357.793,2.919147,(0.0_ -0.1_ 1.0)
8.981954,-0.344819,1.150967,3.990039,3.133604,357.7859,2.914781,(0.0_ -0.1_ 1.0)
8.993394,-0.344818,1.150981,4.07009,3.128792,357.7785,2.902961,(0.0_ -0.1_ 1.0)
9.004906,-0.34482,1.150985,4.150643,3.118944,357.7794,2.904165,(0.0_ -0.1_ 1.0)
9.019922,-0.344818,1.15099,4.255738,3.116693,357.7763,2.902809,(0.0_ -0.1_ 1.0)
9.026525,-0.34482,1.150996,4.301928,3.1134,357.7747,2.904851,(0.0_ -0.1_ 1.0)
9.039182,-0.344821,1.150996,4.39048,3.110179,357.7763,2.917568,(0.0_ -0.1_ 1.0)
9.049588,-0.344835,1.150986,4.463296,3.095284,357.7887,2.922562,(0.0_ -0.1_ 1.0)
9.060878,-0.344831,1.151003,4.542297,3.100709,357.7846,2.919436,(0.0_ -0.1_ 1.0)
9.074531,-0.344848,1.151016,4.637829,3.100565,357.8064,2.927678,(0.0_ -0.1_ 1.0)
9.082294,-0.344855,1.151026,4.692141,3.093784,357.8132,2.929216,(0.0_ -0.1_ 1.0)
9.094133,-0.344866,1.151034,4.774996,3.086461,357.8194,2.933422,(0.0_ -0.1_ 1.0)
9.104598,-0.34488,1.151042,4.848223,3.081463,357.8209,2.933665,(0.0_ -0.1_ 1.0)
9.115837,-0.34491,1.151034,4.926866,3.057716,357.8344,2.949549,(0.0_ -0.1_ 1.0)
9.126977,-0.344913,1.151048,5.00482,3.065457,357.8282,2.950595,(0.0_ -0.1_ 1.0)
9.138009,-0.344924,1.151055,5.082014,3.063168,357.8241,2.959977,(0.0_ -0.1_ 1.0)
9.14888,-0.344932,1.151055,5.158093,3.055966,357.823,2.968761,(0.0_ -0.1_ 1.0)
9.160465,-0.344937,1.151065,5.239176,3.048503,357.8174,2.971142,(0.0_ -0.1_ 1.0)
9.171616,-0.344938,1.151072,5.31723,3.033294,357.8058,2.963996,(0.0_ -0.1_ 1.0)
9.182195,-0.34494,1.151088,5.391278,3.031895,357.8054,2.95964,(0.0_ -0.1_ 1.0)
9.194071,-0.344948,1.151101,5.474415,3.026011,357.8063,2.946049,(0.0_ -0.1_ 1.0)
9.20455,-0.344946,1.15111,5.547775,3.022917,357.803,2.940141,(0.0_ -0.1_ 1.0)
9.215658,-0.344949,1.151124,5.625537,3.018211,357.7991,2.926016,(0.0_ -0.1_ 1.0)
9.22682,-0.344954,1.151134,5.703675,3.014978,357.8017,2.921062,(0.0_ -0.1_ 1.0)
9.238287,-0.34496,1.151152,5.783956,3.019596,357.8052,2.909716,(0.0_ -0.1_ 1.0)
9.248964,-0.344955,1.15115,5.858699,3.02142,357.8083,2.91983,(0.0_ -0.1_ 1.0)
9.260301,-0.344952,1.151147,5.938061,3.026466,357.818,2.922565,(0.0_ -0.1_ 1.0)
9.271295,-0.344951,1.151155,6.015025,3.042643,357.8348,2.919171,(0.0_ -0.1_ 1.0)
9.284226,-0.344984,1.151126,6.105554,3.035015,357.8358,2.926478,(0.0_ -0.1_ 1.0)
9.293541,-0.34499,1.151121,6.170765,3.036931,357.8545,2.922478,(0.0_ -0.1_ 1.0)
9.304444,-0.344943,1.151134,6.247089,3.042969,357.8634,2.922316,(0.0_ -0.1_ 1.0)
9.315447,-0.344949,1.151146,6.324116,3.049615,357.8783,2.922328,(0.0_ -0.1_ 1.0)
9.327166,-0.344962,1.151135,6.406141,3.050756,357.8766,2.935114,(0.0_ -0.1_ 1.0)
9.337834,-0.344975,1.151129,6.480829,3.044226,357.8829,2.938817,(0.0_ -0.1_ 1.0)
9.348715,-0.344971,1.151134,6.556992,3.050632,357.8902,2.94478,(0.0_ -0.1_ 1.0)
9.360211,-0.345005,1.151131,6.637453,3.066095,357.8706,2.944327,(0.0_ -0.1_ 1.0)
9.371291,-0.345014,1.151112,6.715003,3.060131,357.8727,2.946492,(0.0_ -0.1_ 1.0)
9.382199,-0.344935,1.151133,6.791344,3.072748,357.8553,2.950122,(0.0_ -0.1_ 1.0)
9.393615,-0.344943,1.15112,6.871238,3.068885,357.851,2.950748,(0.0_ -0.1_ 1.0)
9.404298,-0.344999,1.151098,6.946011,3.070874,357.8439,2.95173,(0.0_ -0.1_ 1.0)
9.415727,-0.344995,1.151093,7.026,3.072542,357.8334,2.94932,(0.0_ -0.1_ 1.0)
9.426446,-0.34495,1.151103,7.101017,3.076114,357.826,2.94821,(0.0_ -0.1_ 1.0)
9.438307,-0.344935,1.151108,7.184031,3.082542,357.8132,2.943169,(0.0_ -0.1_ 1.0)
9.448746,-0.344944,1.151101,7.257094,3.082505,357.8104,2.936729,(0.0_ -0.1_ 1.0)
9.460357,-0.34488,1.151112,7.338365,3.079771,357.8051,2.936561,(0.0_ -0.1_ 1.0)
9.471405,-0.344862,1.151115,7.415701,3.073765,357.805,2.922904,(0.0_ -0.1_ 1.0)
9.484187,-0.3449,1.151099,7.505171,3.071751,357.8025,2.917735,(0.0_ -0.1_ 1.0)
9.493976,-0.344883,1.151098,7.573685,3.07,357.8113,2.914159,(0.0_ -0.1_ 1.0)
9.504649,-0.344818,1.15111,7.648401,3.066926,357.8166,2.908051,(0.0_ -0.1_ 1.0)
9.516191,-0.344784,1.151123,7.729198,3.067048,357.829,2.885559,(0.0_ -0.1_ 1.0)
9.526717,-0.344802,1.151108,7.802889,3.068014,357.8305,2.895994,(0.0_ -0.1_ 1.0)
9.537818,-0.344767,1.151102,7.8806,3.074134,357.8386,2.89161,(0.0_ -0.1_ 1.0)
9.548926,-0.344718,1.151096,7.958359,3.077184,357.838,2.891185,(0.0_ -0.1_ 1.0)
9.560397,-0.344713,1.151082,8.038665,3.094925,357.8384,2.885851,(0.0_ -0.1_ 1.0)
9.571587,-0.344678,1.15107,8.116997,3.107511,357.8429,2.879718,(0.0_ -0.1_ 1.0)
9.582136,-0.344588,1.151074,8.190848,3.109244,357.8513,2.872859,(0.0_ -0.1_ 1.0)
9.59416,-0.344551,1.151054,8.275017,3.119876,357.8479,2.862339,(0.0_ -0.1_ 1.0)
9.60438,-0.344581,1.151015,8.34656,3.125412,357.8514,2.854134,(0.0_ -0.1_ 1.0)
9.61611,-0.344545,1.150997,8.428659,3.137388,357.8461,2.851643,(0.0_ -0.1_ 1.0)
9.626764,-0.344493,1.150989,8.503237,3.134621,357.8434,2.840176,(0.0_ -0.1_ 1.0)
9.638368,-0.344467,1.150974,8.584452,3.140649,357.8366,2.837837,(0.0_ -0.1_ 1.0)
9.648972,-0.344451,1.15095,8.658672,3.141117,357.8285,2.831379,(0.0_ -0.1_ 1.0)
9.660674,-0.34438,1.150962,8.740568,3.1496,357.8214,2.823681,(0.0_ -0.1_ 1.0)
9.671638,-0.344354,1.150955,8.817306,3.150246,357.8155,2.818324,(0.0_ -0.1_ 1.0)
9.684419,-0.344399,1.150934,8.906752,3.154686,357.8145,2.817127,(0.0_ -0.1_ 1.0)
9.694057,-0.344388,1.150928,8.974211,3.153597,357.8176,2.810532,(0.0_ -0.1_ 1.0)
9.704793,-0.34433,1.150937,9.049345,3.154555,357.8193,2.80743,(0.0_ -0.1_ 1.0)
9.716162,-0.34431,1.150933,9.128903,3.157154,357.8243,2.803465,(0.0_ -0.1_ 1.0)
9.727033,-0.34433,1.150909,9.20498,3.155457,357.8243,2.804043,(0.0_ -0.1_ 1.0)
9.738187,-0.344313,1.150903,9.283039,3.154068,357.8271,2.801787,(0.0_ -0.1_ 1.0)
9.749282,-0.344274,1.150907,9.360679,3.15301,357.827,2.799454,(0.0_ -0.1_ 1.0)
9.760579,-0.344307,1.150895,9.439742,3.150563,357.8334,2.80495,(0.0_ -0.1_ 1.0)
9.771287,-0.344287,1.150896,9.514668,3.148792,357.8348,2.810268,(0.0_ -0.1_ 1.0)
9.782385,-0.344201,1.150912,9.592328,3.139611,357.8327,2.806882,(0.0_ -0.1_ 1.0)
9.794065,-0.344187,1.150911,9.674069,3.134374,357.8322,2.805226,(0.0_ -0.1_ 1.0)
9.804771,-0.344231,1.150886,9.748988,3.122119,357.8382,2.803432,(0.0_ -0.1_ 1.0)
9.816356,-0.344206,1.150885,9.830052,3.124977,357.8249,2.797563,(0.0_ -0.1_ 1.0)
9.827099,-0.344159,1.150887,9.905236,3.124087,357.8254,2.792222,(0.0_ -0.1_ 1.0)
9.838286,-0.344152,1.150877,9.983534,3.120574,357.8254,2.785667,(0.0_ -0.1_ 1.0)
9.848935,-0.344156,1.150864,10.05806,3.12208,357.8234,2.785022,(0.0_ -0.1_ 1.0)
9.860919,-0.344106,1.150867,10.14193,3.120041,357.8245,2.778594,(0.0_ -0.1_ 1.0)
9.871595,-0.344094,1.150872,10.21664,3.126782,357.8197,2.771995,(0.0_ -0.1_ 1.0)
9.882261,-0.344167,1.150838,10.29131,3.113766,357.8325,2.784315,(0.0_ -0.1_ 1.0)
9.896353,-0.344155,1.150843,10.38994,3.116346,357.8308,2.787279,(0.0_ -0.1_ 1.0)
9.904589,-0.3441,1.15086,10.44759,3.114461,357.8356,2.780921,(0.0_ -0.1_ 1.0)
9.916408,-0.344096,1.150865,10.53032,3.115994,357.842,2.777401,(0.0_ -0.1_ 1.0)
9.927182,-0.344128,1.150845,10.60575,3.103888,357.8552,2.780531,(0.0_ -0.1_ 1.0)
9.938494,-0.344123,1.150851,10.68494,3.10954,357.8559,2.778552,(0.0_ -0.1_ 1.0)
9.948704,-0.34411,1.150851,10.75642,3.111782,357.8638,2.776717,(0.0_ -0.1_ 1.0)
9.960667,-0.344161,1.150816,10.84017,3.106513,357.8717,2.773515,(0.0_ -0.1_ 1.0)
9.971775,-0.344154,1.15082,10.91794,3.118855,357.8681,2.778146,(0.0_ -0.1_ 1.0)
9.982393,-0.344091,1.150836,10.99228,3.129083,357.8756,2.775223,(0.0_ -0.1_ 1.0)
9.994022,-0.344095,1.150831,11.07369,3.1309,357.8778,2.766493,(0.0_ -0.1_ 1.0)
10.00447,-0.344143,1.15082,11.14684,3.137328,357.8701,2.772777,(0.0_ -0.1_ 1.0)
10.01622,-0.344155,1.150822,11.22911,3.135592,357.8766,2.771133,(0.0_ -0.1_ 1.0)
10.02695,-0.344126,1.150836,11.30426,3.130854,357.8743,2.768918,(0.0_ -0.1_ 1.0)
10.0385,-0.344129,1.150838,11.38509,3.124346,357.8682,2.773391,(0.0_ -0.1_ 1.0)
10.0492,-0.344159,1.150834,11.46,3.121156,357.8699,2.767477,(0.0_ -0.1_ 1.0)
10.06055,-0.344127,1.150837,11.53947,3.119031,357.8714,2.768712,(0.0_ -0.1_ 1.0)
10.07159,-0.344136,1.150838,11.61674,3.134299,357.8602,2.754782,(0.0_ -0.1_ 1.0)
10.08231,-0.344219,1.150804,11.69181,3.138348,357.8677,2.760146,(0.0_ -0.1_ 1.0)
10.09635,-0.344219,1.150804,11.79013,3.146423,357.8645,2.759199,(0.0_ -0.1_ 1.0)
10.10454,-0.344172,1.150814,11.84746,3.144111,357.8676,2.755024,(0.0_ -0.1_ 1.0)
10.11604,-0.344174,1.150816,11.92798,3.150506,357.8681,2.75734,(0.0_ -0.1_ 1.0)
10.12739,-0.344219,1.150802,12.00747,3.153079,357.8741,2.766559,(0.0_ -0.1_ 1.0)
10.13826,-0.344218,1.150792,12.08356,3.151302,357.8664,2.769809,(0.0_ -0.1_ 1.0)
10.14928,-0.34421,1.150782,12.16076,3.151923,357.8649,2.779579,(0.0_ -0.1_ 1.0)
10.16076,-0.344266,1.150756,12.24114,3.155877,357.8674,2.793701,(0.0_ -0.1_ 1.0)
10.17186,-0.344277,1.15074,12.31887,3.150381,357.8681,2.801594,(0.0_ -0.1_ 1.0)
10.18648,-0.344243,1.150748,12.42124,3.151491,357.8689,2.806265,(0.0_ -0.1_ 1.0)
10.19381,-0.344252,1.150753,12.47256,3.157112,357.8624,2.811014,(0.0_ -0.1_ 1.0)
10.20564,-0.344296,1.150743,12.5554,3.155753,357.8534,2.807604,(0.0_ -0.1_ 1.0)
10.2171,-0.344298,1.150731,12.63559,3.146708,357.8369,2.801361,(0.0_ -0.1_ 1.0)
10.22805,-0.344281,1.150734,12.71232,3.151713,357.8227,2.783768,(0.0_ -0.1_ 1.0)
10.23951,-0.344285,1.150725,12.79256,3.161354,357.8216,2.778974,(0.0_ -0.1_ 1.0)
10.24967,-0.344292,1.150705,12.86368,3.171538,357.8151,2.771817,(0.0_ -0.1_ 1.0)
10.2612,-0.344235,1.150692,12.94439,3.185128,357.8035,2.767316,(0.0_ -0.1_ 1.0)
10.27213,-0.344232,1.150684,13.02091,3.207959,357.8069,2.759015,(0.0_ -0.1_ 1.0)
10.2833,-0.344301,1.150649,13.09911,3.215671,357.821,2.757156,(0.0_ -0.1_ 1.0)
10.29647,-0.344284,1.150639,13.19125,3.226668,357.8207,2.756485,(0.0_ -0.1_ 1.0)
10.30506,-0.344226,1.150645,13.25138,3.234589,357.8342,2.755528,(0.0_ -0.1_ 1.0)
10.31647,-0.344209,1.150627,13.3313,3.230159,357.8452,2.753205,(0.0_ -0.1_ 1.0)
10.32726,-0.344235,1.150614,13.40676,3.234736,357.864,2.744398,(0.0_ -0.1_ 1.0)
10.33852,-0.344215,1.150608,13.48559,3.234283,357.8746,2.747588,(0.0_ -0.1_ 1.0)
10.34921,-0.344194,1.150598,13.56044,3.22582,357.891,2.741679,(0.0_ -0.1_ 1.0)
10.36141,-0.344215,1.150578,13.64581,3.228217,357.9006,2.744953,(0.0_ -0.1_ 1.0)
10.3719,-0.3442,1.150566,13.71924,3.226888,357.9076,2.75051,(0.0_ -0.1_ 1.0)
10.38224,-0.34412,1.150588,13.79158,3.22629,357.9125,2.744061,(0.0_ -0.1_ 1.0)
10.39425,-0.344112,1.150584,13.87565,3.220546,357.9208,2.748437,(0.0_ -0.1_ 1.0)
10.40484,-0.344151,1.150578,13.9498,3.217057,357.9178,2.74416,(0.0_ -0.1_ 1.0)
10.41617,-0.34413,1.150581,14.02908,3.209329,357.9101,2.745906,(0.0_ -0.1_ 1.0)
10.42714,-0.344079,1.1506,14.10589,3.206966,357.8994,2.735025,(0.0_ -0.1_ 1.0)
10.43875,-0.344057,1.150612,14.18712,3.206588,357.895,2.731521,(0.0_ -0.1_ 1.0)
10.44888,-0.344064,1.150616,14.25803,3.204752,357.8984,2.729449,(0.0_ -0.1_ 1.0)
10.46073,-0.344001,1.150636,14.34097,3.191733,357.8996,2.723809,(0.0_ -0.1_ 1.0)
10.47179,-0.343977,1.150653,14.41844,3.195661,357.8828,2.714976,(0.0_ -0.1_ 1.0)
10.48228,-0.344021,1.150641,14.49186,3.190892,357.8754,2.714822,(0.0_ -0.1_ 1.0)
10.49438,-0.344006,1.15064,14.57658,3.181318,357.8747,2.711289,(0.0_ -0.1_ 1.0)
10.50678,-0.343929,1.150655,14.66335,3.177562,357.8685,2.708332,(0.0_ -0.1_ 1.0)
10.5161,-0.343899,1.150647,14.72858,3.17372,357.8677,2.706478,(0.0_ -0.1_ 1.0)
10.52731,-0.343902,1.150632,14.80707,3.174848,357.8679,2.698794,(0.0_ -0.1_ 1.0)
10.53842,-0.34387,1.150616,14.88487,3.175533,357.88,2.69634,(0.0_ -0.1_ 1.0)
10.54929,-0.343826,1.150618,14.96093,3.181362,357.8757,2.691448,(0.0_ -0.1_ 1.0)
10.56052,-0.343834,1.150596,15.03959,3.189587,357.8817,2.695794,(0.0_ -0.1_ 1.0)
10.57195,-0.343811,1.150593,15.11955,3.195107,357.8836,2.695212,(0.0_ -0.1_ 1.0)
10.58236,-0.343709,1.150597,15.19248,3.20151,357.8915,2.690405,(0.0_ -0.1_ 1.0)
10.59448,-0.343688,1.15059,15.27731,3.207479,357.893,2.68619,(0.0_ -0.1_ 1.0)
10.60466,-0.343713,1.150565,15.34863,3.223494,357.8955,2.675864,(0.0_ -0.1_ 1.0)
10.6166,-0.343702,1.150557,15.43222,3.223532,357.8977,2.678322,(0.0_ -0.1_ 1.0)
10.62693,-0.343645,1.150557,15.50451,3.237951,357.903,2.67143,(0.0_ -0.1_ 1.0)
10.63857,-0.343633,1.150548,15.58603,3.247052,357.9048,2.662654,(0.0_ -0.1_ 1.0)
10.64926,-0.343627,1.150527,15.66086,3.265275,357.9081,2.657469,(0.0_ -0.1_ 1.0)
10.66077,-0.343571,1.150525,15.74143,3.283442,357.9132,2.638227,(0.0_ -0.1_ 1.0)
10.67199,-0.343546,1.150512,15.81997,3.294784,357.9119,2.642036,(0.0_ -0.1_ 1.0)
10.68223,-0.343607,1.150478,15.89168,3.300745,357.9161,2.636132,(0.0_ -0.1_ 1.0)
10.69408,-0.343596,1.150469,15.97459,3.299576,357.9221,2.628592,(0.0_ -0.1_ 1.0)
10.7048,-0.343528,1.150484,16.04964,3.299035,357.9292,2.621997,(0.0_ -0.1_ 1.0)
10.7183,-0.343514,1.15049,16.14414,3.299616,357.929,2.624113,(0.0_ -0.1_ 1.0)
10.72695,-0.343537,1.150474,16.20471,3.290332,357.9418,2.629995,(0.0_ -0.1_ 1.0)
10.73834,-0.343529,1.150478,16.28444,3.294362,357.9381,2.630497,(0.0_ -0.1_ 1.0)
10.74956,-0.34351,1.150482,16.36296,3.295457,357.9394,2.629757,(0.0_ -0.1_ 1.0)
10.7609,-0.343541,1.15047,16.44234,3.306274,357.9407,2.629333,(0.0_ -0.1_ 1.0)
10.77159,-0.343546,1.150456,16.51715,3.308853,357.9511,2.632257,(0.0_ -0.1_ 1.0)
10.78251,-0.343478,1.150476,16.59358,3.3167,357.9484,2.623701,(0.0_ -0.1_ 1.0)
10.79444,-0.343484,1.150467,16.67704,3.318812,357.9513,2.622756,(0.0_ -0.1_ 1.0)
10.80476,-0.343548,1.150439,16.74931,3.323638,357.9587,2.63155,(0.0_ -0.1_ 1.0)
10.81639,-0.343555,1.150435,16.83074,3.32409,357.9529,2.630519,(0.0_ -0.1_ 1.0)
10.82711,-0.343533,1.150435,16.90571,3.326777,357.9508,2.638723,(0.0_ -0.1_ 1.0)
10.83847,-0.343526,1.150418,16.98528,3.332873,357.9373,2.65789,(0.0_ -0.1_ 1.0)
10.84914,-0.34357,1.150406,17.05996,3.329852,357.9436,2.654846,(0.0_ -0.1_ 1.0)
10.86125,-0.343541,1.150411,17.1447,3.332729,357.9365,2.649235,(0.0_ -0.1_ 1.0)
10.87194,-0.343554,1.150403,17.21953,3.336603,357.9307,2.650682,(0.0_ -0.1_ 1.0)
10.88249,-0.34364,1.150378,17.2934,3.335903,357.9303,2.653237,(0.0_ -0.1_ 1.0)
10.89405,-0.343661,1.150374,17.37431,3.338243,357.9284,2.650351,(0.0_ -0.1_ 1.0)
10.90508,-0.343632,1.150388,17.45147,3.338776,357.9256,2.647468,(0.0_ -0.1_ 1.0)
10.91857,-0.34365,1.150376,17.54593,3.332821,357.923,2.64701,(0.0_ -0.1_ 1.0)
10.92723,-0.343709,1.150362,17.60654,3.333923,357.9271,2.651689,(0.0_ -0.1_ 1.0)
10.93855,-0.343723,1.150366,17.68574,3.340309,357.9262,2.655378,(0.0_ -0.1_ 1.0)
10.94936,-0.343722,1.150369,17.76147,3.33993,357.9255,2.654445,(0.0_ -0.1_ 1.0)
10.96103,-0.34377,1.150359,17.84314,3.342011,357.9261,2.657307,(0.0_ -0.1_ 1.0)
10.97187,-0.343778,1.150361,17.91901,3.341568,357.9283,2.657633,(0.0_ -0.1_ 1.0)
10.98244,-0.343716,1.150375,17.99297,3.331245,357.9333,2.656868,(0.0_ -0.1_ 1.0)
10.99445,-0.343717,1.150385,18.07703,3.338257,357.9273,2.657949,(0.0_ -0.1_ 1.0)
11.00471,-0.34378,1.150365,18.14882,3.334785,357.9261,2.657263,(0.0_ -0.1_ 1.0)
11.01616,-0.343788,1.150365,18.22896,3.336881,357.9267,2.657938,(0.0_ -0.1_ 1.0)
11.0275,-0.343768,1.150375,18.30832,3.350411,357.929,2.645792,(0.0_ -0.1_ 1.0)
11.0386,-0.343763,1.15037,18.38601,3.349534,357.9175,2.63616,(0.0_ -0.1_ 1.0)
11.04978,-0.343784,1.15037,18.46426,3.350179,357.9233,2.640646,(0.0_ -0.1_ 1.0)
11.06105,-0.343752,1.150389,18.54312,3.349141,357.9221,2.629276,(0.0_ -0.1_ 1.0)
11.07221,-0.343759,1.150401,18.6212,3.345706,357.9235,2.628146,(0.0_ -0.1_ 1.0)
11.08271,-0.343823,1.150397,18.69468,3.341568,357.9194,2.632191,(0.0_ -0.1_ 1.0)
11.09412,-0.343828,1.150412,18.77446,3.326787,357.9257,2.637702,(0.0_ -0.1_ 1.0)
11.10539,-0.343771,1.150443,18.85333,3.310621,357.9216,2.636249,(0.0_ -0.1_ 1.0)
11.1185,-0.343765,1.150458,18.94504,3.296932,357.9232,2.637685,(0.0_ -0.1_ 1.0)
11.12756,-0.343781,1.15047,19.00842,3.292035,357.9196,2.637609,(0.0_ -0.1_ 1.0)
11.13857,-0.343756,1.150486,19.08543,3.278333,357.9165,2.636396,(0.0_ -0.1_ 1.0)
11.14958,-0.34373,1.150509,19.16245,3.27051,357.9211,2.632867,(0.0_ -0.1_ 1.0)
11.16123,-0.343738,1.150515,19.24394,3.251863,357.9194,2.635094,(0.0_ -0.1_ 1.0)
11.17181,-0.343709,1.150543,19.31796,3.233805,357.9185,2.626638,(0.0_ -0.1_ 1.0)
11.18283,-0.343617,1.150589,19.39505,3.214596,357.9304,2.627661,(0.0_ -0.1_ 1.0)
11.19441,-0.34358,1.150615,19.47604,3.198634,357.93,2.627685,(0.0_ -0.1_ 1.0)
11.20483,-0.343592,1.150624,19.54894,3.183875,357.9328,2.629603,(0.0_ -0.1_ 1.0)
11.21666,-0.343538,1.150629,19.6317,3.158843,357.9344,2.630332,(0.0_ -0.1_ 1.0)
11.22766,-0.343484,1.150636,19.70866,3.161242,357.943,2.627308,(0.0_ -0.1_ 1.0)
11.23861,-0.343432,1.150627,19.78522,3.157413,357.9461,2.619385,(0.0_ -0.1_ 1.0)
11.24948,-0.343381,1.150606,19.86126,3.156511,357.9446,2.608476,(0.0_ -0.1_ 1.0)
11.2614,-0.343287,1.150614,19.94462,3.162492,357.9538,2.591295,(0.0_ -0.1_ 1.0)
11.2721,-0.343221,1.150614,20.0194,3.160666,357.9604,2.570232,(0.0_ -0.1_ 1.0)
11.28288,-0.343205,1.150609,20.09479,3.159369,357.9453,2.549562,(0.0_ -0.1_ 1.0)
11.29461,-0.343145,1.150626,20.17686,3.137899,357.9708,2.515477,(0.0_ -0.1_ 1.0)
11.30533,-0.343019,1.150657,20.25178,3.128991,357.9674,2.493081,(0.0_ -0.1_ 1.0)
11.31685,-0.34296,1.15067,20.33239,3.117053,357.9849,2.468297,(0.0_ -0.1_ 1.0)
11.33019,-0.342879,1.150666,20.42566,3.094128,358.0198,2.450764,(0.0_ -0.1_ 1.0)
11.33919,-0.342805,1.150666,20.48858,3.097827,358.0123,2.439908,(0.0_ -0.1_ 1.0)
11.34928,-0.342703,1.150677,20.55912,3.081712,358.0483,2.42139,(0.0_ -0.1_ 1.0)
11.36124,-0.342567,1.150661,20.6428,3.058731,358.0654,2.414244,(0.0_ -0.1_ 1.0)
11.37212,-0.342458,1.150681,20.71892,3.069527,358.0691,2.400331,(0.0_ -0.1_ 1.0)
11.38311,-0.342316,1.150697,20.7958,3.054929,358.0742,2.402563,(0.0_ -0.1_ 1.0)
11.39443,-0.342186,1.150743,20.87497,3.026951,358.0966,2.402436,(0.0_ -0.1_ 1.0)
11.40543,-0.342024,1.150798,20.95199,2.997455,358.0767,2.390169,(0.0_ -0.1_ 1.0)
11.41673,-0.341897,1.150873,21.03104,2.963031,358.0758,2.359507,(0.0_ -0.1_ 1.0)
11.43132,-0.341688,1.150912,21.13325,2.88178,358.053,2.333044,(0.0_ -0.1_ 1.0)
11.43912,-0.341571,1.150905,21.18789,2.878703,358.0536,2.360155,(0.0_ -0.1_ 1.0)
11.45106,-0.341377,1.150876,21.27159,2.831426,358.0002,2.365587,(0.0_ 0.0_ 1.0)
11.46206,-0.341135,1.150838,21.3487,2.840984,357.9799,2.396158,(0.0_ 0.0_ 1.0)
11.47276,-0.3409,1.150808,21.42374,2.893048,357.9092,2.43425,(0.0_ -0.1_ 1.0)
11.48366,-0.340588,1.150764,21.50019,2.931071,357.8524,2.4571,(0.0_ -0.1_ 1.0)
11.49566,-0.340152,1.150725,21.58437,2.986747,357.7922,2.478661,(0.0_ -0.1_ 1.0)
11.50589,-0.339748,1.150676,21.6561,3.026761,357.7303,2.459421,(0.0_ -0.1_ 1.0)
11.51701,-0.339203,1.15063,21.73414,3.077276,357.6848,2.464512,(0.0_ -0.1_ 1.0)
11.53016,-0.33847,1.150523,21.82635,3.079632,357.6671,2.449174,(0.0_ -0.1_ 1.0)
11.53872,-0.337921,1.150437,21.88647,3.130932,357.6559,2.43927,(0.0_ -0.1_ 1.0)
11.54982,-0.337088,1.150357,21.96432,3.19117,357.6164,2.426353,(0.0_ -0.1_ 1.0)
11.56123,-0.336154,1.150244,22.04439,3.214714,357.6479,2.432176,(0.0_ -0.1_ 1.0)
11.57207,-0.33514,1.150146,22.12041,3.249175,357.6496,2.405508,(0.0_ -0.1_ 1.0)
11.58271,-0.333995,1.150012,22.19504,3.328107,357.6703,2.384275,(0.0_ -0.1_ 1.0)
11.59443,-0.332646,1.149882,22.27717,3.358638,357.7264,2.3667,(0.0_ -0.1_ 1.0)
11.60523,-0.331232,1.149809,22.35287,3.453778,357.7746,2.336945,(0.0_ -0.1_ 1.0)
11.61678,-0.329638,1.149695,22.43378,3.478239,357.868,2.340607,(0.0_ -0.1_ 1.0)
11.62781,-0.327978,1.149651,22.51109,3.521415,357.9163,2.298715,(0.0_ -0.1_ 1.0)
11.63877,-0.326237,1.149583,22.58785,3.507948,358.0199,2.278792,(0.0_ -0.1_ 1.0)
11.64953,-0.324366,1.149572,22.66324,3.519809,358.0923,2.256905,(0.0_ -0.1_ 1.0)
11.66116,-0.322204,1.1496,22.74473,3.506076,358.1696,2.243666,(0.0_ -0.1_ 1.0)
11.67207,-0.320051,1.149649,22.82118,3.475711,358.2688,2.20754,(0.0_ -0.1_ 1.0)
11.68286,-0.317734,1.14974,22.89682,3.444296,358.3494,2.193962,(0.0_ -0.1_ 1.0)
11.69418,-0.315157,1.149811,22.97617,3.377556,358.4312,2.145157,(0.0_ -0.1_ 1.0)
11.70507,-0.31249,1.149881,23.05251,3.31812,358.507,2.126035,(0.0_ -0.1_ 1.0)
11.71654,-0.309511,1.149947,23.13297,3.274456,358.5986,2.104779,(0.0_ -0.1_ 1.0)
11.7273,-0.306528,1.149963,23.20845,3.23768,358.6904,2.087264,(0.0_ -0.1_ 1.0)
11.74103,-0.30252,1.149926,23.30472,3.214307,358.7851,2.077493,(0.0_ -0.1_ 1.0)
11.74934,-0.299863,1.149902,23.36311,3.229061,358.8797,2.055061,(0.0_ -0.1_ 1.0)
11.76064,-0.296153,1.149852,23.44243,3.239748,358.9633,2.016438,(0.0_ -0.1_ 1.0)
11.77186,-0.292236,1.149845,23.52114,3.274713,359.0175,1.97427,(0.0_ -0.1_ 1.0)
11.78267,-0.288276,1.149832,23.5971,3.29939,359.1255,1.986237,(0.0_ -0.1_ 1.0)
11.79442,-0.283744,1.149856,23.67965,3.321746,359.209,1.965352,(0.0_ -0.1_ 1.0)
11.80521,-0.279352,1.149894,23.75547,3.332816,359.2936,1.93964,(0.0_ -0.1_ 1.0)
11.81648,-0.274552,1.149916,23.83472,3.317152,359.405,1.952303,(0.0_ -0.1_ 1.0)
11.8275,-0.269634,1.149964,23.91217,3.311155,359.5043,1.943397,(0.0_ -0.1_ 1.0)
11.83891,-0.264299,1.150016,23.9924,3.331436,359.6005,1.959506,(0.0_ -0.1_ 1.0)
11.84974,-0.259039,1.149983,24.06854,3.323058,359.6747,1.973921,(0.0_ -0.1_ 1.0)
11.86093,-0.253292,1.149957,24.14729,3.342046,359.7859,1.989481,(0.0_ -0.1_ 1.0)
11.87201,-0.247469,1.149903,24.2251,3.354062,359.8261,1.964479,(0.0_ -0.1_ 1.0)
11.88265,-0.241476,1.14985,24.30001,3.435222,359.9701,1.96437,(0.0_ -0.1_ 1.0)
11.89461,-0.234551,1.149774,24.38405,3.488501,0.009718,1.945103,(0.0_ -0.1_ 1.0)
11.90509,-0.228246,1.149692,24.45778,3.522069,0.081449,1.915846,(0.0_ -0.1_ 1.0)
11.91627,-0.221291,1.149654,24.53637,3.58853,0.15996,1.900184,(0.0_ -0.1_ 1.0)
11.92757,-0.213961,1.149628,24.61579,3.622982,0.212559,1.885872,(0.0_ -0.1_ 1.0)
11.941,-0.204988,1.149671,24.71002,3.670605,0.268805,1.870671,(0.0_ -0.1_ 1.0)
11.94953,-0.199025,1.149672,24.7701,3.662517,0.331792,1.871409,(0.0_ -0.1_ 1.0)
11.96093,-0.19086,1.149665,24.85016,3.677037,0.407475,1.862462,(0.0_ -0.1_ 1.0)
11.97277,-0.182101,1.149626,24.93322,3.681702,0.480307,1.856939,(0.0_ -0.1_ 1.0)
11.98255,-0.174436,1.149565,25.00214,3.719406,0.537877,1.827587,(0.0_ -0.1_ 1.0)
11.99487,-0.164577,1.149485,25.08864,3.775667,0.583081,1.803401,(0.0_ -0.1_ 1.0)
12.00519,-0.156133,1.149415,25.16108,3.796791,0.684844,1.801725,(0.0_ -0.1_ 1.0)
12.01636,-0.146601,1.149371,25.23958,3.880719,0.732038,1.718363,(0.0_ -0.1_ 1.0)
12.02733,-0.137012,1.149357,25.31659,3.943823,0.822414,1.698293,(0.0_ -0.1_ 1.0)
12.03871,-0.126786,1.149352,25.39637,3.993194,0.887245,1.644741,(0.0_ -0.1_ 1.0)
12.04982,-0.116508,1.149297,25.47429,4.006332,0.989286,1.62491,(0.0_ -0.1_ 1.0)
12.06122,-0.105626,1.149235,25.5542,4.024773,1.055624,1.607605,(0.0_ -0.1_ 1.0)
12.07203,-0.095061,1.149202,25.6299,4.067659,1.159819,1.580367,(0.0_ -0.1_ 1.0)
12.08285,-0.084234,1.149147,25.7057,4.11281,1.290669,1.551707,(0.0_ -0.1_ 1.0)
12.09414,-0.07257,1.149084,25.78479,4.149262,1.35531,1.542158,(0.0_ -0.1_ 1.0)
12.10513,-0.060949,1.149024,25.86169,4.198429,1.433718,1.507856,(0.0_ -0.1_ 1.0)
12.11641,-0.048803,1.148965,25.94057,4.258345,1.566004,1.464085,(0.0_ -0.1_ 1.0)
12.12777,-0.03621,1.148876,26.01995,4.311416,1.65669,1.456864,(0.0_ -0.1_ 1.0)
12.14103,-0.021268,1.148827,26.1124,4.387143,1.765931,1.40686,(0.0_ -0.1_ 1.0)
12.1497,-0.011105,1.148758,26.17309,4.46082,1.86719,1.403934,(0.0_ -0.1_ 1.0)
12.16101,0.002309,1.14864,26.25205,4.464764,1.952459,1.374906,(0.0_ -0.1_ 1.0)
12.1722,0.015851,1.148586,26.33,4.532008,2.04697,1.35243,(0.0_ -0.1_ 1.0)
12.18271,0.028898,1.148485,26.40333,4.554096,2.137946,1.335805,(0.0_ -0.1_ 1.0)
12.19462,0.043898,1.148407,26.48617,4.616686,2.270624,1.323897,(0.0_ -0.1_ 1.0)
12.20546,0.057902,1.148287,26.56161,4.637069,2.370277,1.285669,(0.0_ -0.1_ 1.0)
12.21645,0.072381,1.148194,26.63798,4.693082,2.472785,1.244445,(0.0_ -0.1_ 1.0)
12.22803,0.087909,1.148102,26.71842,4.743298,2.617868,1.24576,(0.0_ -0.1_ 1.0)
12.23927,0.103321,1.148034,26.79642,4.808443,2.721785,1.224632,(0.0_ -0.1_ 1.0)
12.24957,0.117752,1.147975,26.86788,4.855206,2.826758,1.232442,(0.0_ -0.1_ 1.0)
12.26151,0.134683,1.147953,26.95064,4.87274,2.957433,1.224996,(0.1_ -0.1_ 1.0)
12.27206,0.150006,1.147947,27.0238,4.907514,3.086556,1.242005,(0.1_ -0.1_ 1.0)
12.28281,0.165865,1.147912,27.09821,4.889066,3.194562,1.257495,(0.1_ -0.1_ 1.0)
12.29431,0.183166,1.147911,27.1779,4.923372,3.315128,1.248428,(0.1_ -0.1_ 1.0)
12.30546,0.200241,1.147869,27.25506,4.925723,3.435134,1.239345,(0.1_ -0.1_ 1.0)
12.31629,0.217176,1.147817,27.33013,4.940791,3.557122,1.184843,(0.1_ -0.1_ 1.0)
12.32765,0.235243,1.147735,27.40882,4.972904,3.659066,1.121966,(0.1_ -0.1_ 1.0)
12.33874,0.253055,1.147682,27.48552,5.024359,3.802337,1.075671,(0.1_ -0.1_ 1.0)
12.35183,0.274244,1.14752,27.57585,5.023441,3.946778,1.04161,(0.1_ -0.1_ 1.0)
12.36143,0.290226,1.147445,27.64235,5.069421,4.07016,1.034274,(0.1_ -0.1_ 1.0)
12.37222,0.308329,1.147323,27.71693,5.129145,4.189264,0.990564,(0.1_ -0.1_ 1.0)
12.38276,0.326284,1.147234,27.78974,5.211119,4.27803,0.963642,(0.1_ -0.1_ 1.0)
12.39465,0.346705,1.147141,27.87167,5.305157,4.378729,0.921726,(0.1_ -0.1_ 1.0)
12.405,0.364762,1.146994,27.94306,5.37719,4.502793,0.911984,(0.1_ -0.1_ 1.0)
12.41679,0.385524,1.146846,28.02414,5.464165,4.602355,0.900341,(0.1_ -0.1_ 1.0)
12.42757,0.404793,1.146728,28.09821,5.599098,4.670691,0.879963,(0.1_ -0.1_ 1.0)
12.43883,0.425069,1.146597,28.17546,5.726325,4.760825,0.836758,(0.1_ -0.1_ 1.0)
12.44951,0.44454,1.146422,28.24875,5.824607,4.884061,0.836697,(0.1_ -0.1_ 1.0)
12.46129,0.46619,1.146295,28.32935,5.961993,4.971765,0.806826,(0.1_ -0.1_ 1.0)
12.47275,0.487517,1.146106,28.40771,6.045252,5.040015,0.788284,(0.1_ -0.1_ 1.0)
12.48289,0.506569,1.14596,28.47702,6.145741,5.153611,0.748281,(0.1_ -0.1_ 1.0)
12.49466,0.528819,1.145785,28.55728,6.201615,5.268459,0.746875,(0.1_ -0.1_ 1.0)
12.50553,0.549596,1.145651,28.63142,6.26233,5.376208,0.730919,(0.1_ -0.1_ 1.0)
12.5166,0.570915,1.145514,28.70675,6.308639,5.461802,0.727998,(0.1_ -0.1_ 1.0)
12.52767,0.592397,1.145399,28.78201,6.35051,5.538434,0.696726,(0.1_ -0.1_ 1.0)
12.53886,0.614293,1.145268,28.85804,6.382308,5.627808,0.711689,(0.1_ -0.1_ 1.0)
12.55192,0.63988,1.145184,28.94651,6.426832,5.720978,0.686248,(0.1_ -0.1_ 1.0)
12.56142,0.658783,1.145056,29.01104,6.423042,5.820322,0.68998,(0.1_ -0.1_ 1.0)
12.572,0.679937,1.14498,29.0827,6.447909,5.873862,0.67648,(0.1_ -0.1_ 1.0)
12.58268,0.701344,1.144919,29.15494,6.451203,5.97198,0.656544,(0.1_ -0.1_ 1.0)
12.59446,0.725074,1.144848,29.23459,6.412876,6.06253,0.627674,(0.1_ -0.1_ 1.0)
12.60979,0.755965,1.144851,29.33802,6.414282,6.175057,0.629549,(0.1_ -0.1_ 1.0)
12.61668,0.770176,1.144872,29.38467,6.39365,6.250801,0.615003,(0.1_ -0.1_ 1.0)
12.6289,0.795171,1.144886,29.4671,6.348636,6.343825,0.626833,(0.1_ -0.1_ 1.0)
12.63983,0.817683,1.144978,29.54087,6.328609,6.44079,0.631917,(0.1_ -0.1_ 1.0)
12.65024,0.839231,1.145052,29.61113,6.289328,6.556683,0.658371,(0.1_ -0.1_ 1.0)
12.66197,0.863509,1.145123,29.6902,6.213926,6.685373,0.679732,(0.1_ -0.1_ 1.0)
12.67284,0.886142,1.14524,29.76344,6.154044,6.778184,0.696014,(0.1_ -0.1_ 1.0)
12.68343,0.908263,1.145402,29.83478,6.085789,6.883152,0.708284,(0.1_ -0.1_ 1.0)
12.69474,0.931967,1.14552,29.91098,5.970401,6.977107,0.743824,(0.1_ -0.1_ 1.0)
12.7054,0.954354,1.14574,29.98277,5.919599,7.096645,0.758412,(0.1_ -0.1_ 1.0)
12.71662,0.978011,1.14595,30.05833,5.852761,7.158869,0.74827,(0.1_ -0.1_ 1.0)
12.72768,1.001325,1.146121,30.1328,5.755428,7.289515,0.767985,(0.1_ -0.1_ 1.0)
12.73892,1.02507,1.146296,30.20845,5.653921,7.396715,0.774912,(0.1_ -0.1_ 1.0)
12.75201,1.052749,1.146486,30.29649,5.569108,7.460695,0.793103,(0.1_ -0.1_ 1.0)
12.76165,1.073224,1.14669,30.36148,5.483706,7.54805,0.808159,(0.1_ -0.1_ 1.0)
12.77218,1.095589,1.146877,30.43238,5.38889,7.622768,0.829486,(0.1_ -0.1_ 1.0)
12.78284,1.118274,1.147056,30.50419,5.318491,7.711982,0.866785,(0.1_ -0.1_ 1.0)
12.79473,1.143555,1.147191,30.58426,5.22005,7.778349,0.849361,(0.1_ -0.1_ 1.0)
12.80536,1.166171,1.147308,30.65582,5.142827,7.856463,0.850382,(0.1_ -0.1_ 1.0)
12.81669,1.190307,1.147463,30.73214,5.112705,7.934813,0.848124,(0.1_ -0.1_ 1.0)
12.82767,1.213717,1.147611,30.80612,5.083449,8.00118,0.847816,(0.1_ -0.1_ 1.0)
12.83884,1.237539,1.147701,30.88144,5.060933,8.1043,0.914896,(0.1_ -0.1_ 1.0)
12.84935,1.260013,1.147762,30.95227,5.028731,8.168915,0.964961,(0.1_ -0.1_ 1.0)
12.86119,1.285247,1.147868,31.03203,5.046315,8.266638,1.023594,(0.1_ -0.1_ 1.0)
12.87219,1.308717,1.147951,31.10622,5.02944,8.373878,1.090847,(0.1_ -0.1_ 1.0)
12.88269,1.331157,1.148014,31.1771,5.005263,8.487183,1.170044,(0.1_ -0.1_ 1.0)
12.89473,1.356811,1.148082,31.25825,4.986795,8.624529,1.242537,(0.1_ -0.1_ 1.0)
12.90523,1.379215,1.14819,31.32907,5.002569,8.723488,1.310118,(0.2_ -0.1_ 1.0)
12.91654,1.403307,1.148268,31.40535,5.000345,8.854037,1.398438,(0.2_ -0.1_ 1.0)
12.92753,1.426709,1.148345,31.47952,4.996766,8.970969,1.495188,(0.2_ -0.1_ 1.0)
12.93888,1.450878,1.148423,31.55607,5.006814,9.047462,1.577163,(0.2_ -0.1_ 1.0)
12.94932,1.473112,1.148462,31.62654,4.989228,9.102459,1.670497,(0.2_ -0.1_ 1.0)
12.96297,1.502056,1.148519,31.71849,5.004786,9.166329,1.730865,(0.2_ -0.1_ 1.0)
12.9721,1.521472,1.148553,31.78028,5.027724,9.213605,1.792369,(0.2_ -0.1_ 1.0)
12.98274,1.544076,1.148519,31.85215,5.037662,9.246425,1.834055,(0.2_ -0.1_ 1.0)
12.99438,1.568763,1.148526,31.93068,5.115127,9.28304,1.862358,(0.2_ -0.1_ 1.0)
13.00531,1.591948,1.148469,32.00443,5.174777,9.310056,1.918157,(0.2_ -0.1_ 1.0)
13.01632,1.615333,1.148378,32.07868,5.255421,9.299263,1.950151,(0.2_ -0.1_ 1.0)
13.02766,1.639388,1.148271,32.15513,5.341233,9.32308,2.029322,(0.2_ -0.1_ 1.0)
13.03876,1.662967,1.14812,32.2299,5.422269,9.302978,2.092867,(0.2_ -0.1_ 1.0)
13.04992,1.686662,1.14798,32.3051,5.533694,9.321624,2.159272,(0.2_ -0.1_ 1.0)
13.06149,1.711229,1.147798,32.38298,5.642763,9.33979,2.1897,(0.2_ -0.1_ 1.0)
13.07197,1.733527,1.147586,32.45354,5.750446,9.361154,2.244803,(0.2_ -0.1_ 1.0)
13.08284,1.756655,1.147405,32.52663,5.887891,9.387642,2.275764,(0.2_ -0.1_ 1.0)
13.09414,1.780716,1.147203,32.60261,5.986854,9.434054,2.308387,(0.2_ -0.1_ 1.0)
13.10534,1.804585,1.147053,32.67785,6.101571,9.460617,2.329001,(0.2_ -0.1_ 1.0)
13.11668,1.828755,1.146891,32.75401,6.166947,9.542243,2.375525,(0.2_ -0.1_ 1.0)
13.12755,1.851976,1.146795,32.82701,6.248646,9.588949,2.409456,(0.2_ -0.1_ 1.0)
13.13873,1.875868,1.146695,32.90202,6.268264,9.656825,2.445364,(0.2_ -0.1_ 1.0)
13.14933,1.898586,1.146623,32.97319,6.305162,9.707719,2.489508,(0.2_ -0.1_ 1.0)
13.16354,1.928988,1.146618,33.06836,6.334574,9.787927,2.516617,(0.2_ -0.1_ 1.0)
13.17267,1.948651,1.146639,33.12959,6.351789,9.864135,2.542944,(0.2_ -0.1_ 1.0)
13.18308,1.971051,1.14669,33.19936,6.373912,9.939158,2.58458,(0.2_ -0.1_ 1.0)
13.19464,1.995945,1.146722,33.27675,6.353668,10.01682,2.623253,(0.2_ -0.1_ 1.0)
13.20535,2.019083,1.146743,33.34851,6.311345,10.08598,2.676811,(0.2_ -0.1_ 1.0)
13.2169,2.044054,1.146828,33.42579,6.307805,10.14208,2.698703,(0.2_ -0.1_ 1.0)
13.22783,2.06773,1.146892,33.49891,6.295402,10.19905,2.699118,(0.2_ -0.1_ 1.0)
13.23901,2.091919,1.147012,33.57375,6.195572,10.28671,2.739613,(0.2_ -0.1_ 1.0)
13.24964,2.11503,1.147125,33.64487,6.171803,10.34273,2.755063,(0.2_ -0.1_ 1.0)
13.26108,2.139927,1.147292,33.72134,6.133793,10.35936,2.768953,(0.2_ -0.1_ 1.0)
13.27213,2.163996,1.14742,33.7953,6.060537,10.43219,2.803741,(0.2_ -0.1_ 1.0)
13.28319,2.188215,1.147555,33.86927,6.002057,10.41629,2.834133,(0.2_ -0.1_ 1.0)
13.29449,2.213003,1.147649,33.94487,5.937015,10.4074,2.876904,(0.2_ -0.1_ 1.0)
13.30543,2.237044,1.147722,34.01805,5.878119,10.41164,2.891226,(0.2_ -0.1_ 1.0)
13.31657,2.261621,1.147775,34.0925,5.866632,10.40142,2.894805,(0.2_ -0.1_ 1.0)
13.32769,2.28618,1.147815,34.16679,5.861041,10.41737,2.857045,(0.2_ -0.1_ 1.0)
13.33867,2.310542,1.147837,34.24016,5.876669,10.42852,2.788345,(0.2_ -0.1_ 1.0)
13.3496,2.334827,1.147817,34.31321,5.874474,10.47582,2.742495,(0.2_ -0.1_ 1.0)
13.36364,2.366003,1.147812,34.40681,5.889202,10.50389,2.696337,(0.2_ -0.1_ 1.0)
13.37192,2.384616,1.147796,34.46219,5.893897,10.56461,2.651796,(0.2_ -0.1_ 1.0)
13.38289,2.409195,1.14774,34.53535,5.89935,10.61183,2.629638,(0.2_ -0.1_ 1.0)
13.39503,2.436414,1.147676,34.61631,5.914015,10.69292,2.604003,(0.2_ -0.1_ 1.0)
13.40509,2.459117,1.147625,34.68334,5.954183,10.76585,2.570526,(0.2_ -0.1_ 1.0)
13.41637,2.48455,1.147538,34.75851,5.989202,10.89095,2.543772,(0.2_ -0.1_ 1.0)
13.42764,2.509975,1.14747,34.8336,6.010311,11.00197,2.489238,(0.2_ -0.1_ 1.0)
13.43902,2.535713,1.147407,34.90936,6.039501,11.10008,2.465284,(0.2_ -0.1_ 1.0)
13.44971,2.559884,1.147334,34.98051,6.033832,11.24566,2.4437,(0.2_ -0.1_ 1.0)
13.46097,2.585397,1.147306,35.05544,6.054383,11.34456,2.422168,(0.2_ -0.1_ 1.0)
13.47226,2.610938,1.147297,35.13054,6.068957,11.47969,2.387327,(0.2_ -0.1_ 1.0)
13.48265,2.634574,1.147272,35.19965,6.067085,11.55833,2.395986,(0.2_ -0.1_ 1.0)
13.49509,2.662757,1.147262,35.28241,6.054471,11.66334,2.392938,(0.2_ -0.1_ 1.0)
13.50542,2.686224,1.147275,35.35112,6.055486,11.70613,2.394652,(0.2_ -0.1_ 1.0)
13.51674,2.711883,1.147301,35.42637,6.054269,11.76902,2.376422,(0.2_ -0.1_ 1.0)
13.52783,2.737103,1.147313,35.50007,6.032746,11.84174,2.38296,(0.2_ -0.1_ 1.0)
13.53915,2.762828,1.147332,35.57539,6.032965,11.88451,2.379063,(0.2_ -0.1_ 1.0)
13.55029,2.788222,1.147372,35.64936,6.008158,11.94857,2.382502,(0.2_ -0.1_ 1.0)
13.56318,2.817513,1.147418,35.73491,5.985817,11.9846,2.374027,(0.2_ -0.1_ 1.0)
13.57205,2.837805,1.147487,35.79387,5.949137,12.0251,2.369833,(0.2_ -0.1_ 1.0)
13.58325,2.863386,1.147582,35.86824,5.909348,12.03597,2.366659,(0.2_ -0.1_ 1.0)
13.59452,2.889087,1.147641,35.9431,5.857794,12.07961,2.354722,(0.2_ -0.1_ 1.0)
13.60588,2.915005,1.147729,36.01849,5.822824,12.1053,2.339479,(0.2_ -0.1_ 1.0)
13.61666,2.939635,1.147801,36.09014,5.815378,12.15069,2.332584,(0.2_ -0.1_ 1.0)
13.62742,2.964238,1.147918,36.16162,5.787599,12.19849,2.296301,(0.2_ -0.1_ 1.0)
13.63873,2.990134,1.148007,36.23675,5.732356,12.24689,2.284551,(0.2_ -0.1_ 1.0)
13.64947,3.014731,1.148122,36.30816,5.657972,12.36144,2.262052,(0.2_ -0.1_ 1.0)
13.66102,3.041134,1.148203,36.38488,5.608817,12.46042,2.242938,(0.2_ -0.1_ 1.0)
13.67207,3.066439,1.148269,36.45832,5.57214,12.54082,2.225325,(0.2_ -0.1_ 1.0)
13.68304,3.091568,1.148283,36.53128,5.524199,12.63442,2.234134,(0.2_ -0.1_ 1.0)
13.69455,3.117893,1.14828,36.60777,5.514432,12.68536,2.240673,(0.2_ -0.1_ 1.0)
13.70525,3.142384,1.148236,36.67891,5.513949,12.76043,2.266028,(0.2_ -0.1_ 1.0)
13.71647,3.16802,1.148218,36.75343,5.534675,12.79824,2.266769,(0.2_ -0.1_ 1.0)
13.72742,3.193053,1.148153,36.82629,5.550561,12.87333,2.291047,(0.2_ -0.1_ 1.0)
13.73894,3.21938,1.148101,36.90283,5.606196,12.89255,2.294899,(0.2_ -0.1_ 1.0)
13.74947,3.24341,1.148002,36.97279,5.613726,12.94378,2.29776,(0.2_ -0.1_ 1.0)
13.76125,3.270235,1.147867,37.05107,5.73283,12.96582,2.299384,(0.2_ -0.1_ 1.0)
13.77419,3.29976,1.147745,37.13699,5.779056,12.96488,2.31869,(0.2_ -0.1_ 1.0)
13.78274,3.319289,1.147626,37.19389,5.830021,12.98125,2.336542,(0.2_ -0.1_ 1.0)
13.79458,3.346294,1.147513,37.27249,5.878864,12.97519,2.351911,(0.2_ -0.1_ 1.0)
13.80506,3.370214,1.147404,37.34206,5.922921,12.9542,2.361688,(0.2_ -0.1_ 1.0)
13.81679,3.396974,1.147322,37.41997,5.973719,12.95199,2.353962,(0.2_ -0.1_ 1.0)
13.82775,3.42195,1.147214,37.49273,5.993279,12.97185,2.362781,(0.2_ -0.1_ 1.0)
13.83922,3.44813,1.147133,37.56889,6.026426,12.97461,2.374583,(0.2_ -0.1_ 1.0)
13.84956,3.471716,1.147058,37.63747,6.067263,12.95725,2.385144,(0.2_ -0.1_ 1.0)
13.86139,3.498711,1.147002,37.71603,6.076171,12.9973,2.400647,(0.2_ -0.1_ 1.0)
13.87197,3.522849,1.146965,37.78619,6.110991,13.0014,2.421784,(0.2_ -0.1_ 1.0)
13.88663,3.556262,1.146949,37.8834,6.12442,13.04639,2.451805,(0.2_ -0.1_ 1.0)
13.89431,3.573793,1.146926,37.93434,6.132866,13.04021,2.480017,(0.2_ -0.1_ 1.0)
13.90673,3.602157,1.146925,38.01672,6.122609,13.07483,2.496942,(0.2_ -0.1_ 1.0)
13.91805,3.627991,1.146961,38.09181,6.134453,13.06828,2.533608,(0.2_ -0.1_ 1.0)
13.92867,3.652242,1.147002,38.16219,6.125476,13.06079,2.54848,(0.2_ -0.1_ 1.0)
13.93995,3.67801,1.147032,38.23702,6.101079,13.08635,2.564353,(0.2_ -0.1_ 1.0)
13.95026,3.701599,1.147084,38.30542,6.085106,13.08071,2.569809,(0.2_ -0.1_ 1.0)
13.96161,3.727559,1.147124,38.38071,6.072222,13.10265,2.580387,(0.2_ -0.1_ 1.0)
13.97486,3.75784,1.147155,38.46852,6.045141,13.0914,2.579411,(0.2_ -0.1_ 1.0)
13.9832,3.776957,1.147177,38.52389,6.020773,13.09893,2.576865,(0.2_ -0.1_ 1.0)
13.99469,3.803258,1.14722,38.60002,6.040397,13.10636,2.559063,(0.2_ -0.1_ 1.0)
14.00559,3.828226,1.147209,38.6723,6.037004,13.1323,2.565962,(0.2_ -0.1_ 1.0)
14.01722,3.854871,1.147218,38.74937,6.035336,13.14742,2.555141,(0.2_ -0.1_ 1.0)
14.02821,3.88007,1.14723,38.82219,6.030374,13.16666,2.543844,(0.2_ -0.1_ 1.0)
14.03946,3.905889,1.147241,38.89677,6.03454,13.18891,2.533795,(0.2_ -0.1_ 1.0)
14.04976,3.92959,1.147232,38.96503,6.033659,13.21238,2.531777,(0.2_ -0.1_ 1.0)
14.0612,3.955875,1.147234,39.04086,6.038753,13.24428,2.527109,(0.2_ -0.1_ 1.0)
14.07235,3.981519,1.147224,39.11477,6.03914,13.27364,2.52319,(0.2_ -0.1_ 1.0)
14.08286,4.005699,1.147214,39.18437,6.045588,13.32226,2.524126,(0.2_ -0.1_ 1.0)
14.09439,4.032261,1.147206,39.26083,6.050599,13.35504,2.521086,(0.2_ -0.1_ 1.0)
14.10518,4.057121,1.147192,39.33232,6.054433,13.39712,2.515144,(0.2_ -0.1_ 1.0)
14.11721,4.084833,1.147168,39.41198,6.059674,13.44134,2.519256,(0.2_ -0.1_ 1.0)
14.12744,4.108447,1.147144,39.47976,6.076688,13.49176,2.529406,(0.2_ -0.1_ 1.0)
14.13857,4.134139,1.14713,39.55352,6.091602,13.52425,2.524998,(0.2_ -0.1_ 1.0)
14.14955,4.15948,1.1471,39.62622,6.107382,13.56594,2.54061,(0.2_ -0.1_ 1.0)
14.1614,4.186841,1.14708,39.70469,6.125711,13.5942,2.549446,(0.2_ -0.1_ 1.0)
14.17266,4.212854,1.147047,39.77929,6.141024,13.63926,2.557283,(0.2_ -0.1_ 1.0)
14.185,4.241353,1.147036,39.86098,6.156107,13.65306,2.566589,(0.2_ -0.1_ 1.0)
14.19432,4.262938,1.147026,39.92271,6.172246,13.66534,2.571403,(0.2_ -0.1_ 1.0)
14.20529,4.288292,1.147021,39.99534,6.177372,13.68686,2.576172,(0.2_ -0.1_ 1.0)
14.21661,4.314506,1.147017,40.07026,6.174576,13.68106,2.582343,(0.2_ -0.1_ 1.0)
14.22771,4.340216,1.147027,40.1438,6.167994,13.6855,2.579248,(0.2_ -0.1_ 1.0)
14.23907,4.366526,1.147065,40.21895,6.163695,13.66791,2.569734,(0.2_ -0.1_ 1.0)
14.24975,4.391271,1.147083,40.28967,6.165423,13.67912,2.57962,(0.2_ -0.1_ 1.0)
14.26133,4.418105,1.147106,40.36634,6.146225,13.67527,2.568962,(0.2_ -0.1_ 1.0)
14.27204,4.442965,1.147128,40.43729,6.131099,13.67647,2.567248,(0.2_ -0.1_ 1.0)
14.28286,4.468037,1.147136,40.50896,6.127729,13.70675,2.569904,(0.2_ -0.1_ 1.0)
14.29493,4.496007,1.147151,40.58885,6.125678,13.71143,2.560259,(0.2_ -0.1_ 1.0)
14.30532,4.520121,1.147174,40.65763,6.118825,13.71931,2.552255,(0.2_ -0.1_ 1.0)
14.31697,4.547177,1.147195,40.73477,6.116782,13.72054,2.537275,(0.2_ -0.1_ 1.0)
14.32787,4.572459,1.147176,40.80693,6.113821,13.73042,2.532521,(0.2_ -0.1_ 1.0)
14.33949,4.599417,1.147184,40.88382,6.119248,13.75039,2.514156,(0.2_ -0.1_ 1.0)
14.34957,4.622865,1.147195,40.95059,6.110373,13.76775,2.482553,(0.2_ -0.1_ 1.0)
14.36112,4.649693,1.147209,41.02704,6.129501,13.7869,2.463581,(0.2_ -0.1_ 1.0)
14.37239,4.675855,1.147201,41.10165,6.125693,13.81799,2.454428,(0.2_ -0.1_ 1.0)
14.38326,4.701116,1.147205,41.1736,6.133201,13.84031,2.438697,(0.2_ -0.1_ 1.0)
14.39644,4.731708,1.147198,41.2608,6.13366,13.86499,2.427291,(0.2_ -0.1_ 1.0)
14.40535,4.752437,1.147198,41.31978,6.141265,13.88214,2.41784,(0.2_ -0.1_ 1.0)
14.41664,4.778658,1.147177,41.39444,6.139843,13.90624,2.409526,(0.2_ -0.1_ 1.0)
14.42761,4.804152,1.147175,41.46703,6.157451,13.9407,2.406004,(0.2_ -0.1_ 1.0)
14.43887,4.83032,1.147149,41.54152,6.15989,13.95655,2.394707,(0.2_ -0.1_ 1.0)
14.45,4.856179,1.14713,41.61512,6.165664,13.98035,2.389212,(0.2_ -0.1_ 1.0)
14.46123,4.882273,1.147104,41.68937,6.181103,14.00948,2.381883,(0.2_ -0.1_ 1.0)
14.4722,4.907756,1.147081,41.76189,6.191574,14.03298,2.377524,(0.2_ -0.1_ 1.0)
14.48274,4.93223,1.147057,41.83154,6.192381,14.05281,2.377412,(0.2_ -0.1_ 1.0)
14.4946,4.959802,1.147039,41.90998,6.197495,14.07383,2.377082,(0.2_ -0.1_ 1.0)
14.50516,4.984338,1.147033,41.97976,6.199036,14.09472,2.378266,(0.2_ -0.1_ 1.0)
14.51675,5.011297,1.147042,42.05638,6.20275,14.10265,2.379981,(0.2_ -0.1_ 1.0)
14.52761,5.036538,1.147045,42.12811,6.194781,14.1185,2.38903,(0.2_ -0.1_ 1.0)
14.53897,5.062968,1.147052,42.20322,6.184018,14.12965,2.397829,(0.2_ -0.1_ 1.0)
14.54966,5.087849,1.147063,42.27386,6.175973,14.12745,2.399971,(0.2_ -0.1_ 1.0)
14.56123,5.11476,1.147068,42.35032,6.171474,14.14505,2.4081,(0.2_ -0.1_ 1.0)
14.57234,5.140646,1.147081,42.42375,6.166484,14.14072,2.412852,(0.2_ -0.1_ 1.0)
14.58279,5.164993,1.147093,42.49274,6.139281,14.12955,2.413542,(0.2_ -0.1_ 1.0)
14.59449,5.192277,1.14712,42.57006,6.140812,14.12888,2.40773,(0.2_ -0.1_ 1.0)
14.60772,5.223121,1.147124,42.65749,6.126974,14.14408,2.41114,(0.2_ -0.1_ 1.0)
14.61639,5.243377,1.147173,42.71472,6.112513,14.13414,2.39112,(0.2_ -0.1_ 1.0)
14.6278,5.270019,1.147167,42.7901,6.088906,14.14868,2.401943,(0.2_ -0.1_ 1.0)
14.63943,5.297193,1.147185,42.86694,6.085433,14.15921,2.404622,(0.2_ -0.1_ 1.0)
14.6495,5.320749,1.147188,42.93349,6.0567,14.18079,2.398349,(0.2_ -0.1_ 1.0)
14.66132,5.348387,1.147202,43.01156,6.059489,14.20909,2.398803,(0.2_ -0.1_ 1.0)
14.67225,5.373983,1.147195,43.08374,6.048855,14.2206,2.400051,(0.2_ -0.1_ 1.0)
14.68293,5.398974,1.147209,43.15427,6.057122,14.24774,2.39146,(0.2_ -0.1_ 1.0)
14.69448,5.426055,1.147203,43.23057,6.041628,14.29024,2.380495,(0.2_ -0.1_ 1.0)
14.70536,5.451516,1.147215,43.30238,6.056867,14.29885,2.384341,(0.2_ -0.1_ 1.0)
14.71697,5.478752,1.147212,43.37907,6.044765,14.3606,2.374477,(0.2_ -0.1_ 1.0)
14.7276,5.503664,1.147199,43.44924,6.032879,14.38411,2.357118,(0.2_ -0.1_ 1.0)
14.73882,5.529992,1.147213,43.52338,6.055116,14.39372,2.345711,(0.2_ -0.1_ 1.0)
14.74958,5.555213,1.147195,43.59439,6.044955,14.43094,2.321958,(0.2_ -0.1_ 1.0)
14.76127,5.582629,1.147166,43.67157,6.039579,14.45617,2.311436,(0.2_ -0.1_ 1.0)
14.77222,5.608306,1.147138,43.74385,6.038967,14.47664,2.303474,(0.2_ -0.1_ 1.0)
14.7829,5.633382,1.14711,43.8144,6.03682,14.49822,2.290045,(0.2_ -0.1_ 1.0)
14.79491,5.661551,1.147089,43.8936,6.044404,14.50304,2.267801,(0.2_ -0.1_ 1.0)
14.8075,5.691078,1.147064,43.97671,6.047837,14.53165,2.244655,(0.2_ -0.1_ 1.0)
14.81698,5.713339,1.147045,44.03931,6.043233,14.53939,2.251327,(0.2_ -0.1_ 1.0)
14.82755,5.73816,1.14703,44.10907,6.049311,14.54732,2.23645,(0.2_ -0.1_ 1.0)
14.8388,5.76455,1.14702,44.18328,6.045979,14.56144,2.220422,(0.3_ -0.1_ 1.0)
14.84957,5.78985,1.147022,44.25441,6.045173,14.57509,2.22313,(0.3_ -0.1_ 1.0)
14.86119,5.817125,1.147026,44.33108,6.040041,14.5766,2.206935,(0.3_ -0.1_ 1.0)
14.87238,5.843389,1.147032,44.4049,6.034474,14.59117,2.20616,(0.3_ -0.1_ 1.0)
14.88318,5.868742,1.147039,44.47615,6.023957,14.59847,2.202603,(0.3_ -0.1_ 1.0)
14.89481,5.896063,1.147047,44.55291,6.010172,14.59903,2.208743,(0.3_ -0.1_ 1.0)
14.90533,5.92079,1.147053,44.6223,5.999941,14.59625,2.20348,(0.3_ -0.1_ 1.0)
14.91701,5.948232,1.147066,44.69933,5.993009,14.5867,2.213261,(0.3_ -0.1_ 1.0)
14.92805,5.974187,1.147089,44.77221,5.993771,14.59922,2.208208,(0.3_ -0.1_ 1.0)
14.93916,6.000329,1.147097,44.8455,5.992764,14.60056,2.217968,(0.3_ -0.1_ 1.0)
14.94984,6.025462,1.147111,44.91594,5.988127,14.57724,2.222333,(0.3_ -0.1_ 1.0)
14.96156,6.053074,1.147124,44.99327,5.98676,14.59132,2.223665,(0.3_ -0.1_ 1.0)
14.97264,6.079193,1.147142,45.06635,5.984986,14.58184,2.214767,(0.3_ -0.1_ 1.0)
14.98278,6.103104,1.147149,45.13322,5.971055,14.58339,2.213155,(0.3_ -0.1_ 1.0)
14.99464,6.131101,1.147163,45.21146,5.968625,14.59529,2.215348,(0.3_ -0.1_ 1.0)
15.00576,6.157356,1.147171,45.28479,5.954501,14.59911,2.224299,(0.3_ -0.1_ 1.0)
15.01943,6.189679,1.147172,45.37492,5.943036,14.58642,2.240138,(0.3_ -0.1_ 1.0)
15.02827,6.210611,1.14717,45.43323,5.934659,14.59898,2.258761,(0.3_ -0.1_ 1.0)
15.03903,6.236069,1.14718,45.50415,5.938127,14.61033,2.249796,(0.3_ -0.1_ 1.0)
15.04379,6.247396,1.147183,45.5356,5.938634,14.62607,2.253802,(0.3_ -0.1_ 1.0)
15.05568,6.275579,1.147185,45.61398,5.940352,14.63653,2.253942,(0.3_ -0.1_ 1.0)
15.06593,6.299902,1.147184,45.68153,5.939889,14.64638,2.253486,(0.3_ -0.1_ 1.0)
15.07212,6.314644,1.147189,45.72237,5.941892,14.6625,2.25198,(0.3_ -0.1_ 1.0)
15.08319,6.34095,1.147194,45.7953,5.947555,14.67502,2.243966,(0.3_ -0.1_ 1.0)
15.09475,6.368444,1.147201,45.87152,5.941096,14.69674,2.234548,(0.3_ -0.1_ 1.0)
15.10534,6.393664,1.147219,45.9413,5.937471,14.72412,2.228226,(0.3_ -0.1_ 1.0)
15.11675,6.420826,1.147237,46.01646,5.936038,14.75797,2.222565,(0.3_ -0.1_ 1.0)
15.12749,6.446417,1.147246,46.08718,5.928644,14.7545,2.220044,(0.3_ -0.1_ 1.0)
15.13869,6.473128,1.147261,46.16095,5.924375,14.77031,2.209105,(0.3_ -0.1_ 1.0)
15.15321,6.507739,1.14727,46.25653,5.915383,14.79047,2.208092,(0.3_ -0.1_ 1.0)
15.1613,6.527093,1.147279,46.30982,5.906188,14.79819,2.198879,(0.3_ -0.1_ 1.0)
15.17312,6.555322,1.147291,46.38763,5.900575,14.81416,2.195203,(0.3_ -0.1_ 1.0)
15.18388,6.581035,1.147315,46.45839,5.901235,14.81697,2.172774,(0.3_ -0.1_ 1.0)
15.19535,6.608457,1.147323,46.53393,5.889181,14.84177,2.172811,(0.3_ -0.1_ 1.0)
15.20596,6.633847,1.147339,46.60373,5.879155,14.855,2.164501,(0.3_ -0.1_ 1.0)
15.21918,6.665493,1.14735,46.69073,5.865608,14.87262,2.155736,(0.3_ -0.1_ 1.0)
15.22783,6.686257,1.147371,46.74769,5.858353,14.88735,2.150393,(0.3_ -0.1_ 1.0)
15.23937,6.713943,1.147393,46.82357,5.824732,14.92311,2.142715,(0.3_ -0.1_ 1.0)
15.25007,6.739642,1.147406,46.89395,5.818519,14.92739,2.131401,(0.3_ -0.1_ 1.0)
15.26186,6.767941,1.147445,46.97148,5.801768,14.94551,2.121694,(0.3_ -0.1_ 1.0)
15.2727,6.794006,1.147469,47.0428,5.779618,14.96078,2.119831,(0.3_ -0.1_ 1.0)
15.28304,6.818865,1.147495,47.11083,5.760327,14.99055,2.131285,(0.3_ -0.1_ 1.0)
15.29471,6.846925,1.147526,47.18763,5.763703,14.99769,2.124457,(0.3_ -0.1_ 1.0)
15.30526,6.872328,1.14757,47.25702,5.744935,15.01775,2.1218,(0.3_ -0.1_ 1.0)
15.31622,6.898737,1.147602,47.32912,5.720451,15.03558,2.112492,(0.3_ -0.1_ 1.0)
15.32738,6.925628,1.147647,47.40253,5.712769,15.05509,2.108486,(0.3_ -0.1_ 1.0)
15.33888,6.953351,1.14768,47.47816,5.710298,15.05976,2.106073,(0.3_ -0.1_ 1.0)
15.34975,6.979581,1.147718,47.54967,5.689343,15.09164,2.093008,(0.3_ -0.1_ 1.0)
15.36112,7.007024,1.147751,47.62447,5.682092,15.11301,2.091832,(0.3_ -0.1_ 1.0)
15.37237,7.034179,1.147776,47.6984,5.675117,15.11624,2.085856,(0.3_ -0.1_ 1.0)
15.38262,7.058967,1.147794,47.76584,5.661877,15.13084,2.082138,(0.3_ -0.1_ 1.0)
15.39417,7.086878,1.147824,47.8418,5.6644,15.14573,2.07993,(0.3_ -0.1_ 1.0)
15.40542,7.114076,1.147854,47.91572,5.665324,15.15415,2.07589,(0.3_ -0.1_ 1.0)
15.41648,7.140829,1.147857,47.98844,5.656763,15.16911,2.078007,(0.3_ -0.1_ 1.0)
15.42951,7.172367,1.147869,48.0741,5.653056,15.18066,2.074857,(0.3_ -0.1_ 1.0)
15.43876,7.194776,1.147875,48.13491,5.652291,15.19102,2.074666,(0.3_ -0.1_ 1.0)
15.44967,7.221206,1.147876,48.20662,5.646962,15.20924,2.070996,(0.3_ -0.1_ 1.0)
15.4608,7.248193,1.147882,48.27979,5.651379,15.21792,2.072396,(0.3_ -0.1_ 1.0)
15.47206,7.275497,1.147881,48.35375,5.654972,15.22762,2.076508,(0.3_ -0.1_ 1.0)
15.48261,7.301115,1.147872,48.42309,5.657025,15.24216,2.092436,(0.3_ -0.1_ 1.0)
15.4942,7.329242,1.147877,48.49924,5.66277,15.2518,2.087055,(0.3_ -0.1_ 1.0)
15.50515,7.35586,1.147879,48.57124,5.666946,15.2625,2.091529,(0.3_ -0.1_ 1.0)
15.51648,7.383394,1.147882,48.64566,5.66882,15.27233,2.095488,(0.3_ -0.1_ 1.0)
15.52783,7.411014,1.147885,48.72026,5.662672,15.28689,2.102609,(0.3_ -0.1_ 1.0)
15.5387,7.43746,1.147893,48.79164,5.662013,15.29214,2.096508,(0.3_ -0.1_ 1.0)
15.54967,7.464184,1.1479,48.86375,5.650568,15.30752,2.092433,(0.3_ -0.1_ 1.0)
15.56088,7.491489,1.147918,48.93741,5.639756,15.33042,2.088623,(0.3_ -0.1_ 1.0)
15.57197,7.518506,1.147929,49.01022,5.624514,15.33935,2.08657,(0.3_ -0.1_ 1.0)
15.58293,7.545235,1.147941,49.08226,5.618115,15.36173,2.092124,(0.3_ -0.1_ 1.0)
15.59431,7.573001,1.147954,49.15702,5.617693,15.36586,2.091413,(0.3_ -0.1_ 1.0)
15.60526,7.599718,1.147956,49.22892,5.608471,15.3742,2.091186,(0.3_ -0.1_ 1.0)
15.61699,7.62837,1.147966,49.30598,5.61727,15.38236,2.096338,(0.3_ -0.1_ 1.0)
15.62964,7.659247,1.147964,49.38902,5.614033,15.38787,2.091374,(0.3_ -0.1_ 1.0)
15.63848,7.680861,1.147961,49.44709,5.614614,15.398,2.090431,(0.3_ -0.1_ 1.0)
15.64921,7.707119,1.147957,49.51759,5.614031,15.40533,2.085258,(0.3_ -0.1_ 1.0)
15.66111,7.73621,1.147949,49.59566,5.613576,15.41165,2.079609,(0.3_ -0.1_ 1.0)
15.67198,7.762847,1.147939,49.66705,5.613578,15.41867,2.077223,(0.3_ -0.1_ 1.0)
15.68283,7.789432,1.147927,49.73825,5.614191,15.43026,2.078631,(0.3_ -0.1_ 1.0)
15.69449,7.818018,1.147897,49.81477,5.615431,15.43465,2.084247,(0.3_ -0.1_ 1.0)
15.70541,7.844827,1.147884,49.88643,5.620854,15.43842,2.078443,(0.3_ -0.1_ 1.0)
15.71655,7.872205,1.14784,49.95955,5.639007,15.43882,2.08199,(0.3_ -0.1_ 1.0)
15.72776,7.899756,1.147803,50.03304,5.67187,15.43445,2.056503,(0.3_ -0.1_ 1.0)
15.73865,7.926565,1.147748,50.10444,5.683003,15.43604,2.042126,(0.3_ -0.1_ 1.0)
15.74965,7.953674,1.147705,50.17657,5.696695,15.43991,2.017732,(0.3_ -0.1_ 1.0)
15.76105,7.98178,1.147674,50.25126,5.714359,15.4627,2.017272,(0.3_ -0.1_ 1.0)
15.77223,8.009385,1.147645,50.32454,5.729797,15.476,1.989083,(0.3_ -0.1_ 1.0)
15.78269,8.035276,1.147632,50.39314,5.727571,15.48701,1.993877,(0.3_ -0.1_ 1.0)
15.79452,8.064542,1.147609,50.47061,5.724223,15.50471,1.991271,(0.3_ -0.1_ 1.0)
15.80521,8.091057,1.147599,50.54066,5.722914,15.52241,1.992844,(0.3_ -0.1_ 1.0)
15.81679,8.119786,1.147591,50.61644,5.719749,15.53925,1.996501,(0.3_ -0.1_ 1.0)
15.82771,8.146954,1.147598,50.68798,5.719567,15.55582,1.991291,(0.3_ -0.1_ 1.0)
15.84076,8.17946,1.147607,50.77338,5.708193,15.58729,1.992487,(0.3_ -0.1_ 1.0)
15.84988,8.202233,1.14765,50.83306,5.712466,15.61848,1.991059,(0.3_ -0.1_ 1.0)
15.86067,8.229225,1.147691,50.90363,5.690084,15.63803,1.992851,(0.3_ -0.1_ 1.0)
15.87228,8.258298,1.147753,50.97953,5.660366,15.67597,1.999874,(0.3_ -0.1_ 1.0)
15.88278,8.284664,1.147836,51.04821,5.632837,15.71206,2.004287,(0.3_ -0.1_ 1.0)
15.89441,8.313911,1.147905,51.12423,5.602065,15.73618,2.004154,(0.3_ -0.1_ 1.0)
15.9051,8.340863,1.147953,51.19415,5.589676,15.75711,2.003649,(0.3_ -0.1_ 1.0)
15.91676,8.370327,1.148011,51.27034,5.548851,15.8019,2.018667,(0.3_ -0.1_ 1.0)
15.92744,8.397365,1.148065,51.34013,5.528096,15.85244,2.01784,(0.3_ -0.1_ 1.0)
15.93876,8.426088,1.148091,51.4141,5.510651,15.87152,2.010437,(0.3_ -0.1_ 1.0)
15.94968,8.453844,1.148109,51.48538,5.488446,15.90753,2.017801,(0.3_ -0.1_ 1.0)
15.96121,8.483238,1.148127,51.56073,5.474901,15.9331,2.021946,(0.3_ -0.1_ 1.0)
15.97225,8.511415,1.148138,51.63277,5.464594,15.95575,2.036058,(0.3_ -0.1_ 1.0)
15.98264,8.538012,1.148159,51.70058,5.456119,15.98068,2.055256,(0.3_ -0.1_ 1.0)
15.99432,8.567959,1.14816,51.77682,5.445379,15.9937,2.066359,(0.3_ -0.1_ 1.0)
16.0053,8.59618,1.148172,51.84843,5.445338,15.98603,2.069234,(0.3_ -0.1_ 1.0)
16.01695,8.626156,1.148169,51.9244,5.44069,15.99914,2.075259,(0.3_ -0.1_ 1.0)
16.02755,8.653543,1.148173,51.99352,5.437891,15.99696,2.068079,(0.3_ -0.1_ 1.0)
16.03888,8.682831,1.148172,52.06732,5.420812,15.98176,2.054832,(0.3_ -0.1_ 1.0)
16.05187,8.716432,1.148154,52.15199,5.414616,15.98854,2.048238,(0.3_ -0.1_ 1.0)
16.0614,8.741203,1.148159,52.21411,5.413299,15.99275,2.038685,(0.3_ -0.1_ 1.0)
16.072,8.768779,1.148147,52.28314,5.404102,15.99846,2.025094,(0.3_ -0.1_ 1.0)
16.08299,8.797462,1.148141,52.35476,5.406036,16.00031,2.007124,(0.3_ -0.1_ 1.0)
16.09448,8.827476,1.148131,52.42949,5.420752,16.00019,1.989619,(0.3_ -0.1_ 1.0)
16.10544,8.856155,1.148116,52.50085,5.414114,16.0387,1.990771,(0.3_ -0.1_ 1.0)
16.1165,8.885187,1.148105,52.5728,5.427119,16.05448,1.979036,(0.3_ -0.1_ 1.0)
16.12756,8.914248,1.148097,52.64474,5.423793,16.0845,1.968216,(0.3_ -0.1_ 1.0)
16.13872,8.943624,1.148087,52.71729,5.421839,16.13216,1.947286,(0.3_ -0.1_ 1.0)
16.14962,8.97239,1.148107,52.78819,5.428566,16.16812,1.93782,(0.3_ -0.1_ 1.0)
16.16134,9.003338,1.148123,52.86433,5.431055,16.19538,1.9225,(0.3_ -0.1_ 1.0)
16.1725,9.032872,1.148124,52.93686,5.424303,16.22873,1.916772,(0.3_ -0.1_ 1.0)
16.18283,9.060271,1.148121,53.00403,5.416821,16.27655,1.912629,(0.3_ -0.1_ 1.0)
16.19464,9.09159,1.148125,53.08073,5.418599,16.3249,1.891839,(0.3_ -0.1_ 1.0)
16.20532,9.119975,1.148125,53.15006,5.425076,16.35771,1.880568,(0.3_ -0.1_ 1.0)
16.21676,9.150429,1.148112,53.22436,5.440491,16.39404,1.868956,(0.3_ -0.1_ 1.0)
16.22762,9.179383,1.148096,53.29485,5.452664,16.43031,1.870616,(0.3_ -0.1_ 1.0)
16.23876,9.209106,1.148073,53.36714,5.47597,16.46425,1.861922,(0.3_ -0.1_ 1.0)
16.25193,9.244296,1.148056,53.45252,5.495332,16.49347,1.861556,(0.3_ -0.1_ 1.0)
16.2611,9.268855,1.14804,53.51201,5.51046,16.51919,1.858829,(0.3_ -0.1_ 1.0)
16.27228,9.298828,1.148018,53.58455,5.531458,16.54582,1.874309,(0.3_ -0.1_ 1.0)
16.28319,9.328128,1.148015,53.65525,5.543509,16.56456,1.874829,(0.3_ -0.1_ 1.0)
16.2948,9.359365,1.148006,53.73047,5.551329,16.58382,1.892942,(0.3_ -0.1_ 1.0)
16.30512,9.387173,1.147996,53.79732,5.556992,16.61205,1.91,(0.3_ -0.1_ 1.0)
16.31681,9.418712,1.147992,53.87302,5.572649,16.61953,1.939243,(0.3_ -0.1_ 1.0)
16.32814,9.449371,1.147995,53.94639,5.579558,16.65329,1.949414,(0.3_ -0.1_ 1.0)
16.33868,9.477946,1.148001,54.01455,5.583136,16.66385,1.955108,(0.3_ -0.1_ 1.0)
16.35004,9.50881,1.148001,54.08806,5.577386,16.68084,1.974086,(0.3_ -0.1_ 1.0)
16.36133,9.539558,1.148009,54.16107,5.579278,16.70355,1.979132,(0.3_ -0.1_ 1.0)
16.37237,9.569686,1.148016,54.2325,5.574411,16.71474,1.993027,(0.3_ -0.1_ 1.0)
16.38276,9.598077,1.148036,54.29961,5.579483,16.72206,2.003996,(0.3_ -0.1_ 1.0)
16.39466,9.630679,1.148039,54.3765,5.57572,16.76841,2.008704,(0.3_ -0.1_ 1.0)
16.40552,9.660485,1.148042,54.44668,5.573893,16.79137,2.027878,(0.3_ -0.1_ 1.0)
16.41637,9.690351,1.148065,54.51676,5.574962,16.81727,2.044425,(0.3_ -0.1_ 1.0)
16.43153,9.732113,1.148086,54.61453,5.57915,16.8569,2.047055,(0.3_ -0.1_ 1.0)
16.4385,9.751412,1.148113,54.65952,5.574739,16.88962,2.060292,(0.3_ -0.1_ 1.0)
16.45065,9.785034,1.148141,54.73793,5.575678,16.9344,2.057784,(0.3_ -0.1_ 1.0)
16.46414,9.822394,1.148169,54.82486,5.563439,16.98577,2.058669,(0.3_ -0.1_ 1.0)
16.47257,9.845864,1.148179,54.87925,5.561402,17.02506,2.056062,(0.3_ -0.1_ 1.0)
16.48344,9.876123,1.148216,54.9493,5.567928,17.07402,2.05557,(0.3_ -0.1_ 1.0)
16.49519,9.908873,1.148206,55.02499,5.557529,17.12906,2.076935,(0.3_ -0.1_ 1.0)
16.50583,9.938601,1.148215,55.09355,5.574394,17.16494,2.084054,(0.3_ -0.1_ 1.0)
16.51704,9.969972,1.148203,55.16576,5.580956,17.2094,2.089202,(0.3_ -0.1_ 1.0)
16.52787,10.00032,1.148175,55.23544,5.588532,17.23886,2.097151,(0.3_ -0.1_ 1.0)
16.53906,10.03177,1.148174,55.30749,5.626565,17.25685,2.103676,(0.3_ -0.1_ 1.0)
16.55,10.06251,1.14814,55.3778,5.625375,17.29075,2.10713,(0.3_ -0.1_ 1.0)
16.56168,10.09542,1.14813,55.45293,5.6398,17.31482,2.099383,(0.3_ -0.1_ 1.0)
16.57219,10.12509,1.148126,55.52051,5.656616,17.33954,2.090987,(0.3_ -0.1_ 0.9)
16.58291,10.1554,1.148106,55.58941,5.661995,17.35206,2.074489,(0.3_ -0.1_ 0.9)
16.59467,10.18867,1.148087,55.66493,5.662852,17.37485,2.069207,(0.3_ -0.1_ 0.9)
16.60505,10.21813,1.148084,55.73161,5.685389,17.37028,2.045875,(0.3_ -0.1_ 0.9)
16.61667,10.25112,1.148062,55.80625,5.676087,17.39171,2.030187,(0.3_ -0.1_ 0.9)
16.6277,10.28251,1.148044,55.87707,5.679976,17.4157,2.034216,(0.3_ -0.1_ 0.9)
16.63911,10.315,1.148028,55.95023,5.680737,17.43139,2.026416,(0.3_ -0.1_ 0.9)
16.64973,10.34532,1.148011,56.01837,5.684738,17.44769,2.013857,(0.3_ -0.1_ 0.9)
16.66156,10.37913,1.148001,56.09425,5.693674,17.47169,2.001552,(0.3_ -0.1_ 0.9)
16.6741,10.41501,1.147973,56.17463,5.693037,17.50649,2.001208,(0.3_ -0.1_ 0.9)
16.68262,10.43949,1.147949,56.22926,5.70026,17.54146,1.989041,(0.3_ -0.1_ 0.9)
16.69441,10.47332,1.147929,56.30479,5.714597,17.59407,1.969625,(0.3_ -0.1_ 0.9)
16.70491,10.50354,1.147902,56.37208,5.719949,17.65247,1.961229,(0.3_ -0.1_ 0.9)
16.71652,10.53697,1.147881,56.44639,5.716547,17.6876,1.962848,(0.3_ -0.1_ 0.9)
16.72743,10.56846,1.147856,56.51621,5.713186,17.73672,1.953036,(0.3_ -0.1_ 0.9)
16.73871,10.60104,1.14783,56.5884,5.701445,17.79823,1.957374,(0.3_ -0.1_ 0.9)
16.74976,10.63298,1.147834,56.65905,5.713304,17.84626,1.967706,(0.3_ -0.1_ 0.9)
16.76102,10.66559,1.14782,56.73106,5.714366,17.89874,1.965682,(0.3_ -0.1_ 0.9)
16.77194,10.69728,1.14781,56.80088,5.724426,17.95199,1.974814,(0.3_ -0.1_ 0.9)
16.78246,10.72787,1.147807,56.86815,5.72834,17.98631,1.975192,(0.3_ -0.1_ 0.9)
16.79427,10.76221,1.147807,56.94361,5.737225,18.03551,1.974506,(0.3_ -0.1_ 0.9)
16.80524,10.79416,1.147807,57.01364,5.740517,18.07181,1.97141,(0.3_ -0.1_ 0.9)
16.8168,10.82787,1.147807,57.08744,5.74049,18.10507,1.967835,(0.3_ -0.1_ 0.9)
16.82748,10.85909,1.147803,57.15565,5.731855,18.14314,1.968966,(0.3_ -0.1_ 0.9)
16.83872,10.89196,1.147818,57.22738,5.736827,18.17182,1.959174,(0.3_ -0.1_ 0.9)
16.84964,10.92395,1.14782,57.29705,5.730917,18.2071,1.964862,(0.3_ -0.1_ 0.9)
16.86119,10.9578,1.147824,57.37069,5.728284,18.23774,1.967959,(0.3_ -0.1_ 0.9)
16.87216,10.99002,1.147828,57.44063,5.722903,18.26762,1.970623,(0.3_ -0.1_ 0.9)
16.88489,11.02742,1.147842,57.52173,5.731374,18.30202,1.983343,(0.3_ -0.1_ 0.9)
16.89435,11.05534,1.147835,57.58208,5.719945,18.33205,1.997583,(0.3_ -0.1_ 0.9)
16.90536,11.08778,1.147837,57.6522,5.714931,18.37487,2.002334,(0.3_ -0.1_ 0.9)
16.91646,11.12057,1.147844,57.72292,5.71868,18.40897,2.005436,(0.3_ -0.1_ 0.9)
16.92751,11.15323,1.14784,57.79324,5.715281,18.43749,2.009195,(0.3_ -0.1_ 0.9)
16.93882,11.18675,1.147835,57.86529,5.718863,18.46914,2.014332,(0.3_ -0.1_ 0.9)
16.94931,11.21785,1.14782,57.93201,5.724473,18.49228,2.01455,(0.3_ -0.1_ 0.9)
16.96108,11.2528,1.147806,58.0069,5.728497,18.52329,2.008172,(0.3_ -0.1_ 0.9)
16.97233,11.28625,1.14778,58.07845,5.73898,18.54205,1.999717,(0.3_ -0.1_ 0.9)
16.98306,11.31819,1.147753,58.14663,5.755229,18.5549,1.990679,(0.3_ -0.1_ 0.9)
16.99445,11.35212,1.147743,58.21899,5.767688,18.59132,1.986806,(0.3_ -0.1_ 0.9)
17.00508,11.38388,1.14772,58.28653,5.778811,18.60819,1.978292,(0.3_ -0.1_ 0.9)
17.01692,11.41927,1.147712,58.36177,5.783631,18.64759,1.974748,(0.3_ -0.1_ 0.9)
17.02763,11.45136,1.147691,58.42976,5.787834,18.67635,1.963625,(0.3_ -0.1_ 0.9)
17.03867,11.48445,1.147686,58.49983,5.795242,18.71643,1.95151,(0.3_ -0.1_ 0.9)
17.04995,11.5183,1.14769,58.57141,5.792507,18.75738,1.940452,(0.3_ -0.1_ 0.9)
17.06115,11.55194,1.147685,58.64243,5.787523,18.8049,1.931652,(0.3_ -0.1_ 0.9)
17.0722,11.58521,1.147686,58.71255,5.778284,18.88789,1.944496,(0.3_ -0.1_ 0.9)
17.08518,11.62423,1.147708,58.79475,5.788872,18.90595,1.937961,(0.3_ -0.1_ 0.9)
17.09451,11.65242,1.147719,58.85395,5.785758,18.96692,1.940501,(0.3_ -0.1_ 0.9)
17.10525,11.68482,1.147725,58.92196,5.77901,19.01922,1.948216,(0.3_ -0.1_ 0.9)
17.11672,11.71949,1.147735,58.99464,5.777365,19.06857,1.954372,(0.3_ -0.1_ 0.9)
17.12788,11.75322,1.147744,59.06528,5.77357,19.10783,1.948761,(0.3_ -0.1_ 0.9)
17.139,11.78689,1.147759,59.13569,5.780228,19.14963,1.94881,(0.3_ -0.1_ 0.9)
17.14947,11.81863,1.147771,59.20198,5.779361,19.18523,1.943462,(0.3_ -0.1_ 0.9)
17.16128,11.85443,1.147781,59.27671,5.774978,19.20717,1.942445,(0.3_ -0.1_ 0.9)
17.17212,11.88737,1.147787,59.34535,5.769986,19.2248,1.945817,(0.3_ -0.1_ 0.9)
17.18283,11.91991,1.147802,59.41313,5.769215,19.21328,1.94816,(0.3_ -0.1_ 0.9)
17.19437,11.95498,1.147798,59.48612,5.766521,19.25454,1.941596,(0.3_ -0.1_ 0.9)
17.20536,11.98841,1.147807,59.5556,5.775895,19.25529,1.941641,(0.3_ -0.1_ 0.9)
17.21671,12.02298,1.147806,59.6274,5.785382,19.23596,1.942813,(0.3_ -0.1_ 0.9)
17.22782,12.05684,1.147784,59.6976,5.780868,19.27063,1.948856,(0.3_ -0.1_ 0.9)
17.23883,12.09044,1.147772,59.76719,5.792197,19.29104,1.953809,(0.3_ -0.1_ 0.9)
17.24962,12.1234,1.147776,59.83537,5.812029,19.2958,1.94904,(0.3_ -0.1_ 0.9)
17.2611,12.1585,1.14774,59.90786,5.798334,19.3367,1.961893,(0.3_ -0.1_ 0.9)
17.27255,12.19354,1.147743,59.98014,5.829227,19.33875,1.969584,(0.3_ -0.1_ 0.9)
17.28541,12.23295,1.14771,60.06135,5.818623,19.37315,1.978788,(0.3_ -0.1_ 0.9)
17.2945,12.26084,1.147691,60.11869,5.818615,19.40143,1.973177,(0.3_ -0.1_ 0.9)
17.30529,12.29399,1.147669,60.18679,5.818847,19.43085,1.978096,(0.3_ -0.1_ 0.9)
17.31672,12.32909,1.147635,60.25883,5.813366,19.46488,1.985495,(0.3_ -0.1_ 0.9)
17.32745,12.36212,1.147629,60.32649,5.822124,19.48995,1.981164,(0.3_ -0.1_ 0.9)
17.3392,12.39829,1.147608,60.40055,5.817071,19.52814,1.981307,(0.3_ -0.1_ 0.9)
17.3494,12.42975,1.147576,60.46489,5.815279,19.56677,1.985416,(0.3_ -0.1_ 0.9)
17.3609,12.46522,1.14757,60.53729,5.808454,19.6031,1.985578,(0.3_ -0.1_ 0.9)
17.37212,12.49991,1.147569,60.60798,5.792397,19.63715,1.994775,(0.3_ -0.1_ 0.9)
17.3828,12.53296,1.147588,60.67525,5.787845,19.67013,1.984813,(0.3_ -0.1_ 0.9)
17.39425,12.5684,1.147606,60.7473,5.770267,19.69918,1.970719,(0.3_ -0.1_ 0.9)
17.4052,12.60234,1.147623,60.81622,5.768338,19.7339,1.960117,(0.3_ -0.1_ 0.9)
17.41639,12.63706,1.147631,60.88663,5.76321,19.76274,1.944556,(0.3_ -0.1_ 0.9)
17.42742,12.67132,1.147641,60.95603,5.758141,19.80843,1.926198,(0.3_ -0.1_ 0.9)
17.43903,12.70741,1.147644,61.02908,5.7606,19.84958,1.91233,(0.3_ -0.1_ 0.9)
17.44962,12.74037,1.14765,61.09568,5.762331,19.89586,1.902032,(0.3_ -0.1_ 0.9)
17.46107,12.776,1.147637,61.16764,5.763511,19.93248,1.900264,(0.3_ -0.1_ 0.9)
17.47206,12.81024,1.147621,61.23669,5.767444,19.98091,1.901505,(0.3_ -0.1_ 0.9)
17.48337,12.84555,1.147619,61.3078,5.77792,20.02028,1.902433,(0.3_ -0.1_ 0.9)
17.49771,12.89024,1.147596,61.39787,5.768532,20.07164,1.902605,(0.3_ -0.1_ 0.9)
17.50513,12.91346,1.147584,61.4445,5.776924,20.13832,1.909054,(0.3_ -0.1_ 0.9)
17.51645,12.94888,1.147573,61.51565,5.770518,20.1568,1.912841,(0.3_ -0.1_ 0.9)
17.52734,12.98293,1.147574,61.584,5.785962,20.20371,1.911899,(0.3_ -0.1_ 0.9)
17.53867,13.0184,1.147562,61.65514,5.776619,20.24465,1.913177,(0.3_ -0.1_ 0.9)
17.54962,13.05271,1.147565,61.72386,5.775132,20.2683,1.911819,(0.3_ -0.1_ 0.9)
17.56142,13.08973,1.147579,61.79794,5.776074,20.29146,1.912682,(0.3_ -0.1_ 0.9)
17.57203,13.12304,1.147598,61.86451,5.773884,20.31145,1.909837,(0.3_ -0.1_ 0.9)
17.58281,13.15692,1.147619,61.93214,5.768928,20.32883,1.902566,(0.3_ -0.1_ 0.9)
17.59454,13.19378,1.147654,62.00564,5.775131,20.34158,1.890452,(0.3_ -0.1_ 0.9)
17.6051,13.22706,1.147656,62.07191,5.767856,20.3759,1.89693,(0.3_ -0.1_ 0.9)
17.61662,13.26335,1.147672,62.14409,5.765336,20.39472,1.887022,(0.3_ -0.1_ 0.9)
17.62757,13.2979,1.147684,62.21273,5.769531,20.42559,1.882337,(0.3_ -0.1_ 0.9)
17.63889,13.33364,1.14769,62.28368,5.768627,20.45005,1.875943,(0.3_ -0.1_ 0.9)
17.64937,13.36678,1.147699,62.34936,5.767911,20.48306,1.874494,(0.3_ -0.1_ 0.9)
17.66131,13.40453,1.147712,62.42411,5.766747,20.51343,1.879226,(0.3_ -0.1_ 0.9)
17.67279,13.44086,1.147724,62.49603,5.75126,20.55622,1.88386,(0.3_ -0.1_ 0.9)
17.6828,13.47259,1.147737,62.55868,5.754723,20.58279,1.878879,(0.3_ -0.1_ 0.9)
17.69469,13.51031,1.147739,62.63311,5.741932,20.61346,1.882368,(0.4_ -0.1_ 0.9)
17.70749,13.55087,1.147739,62.71316,5.732034,20.66426,1.878096,(0.4_ -0.1_ 0.9)
17.72042,13.59194,1.147742,62.79403,5.737038,20.68309,1.874887,(0.4_ -0.1_ 0.9)
17.72786,13.61564,1.147744,62.8406,5.738659,20.72193,1.874274,(0.4_ -0.1_ 0.9)
17.73951,13.65272,1.147744,62.9135,5.739524,20.76217,1.866062,(0.4_ -0.1_ 0.9)
17.75109,13.68959,1.147752,62.98585,5.749353,20.7854,1.867238,(0.4_ -0.1_ 0.9)
17.76198,13.72433,1.147751,63.05396,5.750104,20.8134,1.867262,(0.4_ -0.1_ 0.9)
17.77314,13.75993,1.14775,63.12369,5.756373,20.83154,1.863787,(0.4_ -0.1_ 0.9)
17.78344,13.79283,1.147746,63.18806,5.759192,20.87058,1.868677,(0.4_ -0.1_ 0.9)
17.79519,13.83038,1.147739,63.26147,5.764432,20.89492,1.865916,(0.4_ -0.1_ 0.9)
17.80535,13.86287,1.14772,63.3249,5.764786,20.92518,1.867804,(0.4_ -0.1_ 0.9)
17.81657,13.8988,1.147716,63.39495,5.775316,20.93938,1.862592,(0.4_ -0.1_ 0.9)
17.82837,13.93657,1.147711,63.46856,5.779961,20.96993,1.858539,(0.4_ -0.1_ 0.9)
17.83902,13.97072,1.147701,63.53503,5.783934,20.99506,1.852108,(0.4_ -0.1_ 0.9)
17.84998,14.0059,1.147694,63.60342,5.791515,21.02442,1.851843,(0.4_ -0.1_ 0.9)
17.86156,14.0431,1.147681,63.6757,5.798067,21.05519,1.845709,(0.4_ -0.1_ 0.9)
17.87198,14.07658,1.147674,63.74063,5.802294,21.08358,1.847203,(0.4_ -0.1_ 0.9)
17.88289,14.11169,1.147666,63.80866,5.804912,21.10967,1.848892,(0.4_ -0.1_ 0.9)
17.89445,14.14892,1.14766,63.88072,5.804885,21.1395,1.850927,(0.4_ -0.1_ 0.9)
17.90532,14.18394,1.147658,63.94842,5.804268,21.16819,1.853761,(0.4_ -0.1_ 0.9)
17.91879,14.22734,1.147656,64.03231,5.799475,21.20548,1.857111,(0.4_ -0.1_ 0.9)
17.92769,14.25613,1.147671,64.08781,5.802881,21.236,1.861063,(0.4_ -0.1_ 0.9)
17.93883,14.2921,1.147674,64.15715,5.793495,21.27707,1.864883,(0.4_ -0.1_ 0.9)
17.94949,14.32658,1.147681,64.22354,5.792244,21.30381,1.869012,(0.4_ -0.1_ 0.9)
17.96113,14.36426,1.147688,64.29602,5.792024,21.33267,1.874093,(0.4_ -0.1_ 0.9)
17.97209,14.39974,1.147695,64.36419,5.795261,21.35979,1.886244,(0.4_ -0.1_ 0.9)
17.98273,14.43425,1.147699,64.4304,5.799241,21.38233,1.887564,(0.4_ -0.1_ 0.9)
17.99463,14.47284,1.147684,64.50441,5.792036,21.41342,1.889106,(0.4_ -0.1_ 0.9)
18.00534,14.50765,1.14767,64.57107,5.797628,21.43603,1.888911,(0.4_ -0.1_ 0.9)
18.01674,14.5447,1.147646,64.64188,5.811426,21.4411,1.887478,(0.4_ -0.1_ 0.9)
18.02753,14.57981,1.147631,64.70898,5.823024,21.47544,1.878078,(0.4_ -0.1_ 0.9)
18.03888,14.61673,1.147614,64.77944,5.828764,21.50533,1.865412,(0.4_ -0.1_ 0.9)
18.04953,14.65145,1.1476,64.8456,5.834062,21.53104,1.853451,(0.4_ -0.1_ 0.9)
18.06125,14.68965,1.147594,64.91835,5.841421,21.56024,1.845021,(0.4_ -0.1_ 0.9)
18.07212,14.72514,1.147591,64.98581,5.846884,21.59084,1.832634,(0.4_ -0.1_ 0.9)
18.08256,14.75926,1.14758,65.05063,5.833261,21.64751,1.828428,(0.4_ -0.1_ 0.9)
18.09433,14.79771,1.147574,65.1236,5.821074,21.68201,1.833868,(0.4_ -0.1_ 0.9)
18.10491,14.83237,1.147567,65.18927,5.808928,21.721,1.834138,(0.4_ -0.1_ 0.9)
18.11619,14.86927,1.14757,65.25918,5.803401,21.77242,1.831511,(0.4_ -0.1_ 0.9)
18.13004,14.91463,1.147562,65.34502,5.792159,21.80799,1.840402,(0.4_ -0.1_ 0.9)
18.1387,14.94306,1.147577,65.39874,5.794254,21.84481,1.829309,(0.4_ -0.1_ 0.9)
18.14958,14.97878,1.147586,65.46616,5.788329,21.89506,1.836997,(0.4_ -0.1_ 0.9)
18.16125,15.0171,1.147596,65.53848,5.771356,21.93421,1.828673,(0.4_ -0.1_ 0.9)
18.17214,15.05289,1.147628,65.60594,5.761636,21.97231,1.834345,(0.4_ -0.1_ 0.9)
18.18301,15.08867,1.147665,65.67327,5.747534,21.98957,1.826125,(0.4_ -0.1_ 0.9)
18.19465,15.12698,1.147694,65.74538,5.733432,22.02752,1.824876,(0.4_ -0.1_ 0.9)
18.20512,15.16148,1.147733,65.81021,5.708118,22.05352,1.817221,(0.4_ -0.1_ 0.9)
18.21674,15.19978,1.14776,65.88215,5.685381,22.07842,1.808934,(0.4_ -0.1_ 0.9)
18.22771,15.23599,1.147753,65.95009,5.690002,22.09699,1.817528,(0.4_ -0.1_ 0.9)
18.23913,15.27369,1.147768,66.02075,5.677446,22.12608,1.819073,(0.4_ -0.1_ 0.9)
18.24969,15.30863,1.147786,66.08611,5.673641,22.14526,1.816049,(0.4_ -0.1_ 0.9)
18.26101,15.34604,1.147795,66.15607,5.675388,22.1699,1.813697,(0.4_ -0.1_ 0.9)
18.27217,15.383,1.147795,66.22513,5.671185,22.19758,1.814376,(0.4_ -0.1_ 0.9)
18.2831,15.41922,1.147796,66.29273,5.670513,22.21414,1.813444,(0.4_ -0.1_ 0.9)
18.29411,15.4557,1.147801,66.36076,5.681432,22.2458,1.823321,(0.4_ -0.1_ 0.9)
18.30519,15.49247,1.147795,66.42928,5.682106,22.27511,1.829123,(0.4_ -0.1_ 0.9)
18.31652,15.53008,1.147792,66.49927,5.686832,22.30044,1.833657,(0.4_ -0.1_ 0.9)
18.32967,15.57373,1.147791,66.58048,5.689418,22.32928,1.833838,(0.4_ -0.1_ 0.9)
18.33868,15.60372,1.14778,66.63617,5.686943,22.35818,1.834667,(0.4_ -0.1_ 0.9)
18.34959,15.64001,1.147775,66.70354,5.692097,22.39017,1.848783,(0.4_ -0.1_ 0.9)
18.3612,15.67867,1.147766,66.77521,5.689245,22.40091,1.862187,(0.4_ -0.1_ 0.9)
18.3723,15.71564,1.14776,66.84371,5.687689,22.4299,1.860971,(0.4_ -0.1_ 0.9)
18.38256,15.74987,1.147764,66.90706,5.690786,22.45116,1.863422,(0.4_ -0.1_ 0.9)
18.3942,15.78872,1.147767,66.9789,5.68616,22.4673,1.862333,(0.4_ -0.1_ 0.9)
18.40522,15.82553,1.147774,67.04691,5.680795,22.49438,1.868488,(0.4_ -0.1_ 0.9)
18.41645,15.86306,1.147781,67.11615,5.680984,22.51302,1.867474,(0.4_ -0.1_ 0.9)
18.42759,15.90033,1.14779,67.18485,5.67948,22.53498,1.866961,(0.4_ -0.1_ 0.9)
18.43886,15.93804,1.147795,67.2543,5.676679,22.55888,1.862954,(0.4_ -0.1_ 0.9)
18.44948,15.97363,1.147806,67.31975,5.678408,22.58263,1.862289,(0.4_ -0.1_ 0.9)
18.46149,16.01389,1.147809,67.39376,5.671306,22.61315,1.869493,(0.4_ -0.1_ 0.9)
18.47225,16.05,1.147825,67.46003,5.677911,22.63847,1.866242,(0.4_ -0.1_ 0.9)
18.48279,16.08541,1.147831,67.52495,5.676717,22.66586,1.875422,(0.4_ -0.1_ 0.9)
18.49441,16.12445,1.147835,67.5965,5.678675,22.70072,1.881924,(0.4_ -0.1_ 0.9)
18.50508,16.16035,1.147841,67.66219,5.680504,22.72922,1.88431,(0.4_ -0.1_ 0.9)
