time,pos_x,pos_y,pos_z,rot_x,rot_y,rot_z,forward_direction
274.9858,-12,3,70,0,0,0,(0.0_ 0.0_ 1.0)
274.9858,-12,3,70,0,0,0,(0.0_ 0.0_ 1.0)
274.9858,-12,3,70,0,0,0,(0.0_ 0.0_ 1.0)
274.9858,-12,3,70,0,0,0,(0.0_ 0.0_ 1.0)
274.9858,-12,3,70,0,0,0,(0.0_ 0.0_ 1.0)
274.9858,-12,3,70,0,0,0,(0.0_ 0.0_ 1.0)
274.9858,-12,3,70,0,0,0,(0.0_ 0.0_ 1.0)
274.9858,-12,3,70,0,0,0,(0.0_ 0.0_ 1.0)
274.9858,-12,3,70,0,0,0,(0.0_ 0.0_ 1.0)
274.9858,-12,3,70,0,0,0,(0.0_ 0.0_ 1.0)
274.9858,-12,3,70,0,0,0,(0.0_ 0.0_ 1.0)
274.9858,-12,3,70,0,0,0,(0.0_ 0.0_ 1.0)
274.9858,-12,3,70,0,0,0,(0.0_ 0.0_ 1.0)
274.9858,-12,3,70,0,0,0,(0.0_ 0.0_ 1.0)
274.9858,-12,3,70,0,0,0,(0.0_ 0.0_ 1.0)
274.9858,-12,3,70,0,0,0,(0.0_ 0.0_ 1.0)
274.9858,-12,3,70,0,0,0,(0.0_ 0.0_ 1.0)
274.9858,-12,3,70,0,0,0,(0.0_ 0.0_ 1.0)
274.9858,-12,3,70,0,0,0,(0.0_ 0.0_ 1.0)
274.9858,-12,3,70,0,0,0,(0.0_ 0.0_ 1.0)
274.9858,-12,3,70,0,0,0,(0.0_ 0.0_ 1.0)
274.9858,-12,3,70,0,0,0,(0.0_ 0.0_ 1.0)
274.9858,-12,3,70,0,0,0,(0.0_ 0.0_ 1.0)
274.9858,-12,3,70,0,0,0,(0.0_ 0.0_ 1.0)
274.9858,-12,3,70,0,0,0,(0.0_ 0.0_ 1.0)
274.9858,-12,3,70,0,0,0,(0.0_ 0.0_ 1.0)
274.9858,-12,3,70,0,0,0,(0.0_ 0.0_ 1.0)
274.9858,-12,3,70,0,0,0,(0.0_ 0.0_ 1.0)
274.9858,-12,3,70,0,0,0,(0.0_ 0.0_ 1.0)
274.9858,-12,3,70,0,0,0,(0.0_ 0.0_ 1.0)
274.9858,-12,3,70,0,0,0,(0.0_ 0.0_ 1.0)
274.9858,-12,3,70,0,0,0,(0.0_ 0.0_ 1.0)
274.9858,-12,3,70,0,0,0,(0.0_ 0.0_ 1.0)
274.9858,-12,3,70,0,0,0,(0.0_ 0.0_ 1.0)
274.9858,-12,3,70,0,0,0,(0.0_ 0.0_ 1.0)
274.9858,-12,3,70,0,0,0,(0.0_ 0.0_ 1.0)
274.9858,-12,3,70,0,0,0,(0.0_ 0.0_ 1.0)
274.9858,-12,3,70,0,0,0,(0.0_ 0.0_ 1.0)
274.9858,-12,3,70,0,0,0,(0.0_ 0.0_ 1.0)
274.9858,-12,3,70,0,0,0,(0.0_ 0.0_ 1.0)
274.9858,-12,3,70,0,0,0,(0.0_ 0.0_ 1.0)
274.9858,-12,3,70,0,0,0,(0.0_ 0.0_ 1.0)
274.9858,-12,3,70,0,0,0,(0.0_ 0.0_ 1.0)
274.9858,-12,3,70,0,0,0,(0.0_ 0.0_ 1.0)
274.9858,-12,3,70,0,0,0,(0.0_ 0.0_ 1.0)
274.9858,-12,3,70,0,0,0,(0.0_ 0.0_ 1.0)
274.9858,-12,3,70,0,0,0,(0.0_ 0.0_ 1.0)
274.9858,-12,3,70,0,0,0,(0.0_ 0.0_ 1.0)
274.9858,-12,3,70,0,0,0,(0.0_ 0.0_ 1.0)
274.9858,-12,3,70,0,0,0,(0.0_ 0.0_ 1.0)
274.9858,-12,3,70,0,0,0,(0.0_ 0.0_ 1.0)
274.9858,-12,3,70,0,0,0,(0.0_ 0.0_ 1.0)
274.9858,-12,3,70,0,0,0,(0.0_ 0.0_ 1.0)
274.9858,-12,3,70,0,0,0,(0.0_ 0.0_ 1.0)
274.9858,-12,3,70,0,0,0,(0.0_ 0.0_ 1.0)
274.9858,-12,3,70,0,0,0,(0.0_ 0.0_ 1.0)
274.9858,-12,3,70,0,0,0,(0.0_ 0.0_ 1.0)
274.9858,-12,3,70,0,0,0,(0.0_ 0.0_ 1.0)
274.9858,-12,3,70,0,0,0,(0.0_ 0.0_ 1.0)
274.9858,-12,3,70,0,0,0,(0.0_ 0.0_ 1.0)
274.9858,-12,3,70,0,0,0,(0.0_ 0.0_ 1.0)
274.9858,-12,3,70,0,0,0,(0.0_ 0.0_ 1.0)
274.9858,-12,3,70,0,0,0,(0.0_ 0.0_ 1.0)
274.9858,-12,3,70,0,0,0,(0.0_ 0.0_ 1.0)
274.9858,-12,3,70,0,0,0,(0.0_ 0.0_ 1.0)
274.9858,-12,3,70,0,0,0,(0.0_ 0.0_ 1.0)
274.9858,-12,3,70,0,0,0,(0.0_ 0.0_ 1.0)
274.9858,-12,3,70,0,0,0,(0.0_ 0.0_ 1.0)
274.9858,-12,3,70,0,0,0,(0.0_ 0.0_ 1.0)
274.9858,-12,3,70,0,0,0,(0.0_ 0.0_ 1.0)
274.9858,-12,3,70,0,0,0,(0.0_ 0.0_ 1.0)
274.9858,-12,3,70,0,0,0,(0.0_ 0.0_ 1.0)
274.9858,-12,3,70,0,0,0,(0.0_ 0.0_ 1.0)
274.9858,-12,3,70,0,0,0,(0.0_ 0.0_ 1.0)
274.9858,-12,3,70,0,0,0,(0.0_ 0.0_ 1.0)
274.9858,-12,3,70,0,0,0,(0.0_ 0.0_ 1.0)
274.9858,-12,3,70,0,0,0,(0.0_ 0.0_ 1.0)
274.9858,-12,3,70,0,0,0,(0.0_ 0.0_ 1.0)
274.9858,-12,3,70,0,0,0,(0.0_ 0.0_ 1.0)
274.9858,-12,3,70,0,0,0,(0.0_ 0.0_ 1.0)
274.9858,-12,3,70,0,0,0,(0.0_ 0.0_ 1.0)
274.9858,-12,3,70,0,0,0,(0.0_ 0.0_ 1.0)
274.9858,-12,3,70,0,0,0,(0.0_ 0.0_ 1.0)
274.9858,-12,3,70,0,0,0,(0.0_ 0.0_ 1.0)
274.9858,-12,3,70,0,0,0,(0.0_ 0.0_ 1.0)
274.9858,-12,3,70,0,0,0,(0.0_ 0.0_ 1.0)
274.9858,-12,3,70,0,0,0,(0.0_ 0.0_ 1.0)
274.9858,-12,3,70,0,0,0,(0.0_ 0.0_ 1.0)
274.9858,-12,3,70,0,0,0,(0.0_ 0.0_ 1.0)
274.9858,-12,3,70,0,0,0,(0.0_ 0.0_ 1.0)
274.9858,-12,3,70,0,0,0,(0.0_ 0.0_ 1.0)
274.9858,-12,3,70,0,0,0,(0.0_ 0.0_ 1.0)
274.9858,-12,3,70,0,0,0,(0.0_ 0.0_ 1.0)
274.9858,-12,3,70,0,0,0,(0.0_ 0.0_ 1.0)
274.9858,-12,3,70,0,0,0,(0.0_ 0.0_ 1.0)
274.9858,-12,3,70,0,0,0,(0.0_ 0.0_ 1.0)
274.9858,-12,3,70,0,0,0,(0.0_ 0.0_ 1.0)
274.9858,-12,3,70,0,0,0,(0.0_ 0.0_ 1.0)
274.9858,-12,3,70,0,0,0,(0.0_ 0.0_ 1.0)
274.9858,-12,3,70,0,0,0,(0.0_ 0.0_ 1.0)
274.9858,-12,3,70,0,0,0,(0.0_ 0.0_ 1.0)
274.9858,-12,3,70,0,0,0,(0.0_ 0.0_ 1.0)
274.9858,-12,3,70,0,0,0,(0.0_ 0.0_ 1.0)
274.9858,-12,3,70,0,0,0,(0.0_ 0.0_ 1.0)
274.9858,-12,3,70,0,0,0,(0.0_ 0.0_ 1.0)
274.9858,-12,3,70,0,0,0,(0.0_ 0.0_ 1.0)
274.9858,-12,3,70,0,0,0,(0.0_ 0.0_ 1.0)
274.9858,-12,3,70,0,0,0,(0.0_ 0.0_ 1.0)
274.9858,-12,3,70,0,0,0,(0.0_ 0.0_ 1.0)
274.9858,-12,3,70,0,0,0,(0.0_ 0.0_ 1.0)
274.9858,-12,3,70,0,0,0,(0.0_ 0.0_ 1.0)
274.9858,-12,3,70,0,0,0,(0.0_ 0.0_ 1.0)
274.9858,-12,3,70,0,0,0,(0.0_ 0.0_ 1.0)
274.9858,-12,3,70,0,0,0,(0.0_ 0.0_ 1.0)
274.9858,-12,3,70,0,0,0,(0.0_ 0.0_ 1.0)
274.9858,-12,3,70,0,0,0,(0.0_ 0.0_ 1.0)
274.9858,-12,3,70,0,0,0,(0.0_ 0.0_ 1.0)
274.9972,-12,3,70,0,0,0,(0.0_ 0.0_ 1.0)
275.0084,-12,3,70,0,0,0,(0.0_ 0.0_ 1.0)
275.0195,-12,3,70,0,0,0,(0.0_ 0.0_ 1.0)
275.0302,-12,3,70,0,0,0,(0.0_ 0.0_ 1.0)
275.0417,-12,3,70,0,0,0,(0.0_ 0.0_ 1.0)
275.0531,-12,3,70,0,0,0,(0.0_ 0.0_ 1.0)
275.0634,-12,3,70,0,0,0,(0.0_ 0.0_ 1.0)
275.0753,-12,3,70,0,0,0,(0.0_ 0.0_ 1.0)
275.0858,-12,3,70,0,0,0,(0.0_ 0.0_ 1.0)
275.0974,-12,3,70,0,0,0,(0.0_ 0.0_ 1.0)
275.11,-12,3,70,0,0,0,(0.0_ 0.0_ 1.0)
275.121,-12,3,70,0,0,0,(0.0_ 0.0_ 1.0)
275.1306,-12,3,70,0,0,0,(0.0_ 0.0_ 1.0)
275.143,-12,3,70,0,0,0,(0.0_ 0.0_ 1.0)
275.1526,-12,3,70,0,0,0,(0.0_ 0.0_ 1.0)
275.163,-12,3,70,0,0,0,(0.0_ 0.0_ 1.0)
275.1746,-12,3,70,0,0,0,(0.0_ 0.0_ 1.0)
275.1854,-12,3,70,0,0,0,(0.0_ 0.0_ 1.0)
275.1965,-12,3,70,0,0,0,(0.0_ 0.0_ 1.0)
275.2078,-12,3,70,0,0,0,(0.0_ 0.0_ 1.0)
275.2191,-12,3,70,0,0,0,(0.0_ 0.0_ 1.0)
275.2299,-12,3,70,0,0,0,(0.0_ 0.0_ 1.0)
275.2414,-12,3,70,0,0,0,(0.0_ 0.0_ 1.0)
275.2531,-12,3,70,0,0,0,(0.0_ 0.0_ 1.0)
275.2636,-12,3,70,0,0,0,(0.0_ 0.0_ 1.0)
275.2747,-12,3,70,0,0,0,(0.0_ 0.0_ 1.0)
275.2856,-12,3,70,0,0,0,(0.0_ 0.0_ 1.0)
275.2968,-12,3,70,0,0,0,(0.0_ 0.0_ 1.0)
275.3079,-12,3,70,0,0,0,(0.0_ 0.0_ 1.0)
275.3192,-12,3,70,0,0,0,(0.0_ 0.0_ 1.0)
275.33,-12,3,70,0,0,0,(0.0_ 0.0_ 1.0)
275.3415,-12,3,70,0,0,0,(0.0_ 0.0_ 1.0)
275.3553,-12,3,70,0,0,0,(0.0_ 0.0_ 1.0)
275.3636,-12,3,70,0,0,0,(0.0_ 0.0_ 1.0)
275.3751,-12,3,70,0,0,0,(0.0_ 0.0_ 1.0)
275.3861,-12,3,70,0,0,0,(0.0_ 0.0_ 1.0)
275.3972,-12,3,70,0,0,0,(0.0_ 0.0_ 1.0)
275.4082,-12,3,70,0,0,0,(0.0_ 0.0_ 1.0)
275.42,-12,3,70,0,0,0,(0.0_ 0.0_ 1.0)
275.4309,-12,3,70,0,0,0,(0.0_ 0.0_ 1.0)
275.4414,-12,3,70,0,0,0,(0.0_ 0.0_ 1.0)
275.4527,-12,3,70,0,0,0,(0.0_ 0.0_ 1.0)
275.4637,-12,3,70,0,0,0,(0.0_ 0.0_ 1.0)
275.4752,-12,3,70,0,0,0,(0.0_ 0.0_ 1.0)
275.486,-12,3,70,0,0,0,(0.0_ 0.0_ 1.0)
275.4975,-12,3,70,0,0,0,(0.0_ 0.0_ 1.0)
275.5084,-12,3,70,0,0,0,(0.0_ 0.0_ 1.0)
275.52,-12,3,70,0,0,0,(0.0_ 0.0_ 1.0)
275.5306,-12,3,70,0,0,0,(0.0_ 0.0_ 1.0)
275.5418,-12,3,70,0,0,0,(0.0_ 0.0_ 1.0)
275.5558,-12,3,70,0,0,0,(0.0_ 0.0_ 1.0)
275.5638,-12,3,70,0,0,0,(0.0_ 0.0_ 1.0)
275.5754,-12,3,70,0,0,0,(0.0_ 0.0_ 1.0)
275.5861,-12,3,70,0,0,0,(0.0_ 0.0_ 1.0)
275.5974,-12,3,70,0,0,0,(0.0_ 0.0_ 1.0)
275.6086,-12,3,70,0,0,0,(0.0_ 0.0_ 1.0)
275.6199,-12,3,70,0,0,0,(0.0_ 0.0_ 1.0)
275.6307,-12,3,70,0,0,0,(0.0_ 0.0_ 1.0)
275.6421,-12,3,70,0,0,0,(0.0_ 0.0_ 1.0)
275.6534,-12,3,70,0,0,0,(0.0_ 0.0_ 1.0)
275.6638,-12,3,70,0,0,0,(0.0_ 0.0_ 1.0)
275.6751,-12,3,70,0,0,0,(0.0_ 0.0_ 1.0)
275.6862,-12,3,70,0,0,0,(0.0_ 0.0_ 1.0)
275.6978,-12,3,70,0,0,0,(0.0_ 0.0_ 1.0)
275.7085,-12,3,70,0,0,0,(0.0_ 0.0_ 1.0)
275.7204,-12,3,70,0,0,0,(0.0_ 0.0_ 1.0)
275.7311,-12,3,70,0,0,0,(0.0_ 0.0_ 1.0)
275.742,-12,3,70,0,0,0,(0.0_ 0.0_ 1.0)
275.7562,-12,3,70,0,0,0,(0.0_ 0.0_ 1.0)
275.7638,-12,3,70,0,0,0,(0.0_ 0.0_ 1.0)
275.7761,-12,3,70,0,0,0,(0.0_ 0.0_ 1.0)
275.7867,-12,3,70,0,0,0,(0.0_ 0.0_ 1.0)
275.7976,-12,3,70,0,0,0,(0.0_ 0.0_ 1.0)
275.8088,-12,3,70,0,0,0,(0.0_ 0.0_ 1.0)
275.8199,-12,3,70,0,0,0,(0.0_ 0.0_ 1.0)
275.8306,-12,3,70,0,0,0,(0.0_ 0.0_ 1.0)
275.8425,-12,3,70,0,0,0,(0.0_ 0.0_ 1.0)
275.8533,-12,3,70,0,0,0,(0.0_ 0.0_ 1.0)
275.8639,-12,3,70,0,0,0,(0.0_ 0.0_ 1.0)
275.8758,-12,3,70,0,0,0,(0.0_ 0.0_ 1.0)
275.8867,-12,3,70,0,0,0,(0.0_ 0.0_ 1.0)
275.8976,-12,3,70,0,0,0,(0.0_ 0.0_ 1.0)
275.9134,-12,3,70,0,0,0,(0.0_ 0.0_ 1.0)
275.92,-12,3,70,0,0,0,(0.0_ 0.0_ 1.0)
275.9317,-12,3,70,0,0,0,(0.0_ 0.0_ 1.0)
275.9427,-12,3,70,0,0,0,(0.0_ 0.0_ 1.0)
275.9567,-12,3,70,0,0,0,(0.0_ 0.0_ 1.0)
275.9646,-12,3,70,0,0,0,(0.0_ 0.0_ 1.0)
275.9763,-12,3,70,0,0,0,(0.0_ 0.0_ 1.0)
275.9866,-12,3,70,0,0,0,(0.0_ 0.0_ 1.0)
275.9978,-12,3,70,0,0,0,(0.0_ 0.0_ 1.0)
276.0092,-12,3,70,0,0,0,(0.0_ 0.0_ 1.0)
276.0205,-12,3,70,0,0,0,(0.0_ 0.0_ 1.0)
276.0313,-12,3,70,0,0,0,(0.0_ 0.0_ 1.0)
276.0421,-12,3,70,0,0,0,(0.0_ 0.0_ 1.0)
276.0534,-12,3,70,0,0,0,(0.0_ 0.0_ 1.0)
276.0643,-12,3,70,0,0,0,(0.0_ 0.0_ 1.0)
276.0758,-12,3,70,0,0,0,(0.0_ 0.0_ 1.0)
276.0865,-12,3,70,0,0,0,(0.0_ 0.0_ 1.0)
276.0977,-12,3,70,0,0,0,(0.0_ 0.0_ 1.0)
276.1086,-12,3,70,0,0,0,(0.0_ 0.0_ 1.0)
276.12,-12,3,70,0,0,0,(0.0_ 0.0_ 1.0)
276.1313,-12,3,70,0,0,0,(0.0_ 0.0_ 1.0)
276.1421,-12,3,70,0,0,0,(0.0_ 0.0_ 1.0)
276.1534,-12,3,70,0,0,0,(0.0_ 0.0_ 1.0)
276.1671,-12,3,70,0,0,0,(0.0_ 0.0_ 1.0)
276.1753,-12,3,70,0,0,0,(0.0_ 0.0_ 1.0)
276.1866,-12,3,70,0,0,0,(0.0_ 0.0_ 1.0)
276.1975,-12,3,70,0,0,0,(0.0_ 0.0_ 1.0)
276.2088,-12,3,70,0,0,0,(0.0_ 0.0_ 1.0)
276.2202,-12,3,70,0,0,0,(0.0_ 0.0_ 1.0)
276.231,-12,3,70,0,0,0,(0.0_ 0.0_ 1.0)
276.2419,-12,3,70,0,0,0,(0.0_ 0.0_ 1.0)
276.2536,-12,3,70,0,0,0,(0.0_ 0.0_ 1.0)
276.2641,-12,3,70,0,0,0,(0.0_ 0.0_ 1.0)
276.2756,-12,3,70,0,0,0,(0.0_ 0.0_ 1.0)
276.2866,-12,3,70,0,0,0,(0.0_ 0.0_ 1.0)
276.298,-12,3,70,0,0,0,(0.0_ 0.0_ 1.0)
276.3089,-12,3,70,0,0,0,(0.0_ 0.0_ 1.0)
276.3208,-12,3,70,0,0,0,(0.0_ 0.0_ 1.0)
276.3315,-12,3,70,0,0,0,(0.0_ 0.0_ 1.0)
276.3424,-12,3,70,0,0,0,(0.0_ 0.0_ 1.0)
276.3536,-12,3,70,0,0,0,(0.0_ 0.0_ 1.0)
276.3665,-12,3,70,0,0,0,(0.0_ 0.0_ 1.0)
276.376,-12,3,70,0,0,0,(0.0_ 0.0_ 1.0)
276.3866,-12,3,70,0,0,0,(0.0_ 0.0_ 1.0)
276.398,-12,3,70,0,0,0,(0.0_ 0.0_ 1.0)
276.409,-12,3,70,0,0,0,(0.0_ 0.0_ 1.0)
276.421,-12,3,70,0,0,0,(0.0_ 0.0_ 1.0)
276.4313,-12,3,70,0,0,0,(0.0_ 0.0_ 1.0)
276.4421,-12,3,70,0,0,0,(0.0_ 0.0_ 1.0)
276.454,-12,3,70,0,0,0,(0.0_ 0.0_ 1.0)
276.4642,-12,3,70,0,0,0,(0.0_ 0.0_ 1.0)
276.4759,-12,3,70,0,0,0,(0.0_ 0.0_ 1.0)
276.4867,-12,3,70,0,0,0,(0.0_ 0.0_ 1.0)
276.4983,-12,3,70,0,0,0,(0.0_ 0.0_ 1.0)
276.5092,-12,3,70,0,0,0,(0.0_ 0.0_ 1.0)
276.5201,-12,3,70,0,0,0,(0.0_ 0.0_ 1.0)
276.5313,-12,3,70,0,0,0,(0.0_ 0.0_ 1.0)
276.5421,-12,3,70,0,0,0,(0.0_ 0.0_ 1.0)
276.5536,-12,3,70,0,0,0,(0.0_ 0.0_ 1.0)
276.5668,-12,3,70,0,0,0,(0.0_ 0.0_ 1.0)
276.5761,-12,3,70,0,0,0,(0.0_ 0.0_ 1.0)
276.5868,-12,3,70,0,0,0,(0.0_ 0.0_ 1.0)
276.5981,-12,3,70,0,0,0,(0.0_ 0.0_ 1.0)
276.6091,-12,3,70,0,0,0,(0.0_ 0.0_ 1.0)
276.6205,-12,3,70,0,0,0,(0.0_ 0.0_ 1.0)
276.6316,-12,3,70,0,0,0,(0.0_ 0.0_ 1.0)
276.6423,-12,3,70,0,0,0,(0.0_ 0.0_ 1.0)
276.6539,-12,3,70,0,0,0,(0.0_ 0.0_ 1.0)
276.6649,-12,3,70,0,0,0,(0.0_ 0.0_ 1.0)
276.6757,-12,3,70,0,0,0,(0.0_ 0.0_ 1.0)
276.6869,-12,3,70,0,0,0,(0.0_ 0.0_ 1.0)
276.6979,-12,3,70,0,0,0,(0.0_ 0.0_ 1.0)
276.7091,-12,3,70,0,0,0,(0.0_ 0.0_ 1.0)
276.7206,-12,3,70,0,0,0,(0.0_ 0.0_ 1.0)
276.732,-12,3,70,0,0,0,(0.0_ 0.0_ 1.0)
276.7421,-12,3,70,0,0,0,(0.0_ 0.0_ 1.0)
276.7538,-12,3,70,0,0,0,(0.0_ 0.0_ 1.0)
276.7674,-12,3,70,0,0,0,(0.0_ 0.0_ 1.0)
276.7757,-12,3,70,0,0,0,(0.0_ 0.0_ 1.0)
276.7869,-12,3,70,0,0,0,(0.0_ 0.0_ 1.0)
276.7982,-12,3,70,0,0,0,(0.0_ 0.0_ 1.0)
276.8092,-12,3,70,0,0,0,(0.0_ 0.0_ 1.0)
276.821,-12,3,70,0,0,0,(0.0_ 0.0_ 1.0)
276.8314,-12,3,70,0,0,0,(0.0_ 0.0_ 1.0)
276.8426,-12,3,70,0,0,0,(0.0_ 0.0_ 1.0)
276.8545,-12,3,70,0,0,0,(0.0_ 0.0_ 1.0)
276.8644,-12,3,70,0,0,0,(0.0_ 0.0_ 1.0)
276.8759,-12,3,70,0,0,0,(0.0_ 0.0_ 1.0)
276.8869,-12,3,70,0,0,0,(0.0_ 0.0_ 1.0)
276.8982,-12,3,70,0,0,0,(0.0_ 0.0_ 1.0)
276.9091,-12,3,70,0,0,0,(0.0_ 0.0_ 1.0)
276.9205,-12,3,70,0,0,0,(0.0_ 0.0_ 1.0)
276.9316,-12,3,70,0,0,0,(0.0_ 0.0_ 1.0)
276.9424,-12,3,70,0,0,0,(0.0_ 0.0_ 1.0)
276.954,-12,3,70,0,0,0,(0.0_ 0.0_ 1.0)
276.9672,-12,3,70,0,0,0,(0.0_ 0.0_ 1.0)
276.976,-12,3,70,0,0,0,(0.0_ 0.0_ 1.0)
276.9868,-12,3,70,0,0,0,(0.0_ 0.0_ 1.0)
276.9982,-12,3,70,0,0,0,(0.0_ 0.0_ 1.0)
277.0093,-12,3,70,0,0,0,(0.0_ 0.0_ 1.0)
277.0206,-12,3,70,0,0,0,(0.0_ 0.0_ 1.0)
277.0321,-12,3,70,0,0,0,(0.0_ 0.0_ 1.0)
277.0433,-12,3,70,0,0,0,(0.0_ 0.0_ 1.0)
277.0543,-12,3,70,0,0,0,(0.0_ 0.0_ 1.0)
277.0643,-12,3,70,0,0,0,(0.0_ 0.0_ 1.0)
277.0758,-12,3,70,0,0,0,(0.0_ 0.0_ 1.0)
277.087,-12,3,70,0,0,0,(0.0_ 0.0_ 1.0)
277.098,-12,3,70,0,0,0,(0.0_ 0.0_ 1.0)
277.1099,-12,3,70,0,0,0,(0.0_ 0.0_ 1.0)
277.1208,-12,3,70,0,0,0,(0.0_ 0.0_ 1.0)
277.1313,-12,3,70,0,0,0,(0.0_ 0.0_ 1.0)
277.1423,-12,3,70,0,0,0,(0.0_ 0.0_ 1.0)
277.1541,-12,3,70,0,0,0,(0.0_ 0.0_ 1.0)
277.1673,-12,3,70,0,0,0,(0.0_ 0.0_ 1.0)
277.1766,-12,3,70,0,0,0,(0.0_ 0.0_ 1.0)
277.1872,-12,3,70,0,0,0,(0.0_ 0.0_ 1.0)
277.198,-12,3,70,0,0,0,(0.0_ 0.0_ 1.0)
277.209,-12,3,70,0,0,0,(0.0_ 0.0_ 1.0)
277.2206,-12,3,70,0,0,0,(0.0_ 0.0_ 1.0)
277.2318,-12,3,70,0,0,0,(0.0_ 0.0_ 1.0)
277.2427,-12,3,70,0,0,0,(0.0_ 0.0_ 1.0)
277.2542,-12,3,70,0,0,0,(0.0_ 0.0_ 1.0)
277.2648,-12,3,70,0,0,0,(0.0_ 0.0_ 1.0)
277.2761,-12,3,70,0,0,0,(0.0_ 0.0_ 1.0)
277.287,-12,3,70,0,0,0,(0.0_ 0.0_ 1.0)
277.2981,-12,3,70,0,0,0,(0.0_ 0.0_ 1.0)
277.3095,-12,3,70,0,0,0,(0.0_ 0.0_ 1.0)
277.3211,-12,3,70,0,0,0,(0.0_ 0.0_ 1.0)
277.3318,-12,3,70,0,0,0,(0.0_ 0.0_ 1.0)
277.3424,-12,3,70,0,0,0,(0.0_ 0.0_ 1.0)
277.3541,-12,3,70,0,0,0,(0.0_ 0.0_ 1.0)
277.3647,-12,3,70,0,0,0,(0.0_ 0.0_ 1.0)
277.379,-12,3,70,0,0,0,(0.0_ 0.0_ 1.0)
277.3872,-12,3,70,0,0,0,(0.0_ 0.0_ 1.0)
277.3983,-12,3,70,0,0,0,(0.0_ 0.0_ 1.0)
277.4093,-12,3,70,0,0,0,(0.0_ 0.0_ 1.0)
277.4208,-12,3,70,0,0,0,(0.0_ 0.0_ 1.0)
277.4321,-12,3,70,0,0,0,(0.0_ 0.0_ 1.0)
277.4424,-12,3,70,0,0,0,(0.0_ 0.0_ 1.0)
277.4544,-12,3,70,0,0,0,(0.0_ 0.0_ 1.0)
277.4648,-12,3,70,0,0,0,(0.0_ 0.0_ 1.0)
277.4763,-12,3,70,0,0,0,(0.0_ 0.0_ 1.0)
277.4872,-12,3,70,0,0,0,(0.0_ 0.0_ 1.0)
277.4987,-12,3,70,0,0,0,(0.0_ 0.0_ 1.0)
277.5093,-12,3,70,0,0,0,(0.0_ 0.0_ 1.0)
277.521,-12,3,70,0,0,0,(0.0_ 0.0_ 1.0)
277.532,-12,3,70,0,0,0,(0.0_ 0.0_ 1.0)
277.5426,-12,3,70,0,0,0,(0.0_ 0.0_ 1.0)
277.5542,-12,3,70,0,0,0,(0.0_ 0.0_ 1.0)
277.565,-12,3,70,0,0,0,(0.0_ 0.0_ 1.0)
277.5792,-12,3,70,0,0,0,(0.0_ 0.0_ 1.0)
277.5874,-12,3,70,0,0,0,(0.0_ 0.0_ 1.0)
277.5987,-12,3,70,0,0,0,(0.0_ 0.0_ 1.0)
277.6098,-12,3,70,0,0,0,(0.0_ 0.0_ 1.0)
277.6214,-12,3,70,0,0,0,(0.0_ 0.0_ 1.0)
277.6323,-12,3,70,0,0,0,(0.0_ 0.0_ 1.0)
277.6428,-12,3,70,0,0,0,(0.0_ 0.0_ 1.0)
277.6541,-12,3,70,0,0,0,(0.0_ 0.0_ 1.0)
277.6651,-12,3,70,0,0,0,(0.0_ 0.0_ 1.0)
277.6763,-12,3,70,0,0,0,(0.0_ 0.0_ 1.0)
277.6873,-12,3,70,0,0,0,(0.0_ 0.0_ 1.0)
277.6983,-12,3,70,0,0,0,(0.0_ 0.0_ 1.0)
277.7092,-12,3,70,0,0,0,(0.0_ 0.0_ 1.0)
277.721,-12,3,70,0,0,0,(0.0_ 0.0_ 1.0)
277.7319,-12,3,70,0,0,0,(0.0_ 0.0_ 1.0)
277.743,-12,3,70,0,0,0,(0.0_ 0.0_ 1.0)
277.7542,-12,3,70,0,0,0,(0.0_ 0.0_ 1.0)
277.7648,-12,3,70,0,0,0,(0.0_ 0.0_ 1.0)
277.7762,-12,3,70,0,0,0,(0.0_ 0.0_ 1.0)
277.7903,-12,3,70,0,0,0,(0.0_ 0.0_ 1.0)
277.7982,-12,3,70,0,0,0,(0.0_ 0.0_ 1.0)
277.8093,-12,3,70,0,0,0,(0.0_ 0.0_ 1.0)
277.821,-12,3,70,0,0,0,(0.0_ 0.0_ 1.0)
277.8319,-12,3,70,0,0,0,(0.0_ 0.0_ 1.0)
277.8429,-12,3,70,0,0,0,(0.0_ 0.0_ 1.0)
277.8542,-12,3,70,0,0,0,(0.0_ 0.0_ 1.0)
277.8651,-12,3,70,0,0,0,(0.0_ 0.0_ 1.0)
277.8773,-11.93894,3,70,0,0,0,(0.0_ 0.0_ 1.0)
277.8875,-11.88768,3,70,0,0,0,(0.0_ 0.0_ 1.0)
277.8988,-11.8316,3,70,0,0,0,(0.0_ 0.0_ 1.0)
277.9095,-11.77768,3,70,0,0,0,(0.0_ 0.0_ 1.0)
277.9211,-11.71989,3,70,0,0,0,(0.0_ 0.0_ 1.0)
277.9323,-11.6638,3,70,0,0,0,(0.0_ 0.0_ 1.0)
277.943,-11.61047,3,70,0,0,0,(0.0_ 0.0_ 1.0)
277.9551,-11.54978,3,70,0,0,0,(0.0_ 0.0_ 1.0)
277.9653,-11.49899,3,70,0,0,0,(0.0_ 0.0_ 1.0)
277.9768,-11.44155,3,70,0,0,0,(0.0_ 0.0_ 1.0)
277.9897,-11.37675,3,70,0,0,0,(0.0_ 0.0_ 1.0)
277.9984,-11.33335,3,70,0,0,0,(0.0_ 0.0_ 1.0)
278.0095,-11.27775,3,70,0,0,0,(0.0_ 0.0_ 1.0)
278.0209,-11.22075,3,70,0,0,0,(0.0_ 0.0_ 1.0)
278.0326,-11.16267,3,70,0,0,0,(0.0_ 0.0_ 1.0)
278.0426,-11.11228,3,70,0,0,0,(0.0_ 0.0_ 1.0)
278.0543,-11.05379,3,70,0,0,0,(0.0_ 0.0_ 1.0)
278.0651,-11.00005,3,70,0,0,0,(0.0_ 0.0_ 1.0)
278.0762,-10.94434,3,70,0,0,0,(0.0_ 0.0_ 1.0)
278.0879,-10.88576,3,70,0,0,0,(0.0_ 0.0_ 1.0)
278.0985,-10.83277,3,70,0,0,0,(0.0_ 0.0_ 1.0)
278.1095,-10.77792,3,70,0,0,0,(0.0_ 0.0_ 1.0)
278.1211,-10.72008,3,70,0,0,0,(0.0_ 0.0_ 1.0)
278.1323,-10.66414,3,70,0,0,0,(0.0_ 0.0_ 1.0)
278.1434,-10.60857,3,70,0,0,0,(0.0_ 0.0_ 1.0)
278.1549,-10.55089,3,70,0,0,0,(0.0_ 0.0_ 1.0)
278.1656,-10.49738,3,70,0,0,0,(0.0_ 0.0_ 1.0)
278.1765,-10.44267,3,70,0,0,0,(0.0_ 0.0_ 1.0)
278.1879,-10.3858,3,70,0,0,0,(0.0_ 0.0_ 1.0)
278.2021,-10.3152,3,70,0,0,0,(0.0_ 0.0_ 1.0)
278.2099,-10.27597,3,70,0,0,0,(0.0_ 0.0_ 1.0)
278.221,-10.22048,3,70,0,0,0,(0.0_ 0.0_ 1.0)
278.2322,-10.16425,3,70,0,0,0,(0.0_ 0.0_ 1.0)
278.2434,-10.10855,3,70,0,0,0,(0.0_ 0.0_ 1.0)
278.2558,-10.04641,3,70,0,0,0,(0.0_ 0.0_ 1.0)
278.265,-10.00049,3,70,0,0,0,(0.0_ 0.0_ 1.0)
278.2769,-9.940839,3,70,0,0,0,(0.0_ 0.0_ 1.0)
278.2877,-9.887096,3,70,0,0,0,(0.0_ 0.0_ 1.0)
278.2989,-9.831186,3,70,0,0,0,(0.0_ 0.0_ 1.0)
278.315,-9.750253,3,70,0,0,0,(0.0_ 0.0_ 1.0)
278.3214,-9.718274,3,70,0,0,0,(0.0_ 0.0_ 1.0)
278.3332,-9.659558,3,70,0,0,0,(0.0_ 0.0_ 1.0)
278.3437,-9.60716,3,70,0,0,0,(0.0_ 0.0_ 1.0)
278.3555,-9.547775,3,70,0,0,0,(0.0_ 0.0_ 1.0)
278.366,-9.495232,3,70,0,0,0,(0.0_ 0.0_ 1.0)
278.3775,-9.437964,3,70,0,0,0,(0.0_ 0.0_ 1.0)
278.3881,-9.385172,3,70,0,0,0,(0.0_ 0.0_ 1.0)
278.4017,-9.316807,3,70,0,0,0,(0.0_ 0.0_ 1.0)
278.4099,-9.275904,3,70,0,0,0,(0.0_ 0.0_ 1.0)
278.421,-9.220283,3,70,0,0,0,(0.0_ 0.0_ 1.0)
278.4325,-9.162858,3,70,0,0,0,(0.0_ 0.0_ 1.0)
278.4429,-9.110826,3,70,0,0,0,(0.0_ 0.0_ 1.0)
278.4546,-9.052283,3,70,0,0,0,(0.0_ 0.0_ 1.0)
278.4649,-9.000727,3,70,0,0,0,(0.0_ 0.0_ 1.0)
278.4767,-8.941769,3,70,0,0,0,(0.0_ 0.0_ 1.0)
278.4875,-8.887989,3,70,0,0,0,(0.0_ 0.0_ 1.0)
278.4987,-8.831658,3,70,0,0,0,(0.0_ 0.0_ 1.0)
278.5096,-8.777236,3,70,0,0,0,(0.0_ 0.0_ 1.0)
278.5214,-8.718369,3,70,0,0,0,(0.0_ 0.0_ 1.0)
278.532,-8.66533,3,70,0,0,0,(0.0_ 0.0_ 1.0)
278.5429,-8.610933,3,70,0,0,0,(0.0_ 0.0_ 1.0)
278.5545,-8.552979,3,70,0,0,0,(0.0_ 0.0_ 1.0)
278.5648,-8.501299,3,70,0,0,0,(0.0_ 0.0_ 1.0)
278.5766,-8.442366,3,70,0,0,0,(0.0_ 0.0_ 1.0)
278.5875,-8.388068,3,70,0,0,0,(0.0_ 0.0_ 1.0)
278.5985,-8.33298,3,70,0,0,0,(0.0_ 0.0_ 1.0)
278.612,-8.265436,3,70,0,0,0,(0.0_ 0.0_ 1.0)
278.621,-8.220329,3,70,0,0,0,(0.0_ 0.0_ 1.0)
278.6319,-8.165718,3,70,0,0,0,(0.0_ 0.0_ 1.0)
278.6428,-8.111501,3,70,0,0,0,(0.0_ 0.0_ 1.0)
278.654,-8.055315,3,70,0,0,0,(0.0_ 0.0_ 1.0)
278.6651,-8.000052,3,70,0,0,0,(0.0_ 0.0_ 1.0)
278.6767,-7.94208,3,70,0,0,0,(0.0_ 0.0_ 1.0)
278.6872,-7.889659,3,70,0,0,0,(0.0_ 0.0_ 1.0)
278.6992,-7.829698,3,70,0,0,0,(0.0_ 0.0_ 1.0)
278.7093,-7.778808,3,70,0,0,0,(0.0_ 0.0_ 1.0)
278.7209,-7.720669,3,70,0,0,0,(0.0_ 0.0_ 1.0)
278.7314,-7.668262,3,70,0,0,0,(0.0_ 0.0_ 1.0)
278.7427,-7.61207,3,70,0,0,0,(0.0_ 0.0_ 1.0)
278.7542,-7.554269,3,70,0,0,0,(0.0_ 0.0_ 1.0)
278.765,-7.500381,3,70,0,0,0,(0.0_ 0.0_ 1.0)
278.7769,-7.440941,3,70,0,0,0,(0.0_ 0.0_ 1.0)
278.7874,-7.388675,3,70,0,0,0,(0.0_ 0.0_ 1.0)
278.7985,-7.333168,3,70,0,0,0,(0.0_ 0.0_ 1.0)
278.8096,-7.277474,3,70,0,0,0,(0.0_ 0.0_ 1.0)
278.8235,-7.208188,3,70,0,0,0,(0.0_ 0.0_ 1.0)
278.8322,-7.164295,3,70,0,0,0,(0.0_ 0.0_ 1.0)
278.8427,-7.111778,3,70,0,0,0,(0.0_ 0.0_ 1.0)
278.8544,-7.053375,3,70,0,0,0,(0.0_ 0.0_ 1.0)
278.8649,-7.000744,3,70,0,0,0,(0.0_ 0.0_ 1.0)
278.8766,-6.942714,3,70,0,0,0,(0.0_ 0.0_ 1.0)
278.8874,-6.888517,3,70,0,0,0,(0.0_ 0.0_ 1.0)
278.899,-6.830346,3,70,0,0,0,(0.0_ 0.0_ 1.0)
278.9099,-6.77594,3,70,0,0,0,(0.0_ 0.0_ 1.0)
278.9214,-6.718534,3,70,0,0,0,(0.0_ 0.0_ 1.0)
278.932,-6.665552,3,70,0,0,0,(0.0_ 0.0_ 1.0)
278.9428,-6.611269,3,70,0,0,0,(0.0_ 0.0_ 1.0)
278.9544,-6.553381,3,70,0,0,0,(0.0_ 0.0_ 1.0)
278.965,-6.500515,3,70,0,0,0,(0.0_ 0.0_ 1.0)
278.9768,-6.441569,3,70,0,0,0,(0.0_ 0.0_ 1.0)
278.9883,-6.384168,3,70,0,0,0,(0.0_ 0.0_ 1.0)
278.9986,-6.332371,3,70,0,0,0,(0.0_ 0.0_ 1.0)
279.0096,-6.27727,3,70,0,0,0,(0.0_ 0.0_ 1.0)
279.0234,-6.208195,3,70,0,0,0,(0.0_ 0.0_ 1.0)
279.0319,-6.165759,3,70,0,0,0,(0.0_ 0.0_ 1.0)
279.0428,-6.111423,3,70,0,0,0,(0.0_ 0.0_ 1.0)
279.0542,-6.054626,3,70,0,0,0,(0.0_ 0.0_ 1.0)
279.0648,-6.001452,3,70,0,0,0,(0.0_ 0.0_ 1.0)
279.0766,-5.942505,3,70,0,0,0,(0.0_ 0.0_ 1.0)
279.0878,-5.886357,3,70,0,0,0,(0.0_ 0.0_ 1.0)
279.0987,-5.832162,3,70,0,0,0,(0.0_ 0.0_ 1.0)
279.1096,-5.777143,3,70,0,0,0,(0.0_ 0.0_ 1.0)
279.121,-5.720582,3,70,0,0,0,(0.0_ 0.0_ 1.0)
279.1319,-5.665926,3,70,0,0,0,(0.0_ 0.0_ 1.0)
279.1432,-5.609256,3,70,0,0,0,(0.0_ 0.0_ 1.0)
279.1547,-5.552001,3,70,0,0,0,(0.0_ 0.0_ 1.0)
279.1651,-5.500008,3,70,0,0,0,(0.0_ 0.0_ 1.0)
279.1766,-5.442386,3,70,0,0,0,(0.0_ 0.0_ 1.0)
279.1875,-5.387774,3,70,0,0,0,(0.0_ 0.0_ 1.0)
279.1989,-5.33106,3,70,0,0,0,(0.0_ 0.0_ 1.0)
279.2098,-5.276225,3,70,0,0,0,(0.0_ 0.0_ 1.0)
279.2239,-5.205828,3,70,0,0,0,(0.0_ 0.0_ 1.0)
279.2322,-5.164577,3,70,0,0,0,(0.0_ 0.0_ 1.0)
279.2429,-5.110972,3,70,0,0,0,(0.0_ 0.0_ 1.0)
279.2547,-5.052018,3,70,0,0,0,(0.0_ 0.0_ 1.0)
279.265,-5.000234,3,70,0,0,0,(0.0_ 0.0_ 1.0)
279.2766,-4.942319,3,70,0,0,0,(0.0_ 0.0_ 1.0)
279.2875,-4.888057,3,70,0,0,0,(0.0_ 0.0_ 1.0)
279.2993,-4.829127,3,70,0,0,0,(0.0_ 0.0_ 1.0)
279.3098,-4.776476,3,70,0,0,0,(0.0_ 0.0_ 1.0)
279.321,-4.720706,3,70,0,0,0,(0.0_ 0.0_ 1.0)
279.3321,-4.665147,3,70,0,0,0,(0.0_ 0.0_ 1.0)
279.3428,-4.611578,3,70,0,0,0,(0.0_ 0.0_ 1.0)
279.3545,-4.552898,3,70,0,0,0,(0.0_ 0.0_ 1.0)
279.3652,-4.499453,3,70,0,0,0,(0.0_ 0.0_ 1.0)
279.3768,-4.441514,3,70,0,0,0,(0.0_ 0.0_ 1.0)
279.388,-4.385546,3,70,0,0,0,(0.0_ 0.0_ 1.0)
279.399,-4.330422,3,70,0,0,0,(0.0_ 0.0_ 1.0)
279.4096,-4.27719,3,70,0,0,0,(0.0_ 0.0_ 1.0)
279.4216,-4.217622,3,70,0,0,0,(0.0_ 0.0_ 1.0)
279.435,-4.150558,3,70,0,0,0,(0.0_ 0.0_ 1.0)
279.4427,-4.111691,3,70,0,0,0,(0.0_ 0.0_ 1.0)
279.4547,-4.051882,3,70,0,0,0,(0.0_ 0.0_ 1.0)
279.465,-4.000515,3,70,0,0,0,(0.0_ 0.0_ 1.0)
279.4764,-3.943547,3,70,0,0,0,(0.0_ 0.0_ 1.0)
279.4875,-3.88787,3,70,0,0,0,(0.0_ 0.0_ 1.0)
279.4986,-3.832492,3,70,0,0,0,(0.0_ 0.0_ 1.0)
279.5098,-3.776242,3,70,0,0,0,(0.0_ 0.0_ 1.0)
279.5215,-3.718206,3,70,0,0,0,(0.0_ 0.0_ 1.0)
279.5321,-3.664745,3,70,0,0,0,(0.0_ 0.0_ 1.0)
279.5429,-3.611053,3,70,0,0,0,(0.0_ 0.0_ 1.0)
279.5547,-3.551871,3,70,0,0,0,(0.0_ 0.0_ 1.0)
279.5651,-3.50003,3,70,0,0,0,(0.0_ 0.0_ 1.0)
279.5765,-3.442861,3,70,0,0,0,(0.0_ 0.0_ 1.0)
279.5881,-3.384862,3,70,0,0,0,(0.0_ 0.0_ 1.0)
279.5991,-3.330098,3,70,0,0,0,(0.0_ 0.0_ 1.0)
279.6099,-3.275822,3,70,0,0,0,(0.0_ 0.0_ 1.0)
279.6211,-3.219754,3,70,0,0,0,(0.0_ 0.0_ 1.0)
279.6324,-3.163122,3,70,0,0,0,(0.0_ 0.0_ 1.0)
279.646,-3.095528,3,70,0,0,0,(0.0_ 0.0_ 1.0)
279.6545,-3.052807,3,70,0,0,0,(0.0_ 0.0_ 1.0)
279.6658,-2.996608,3,70,0,0,0,(0.0_ 0.0_ 1.0)
279.6764,-2.943585,3,70,0,0,0,(0.0_ 0.0_ 1.0)
279.688,-2.885551,3,70,0,0,0,(0.0_ 0.0_ 1.0)
279.699,-2.83033,3,70,0,0,0,(0.0_ 0.0_ 1.0)
279.7098,-2.776551,3,70,0,0,0,(0.0_ 0.0_ 1.0)
279.7213,-2.718787,3,70,0,0,0,(0.0_ 0.0_ 1.0)
279.7321,-2.664644,3,70,0,0,0,(0.0_ 0.0_ 1.0)
279.7434,-2.608455,3,70,0,0,0,(0.0_ 0.0_ 1.0)
279.7545,-2.552821,3,70,0,0,0,(0.0_ 0.0_ 1.0)
279.7653,-2.499022,3,70,0,0,0,(0.0_ 0.0_ 1.0)
279.7765,-2.443175,3,70,0,0,0,(0.0_ 0.0_ 1.0)
279.7878,-2.386673,3,70,0,0,0,(0.0_ 0.0_ 1.0)
279.7991,-2.329984,3,70,0,0,0,(0.0_ 0.0_ 1.0)
279.8097,-2.276819,3,70,0,0,0,(0.0_ 0.0_ 1.0)
279.8209,-2.220758,3,70,0,0,0,(0.0_ 0.0_ 1.0)
279.8326,-2.16273,3,70,0,0,0,(0.0_ 0.0_ 1.0)
279.8456,-2.097234,3,70,0,0,0,(0.0_ 0.0_ 1.0)
279.8546,-2.052592,3,70,0,0,0,(0.0_ 0.0_ 1.0)
279.8652,-1.999501,3,70,0,0,0,(0.0_ 0.0_ 1.0)
279.8769,-1.940905,3,70,0,0,0,(0.0_ 0.0_ 1.0)
279.8878,-1.886458,3,70,0,0,0,(0.0_ 0.0_ 1.0)
279.899,-1.830713,3,70,0,0,0,(0.0_ 0.0_ 1.0)
279.9099,-1.775957,3,70,0,0,0,(0.0_ 0.0_ 1.0)
279.9216,-1.717299,3,70,0,0,0,(0.0_ 0.0_ 1.0)
279.9324,-1.663374,3,70,0,0,0,(0.0_ 0.0_ 1.0)
279.9435,-1.608007,3,70,0,0,0,(0.0_ 0.0_ 1.0)
279.9546,-1.552621,3,70,0,0,0,(0.0_ 0.0_ 1.0)
279.9653,-1.498831,3,70,0,0,0,(0.0_ 0.0_ 1.0)
279.9769,-1.441028,3,70,0,0,0,(0.0_ 0.0_ 1.0)
279.9881,-1.384966,3,70,0,0,0,(0.0_ 0.0_ 1.0)
279.9988,-1.331528,3,70,0,0,0,(0.0_ 0.0_ 1.0)
280.0102,-1.27462,3,70,0,0,0,(0.0_ 0.0_ 1.0)
280.0216,-1.217526,3,70,0,0,0,(0.0_ 0.0_ 1.0)
280.0322,-1.164422,3,70,0,0,0,(0.0_ 0.0_ 1.0)
280.0432,-1.109257,3,70,0,0,0,(0.0_ 0.0_ 1.0)
280.0571,-1.039705,3,70,0,0,0,(0.0_ 0.0_ 1.0)
280.0652,-0.999538,3,70,0,0,0,(0.0_ 0.0_ 1.0)
280.0769,-0.940875,3,70,0,0,0,(0.0_ 0.0_ 1.0)
280.0879,-0.885979,3,70,0,0,0,(0.0_ 0.0_ 1.0)
280.0988,-0.831236,3,70,0,0,0,(0.0_ 0.0_ 1.0)
280.1098,-0.776556,3,70,0,0,0,(0.0_ 0.0_ 1.0)
280.1211,-0.719892,3,70,0,0,0,(0.0_ 0.0_ 1.0)
280.1324,-0.663446,3,70,0,0,0,(0.0_ 0.0_ 1.0)
280.1433,-0.608916,3,70,0,0,0,(0.0_ 0.0_ 1.0)
280.1548,-0.551421,3,70,0,0,0,(0.0_ 0.0_ 1.0)
280.1656,-0.497143,3,70,0,0,0,(0.0_ 0.0_ 1.0)
280.1767,-0.441753,3,70,0,0,0,(0.0_ 0.0_ 1.0)
280.1877,-0.386984,3,70,0,0,0,(0.0_ 0.0_ 1.0)
280.1989,-0.330761,3,70,0,0,0,(0.0_ 0.0_ 1.0)
280.2099,-0.275999,3,70,0,0,0,(0.0_ 0.0_ 1.0)
280.2215,-0.21776,3,70,0,0,0,(0.0_ 0.0_ 1.0)
280.2321,-0.164634,3,70,0,0,0,(0.0_ 0.0_ 1.0)
280.2431,-0.110045,3,70,0,0,0,(0.0_ 0.0_ 1.0)
280.255,-0.050205,3,70,0,0,0,(0.0_ 0.0_ 1.0)
280.268,0.014583,3,70,0,0,0,(0.0_ 0.0_ 1.0)
280.2769,0.058798,3,70,0,0,0,(0.0_ 0.0_ 1.0)
280.2875,0.112003,3,70,0,0,0,(0.0_ 0.0_ 1.0)
280.299,0.169629,3,70,0,0,0,(0.0_ 0.0_ 1.0)
280.31,0.224733,3,70,0,0,0,(0.0_ 0.0_ 1.0)
280.3219,0.283856,3,70,0,0,0,(0.0_ 0.0_ 1.0)
280.3321,0.335178,3,70,0,0,0,(0.0_ 0.0_ 1.0)
280.3431,0.39034,3,70,0,0,0,(0.0_ 0.0_ 1.0)
280.3553,0.450822,3,70,0,0,0,(0.0_ 0.0_ 1.0)
280.3651,0.50012,3,70,0,0,0,(0.0_ 0.0_ 1.0)
280.3766,0.557421,3,70,0,0,0,(0.0_ 0.0_ 1.0)
280.3882,0.615624,3,70,0,0,0,(0.0_ 0.0_ 1.0)
280.399,0.66976,3,70,0,0,0,(0.0_ 0.0_ 1.0)
280.4099,0.724361,3,70,0,0,0,(0.0_ 0.0_ 1.0)
280.4213,0.781222,3,70,0,0,0,(0.0_ 0.0_ 1.0)
280.4324,0.83645,3,70,0,0,0,(0.0_ 0.0_ 1.0)
280.4433,0.891027,3,70,0,0,0,(0.0_ 0.0_ 1.0)
280.4547,0.947935,3,70,0,0,0,(0.0_ 0.0_ 1.0)
280.4651,0.999946,3,70,0,0,0,(0.0_ 0.0_ 1.0)
280.479,1.069606,3,70,0,0,0,(0.0_ 0.0_ 1.0)
280.4873,1.111238,3,70,0,0,0,(0.0_ 0.0_ 1.0)
280.4989,1.169166,3,70,0,0,0,(0.0_ 0.0_ 1.0)
280.5098,1.2236,3,70,0,0,0,(0.0_ 0.0_ 1.0)
280.5214,1.281466,3,70,0,0,0,(0.0_ 0.0_ 1.0)
280.5331,1.339767,3,70,0,0,0,(0.0_ 0.0_ 1.0)
280.544,1.394467,3,70,0,0,0,(0.0_ 0.0_ 1.0)
280.5553,1.451184,3,70,0,0,0,(0.0_ 0.0_ 1.0)
280.5652,1.500758,3,70,0,0,0,(0.0_ 0.0_ 1.0)
280.5771,1.560072,3,70,0,0,0,(0.0_ 0.0_ 1.0)
280.5879,1.613931,3,70,0,0,0,(0.0_ 0.0_ 1.0)
280.5989,1.668967,3,70,0,0,0,(0.0_ 0.0_ 1.0)
280.61,1.724746,3,70,0,0,0,(0.0_ 0.0_ 1.0)
280.6212,1.780497,3,70,0,0,0,(0.0_ 0.0_ 1.0)
280.632,1.834762,3,70,0,0,0,(0.0_ 0.0_ 1.0)
280.6434,1.891634,3,70,0,0,0,(0.0_ 0.0_ 1.0)
280.6549,1.949237,3,70,0,0,0,(0.0_ 0.0_ 1.0)
280.6655,2.001966,3,70,0,0,0,(0.0_ 0.0_ 1.0)
280.6791,2.070084,3,70,0,0,0,(0.0_ 0.0_ 1.0)
280.6875,2.111914,3,70,0,0,0,(0.0_ 0.0_ 1.0)
280.6993,2.171336,3,70,0,0,0,(0.0_ 0.0_ 1.0)
280.7096,2.222773,3,70,0,0,0,(0.0_ 0.0_ 1.0)
280.7213,2.28113,3,70,0,0,0,(0.0_ 0.0_ 1.0)
280.732,2.334705,3,70,0,0,0,(0.0_ 0.0_ 1.0)
280.7481,2.414972,3,70,0,0,0,(0.0_ 0.0_ 1.0)
280.7549,2.44897,3,70,0,0,0,(0.0_ 0.0_ 1.0)
280.7662,2.505689,3,70,0,0,0,(0.0_ 0.0_ 1.0)
280.7776,2.56261,3,70,0,0,0,(0.0_ 0.0_ 1.0)
280.7882,2.615659,3,70,0,0,0,(0.0_ 0.0_ 1.0)
280.7997,2.673291,3,70,0,0,0,(0.0_ 0.0_ 1.0)
280.8105,2.726933,3,70,0,0,0,(0.0_ 0.0_ 1.0)
280.8215,2.782084,3,70,0,0,0,(0.0_ 0.0_ 1.0)
280.8325,2.837184,3,70,0,0,0,(0.0_ 0.0_ 1.0)
280.8435,2.892038,3,70,0,0,0,(0.0_ 0.0_ 1.0)
280.855,2.949507,3,70,0,0,0,(0.0_ 0.0_ 1.0)
280.8658,3.003553,3,70,0,0,0,(0.0_ 0.0_ 1.0)
280.8793,3.071249,3,70,0,0,0,(0.0_ 0.0_ 1.0)
280.8877,3.113106,3,70,0,0,0,(0.0_ 0.0_ 1.0)
280.8988,3.168411,3,70,0,0,0,(0.0_ 0.0_ 1.0)
280.9098,3.223743,3,70,0,0,0,(0.0_ 0.0_ 1.0)
280.9218,3.283439,3,70,0,0,0,(0.0_ 0.0_ 1.0)
280.932,3.334736,3,70,0,0,0,(0.0_ 0.0_ 1.0)
280.9431,3.389846,3,70,0,0,0,(0.0_ 0.0_ 1.0)
280.9547,3.448128,3,70,0,0,0,(0.0_ 0.0_ 1.0)
280.965,3.499607,3,70,0,0,0,(0.0_ 0.0_ 1.0)
280.9769,3.559161,3,70,0,0,0,(0.0_ 0.0_ 1.0)
280.9879,3.61418,3,70,0,0,0,(0.0_ 0.0_ 1.0)
280.9984,3.666819,3,70,0,0,0,(0.0_ 0.0_ 1.0)
281.0096,3.722629,3,70,0,0,0,(0.0_ 0.0_ 1.0)
281.0212,3.780471,3,70,0,0,0,(0.0_ 0.0_ 1.0)
281.0324,3.836505,3,70,0,0,0,(0.0_ 0.0_ 1.0)
281.0428,3.88882,3,70,0,0,0,(0.0_ 0.0_ 1.0)
281.0547,3.947839,3,70,0,0,0,(0.0_ 0.0_ 1.0)
281.0654,4.001573,3,70,0,0,0,(0.0_ 0.0_ 1.0)
281.0765,4.057207,3,70,0,0,0,(0.0_ 0.0_ 1.0)
281.0901,4.125,3,70,0,0,0,(0.0_ 0.0_ 1.0)
281.0988,4.168647,3,70,0,0,0,(0.0_ 0.0_ 1.0)
281.1096,4.222747,3,70,0,0,0,(0.0_ 0.0_ 1.0)
281.1211,4.279839,3,70,0,0,0,(0.0_ 0.0_ 1.0)
281.1323,4.336094,3,70,0,0,0,(0.0_ 0.0_ 1.0)
281.1431,4.38997,3,70,0,0,0,(0.0_ 0.0_ 1.0)
281.1545,4.447185,3,70,0,0,0,(0.0_ 0.0_ 1.0)
281.1652,4.500694,3,70,0,0,0,(0.0_ 0.0_ 1.0)
281.1764,4.556461,3,70,0,0,0,(0.0_ 0.0_ 1.0)
281.1878,4.613395,3,70,0,0,0,(0.0_ 0.0_ 1.0)
281.1986,4.667586,3,70,0,0,0,(0.0_ 0.0_ 1.0)
281.2094,4.721459,3,70,0,0,0,(0.0_ 0.0_ 1.0)
281.2209,4.778935,3,70,0,0,0,(0.0_ 0.0_ 1.0)
281.2321,4.835203,3,70,0,0,0,(0.0_ 0.0_ 1.0)
281.2427,4.888099,3,70,0,0,0,(0.0_ 0.0_ 1.0)
281.2541,4.944944,3,70,0,0,0,(0.0_ 0.0_ 1.0)
281.265,4.999327,3,70,0,0,0,(0.0_ 0.0_ 1.0)
281.2765,5.056989,3,70,0,0,0,(0.0_ 0.0_ 1.0)
281.2874,5.111373,3,70,0,0,0,(0.0_ 0.0_ 1.0)
281.3015,5.181819,3,70,0,0,0,(0.0_ 0.0_ 1.0)
281.3096,5.222518,3,70,0,0,0,(0.0_ 0.0_ 1.0)
281.3206,5.277627,3,70,0,0,0,(0.0_ 0.0_ 1.0)
281.332,5.33467,3,70,0,0,0,(0.0_ 0.0_ 1.0)
281.3427,5.388335,3,70,0,0,0,(0.0_ 0.0_ 1.0)
281.3545,5.447227,3,70,0,0,0,(0.0_ 0.0_ 1.0)
281.3649,5.49908,3,70,0,0,0,(0.0_ 0.0_ 1.0)
281.3765,5.557221,3,70,0,0,0,(0.0_ 0.0_ 1.0)
281.3875,5.611761,3,70,0,0,0,(0.0_ 0.0_ 1.0)
281.3989,5.669239,3,70,0,0,0,(0.0_ 0.0_ 1.0)
281.4098,5.723516,3,70,0,0,0,(0.0_ 0.0_ 1.0)
281.421,5.779574,3,70,0,0,0,(0.0_ 0.0_ 1.0)
281.4324,5.836368,3,70,0,0,0,(0.0_ 0.0_ 1.0)
281.4431,5.889886,3,70,0,0,0,(0.0_ 0.0_ 1.0)
281.4544,5.946723,3,70,0,0,0,(0.0_ 0.0_ 1.0)
281.465,5.999752,3,70,0,0,0,(0.0_ 0.0_ 1.0)
281.4767,6.057785,3,70,0,0,0,(0.0_ 0.0_ 1.0)
281.4879,6.114335,3,70,0,0,0,(0.0_ 0.0_ 1.0)
281.5014,6.181483,3,70,0,0,0,(0.0_ 0.0_ 1.0)
281.5097,6.223177,3,70,0,0,0,(0.0_ 0.0_ 1.0)
281.5209,6.278966,3,70,0,0,0,(0.0_ 0.0_ 1.0)
281.5325,6.337149,3,70,0,0,0,(0.0_ 0.0_ 1.0)
281.543,6.389641,3,70,0,0,0,(0.0_ 0.0_ 1.0)
281.5542,6.445586,3,70,0,0,0,(0.0_ 0.0_ 1.0)
281.5649,6.499227,3,70,0,0,0,(0.0_ 0.0_ 1.0)
281.5768,6.558322,3,70,0,0,0,(0.0_ 0.0_ 1.0)
281.5887,6.618173,3,70,0,0,0,(0.0_ 0.0_ 1.0)
281.5989,6.669049,3,70,0,0,0,(0.0_ 0.0_ 1.0)
281.6095,6.721989,3,70,0,0,0,(0.0_ 0.0_ 1.0)
281.6213,6.781193,3,70,0,0,0,(0.0_ 0.0_ 1.0)
281.6322,6.835773,3,70,0,0,0,(0.0_ 0.0_ 1.0)
281.6432,6.890351,3,70,0,0,0,(0.0_ 0.0_ 1.0)
281.6545,6.94732,3,70,0,0,0,(0.0_ 0.0_ 1.0)
281.6651,6.999925,3,70,0,0,0,(0.0_ 0.0_ 1.0)
281.6764,7.056314,3,70,0,0,0,(0.0_ 0.0_ 1.0)
281.6874,7.111643,3,70,0,0,0,(0.0_ 0.0_ 1.0)
281.6989,7.169224,3,70,0,0,0,(0.0_ 0.0_ 1.0)
281.7122,7.235651,3,70,0,0,0,(0.0_ 0.0_ 1.0)
281.7212,7.280678,3,70,0,0,0,(0.0_ 0.0_ 1.0)
281.7321,7.334864,3,70,0,0,0,(0.0_ 0.0_ 1.0)
281.7427,7.388152,3,70,0,0,0,(0.0_ 0.0_ 1.0)
281.7545,7.446983,3,70,0,0,0,(0.0_ 0.0_ 1.0)
281.765,7.499471,3,70,0,0,0,(0.0_ 0.0_ 1.0)
281.7768,7.558623,3,70,0,0,0,(0.0_ 0.0_ 1.0)
281.7878,7.61378,3,70,0,0,0,(0.0_ 0.0_ 1.0)
281.7984,7.666446,3,70,0,0,0,(0.0_ 0.0_ 1.0)
281.8094,7.721779,3,70,0,0,0,(0.0_ 0.0_ 1.0)
281.8211,7.779932,3,70,0,0,0,(0.0_ 0.0_ 1.0)
281.8322,7.83567,3,70,0,0,0,(0.0_ 0.0_ 1.0)
281.8428,7.888393,3,70,0,0,0,(0.0_ 0.0_ 1.0)
281.8548,7.948699,3,70,0,0,0,(0.0_ 0.0_ 1.0)
281.865,7.999359,3,70,0,0,0,(0.0_ 0.0_ 1.0)
281.8765,8.05712,3,70,0,0,0,(0.0_ 0.0_ 1.0)
281.8878,8.113379,3,70,0,0,0,(0.0_ 0.0_ 1.0)
281.8988,8.168482,3,70,0,0,0,(0.0_ 0.0_ 1.0)
281.9098,8.223468,3,70,0,0,0,(0.0_ 0.0_ 1.0)
281.9236,8.29278,3,70,0,0,0,(0.0_ 0.0_ 1.0)
281.9319,8.334266,3,70,0,0,0,(0.0_ 0.0_ 1.0)
281.943,8.389351,3,70,0,0,0,(0.0_ 0.0_ 1.0)
281.9545,8.446872,3,70,0,0,0,(0.0_ 0.0_ 1.0)
281.9652,8.500671,3,70,0,0,0,(0.0_ 0.0_ 1.0)
281.9767,8.558188,3,70,0,0,0,(0.0_ 0.0_ 1.0)
281.9873,8.611083,3,70,0,0,0,(0.0_ 0.0_ 1.0)
281.9988,8.668817,3,70,0,0,0,(0.0_ 0.0_ 1.0)
282.0096,8.722847,3,70,0,0,0,(0.0_ 0.0_ 1.0)
282.0211,8.780355,3,70,0,0,0,(0.0_ 0.0_ 1.0)
282.0326,8.837708,3,70,0,0,0,(0.0_ 0.0_ 1.0)
282.0433,8.890904,3,70,0,0,0,(0.0_ 0.0_ 1.0)
282.0546,8.947514,3,70,0,0,0,(0.0_ 0.0_ 1.0)
282.0655,9.002178,3,70,0,0,0,(0.0_ 0.0_ 1.0)
282.0767,9.057803,3,70,0,0,0,(0.0_ 0.0_ 1.0)
282.0878,9.113502,3,70,0,0,0,(0.0_ 0.0_ 1.0)
282.099,9.169643,3,70,0,0,0,(0.0_ 0.0_ 1.0)
282.1096,9.222893,3,70,0,0,0,(0.0_ 0.0_ 1.0)
282.1214,9.281472,3,70,0,0,0,(0.0_ 0.0_ 1.0)
282.1352,9.350554,3,70,0,0,0,(0.0_ 0.0_ 1.0)
282.1429,9.388892,3,70,0,0,0,(0.0_ 0.0_ 1.0)
282.1543,9.445859,3,70,0,0,0,(0.0_ 0.0_ 1.0)
282.1649,9.499122,3,70,0,0,0,(0.0_ 0.0_ 1.0)
282.1767,9.558002,3,70,0,0,0,(0.0_ 0.0_ 1.0)
282.1878,9.613501,3,70,0,0,0,(0.0_ 0.0_ 1.0)
282.1993,9.67113,3,70,0,0,0,(0.0_ 0.0_ 1.0)
282.2096,9.722772,3,70,0,0,0,(0.0_ 0.0_ 1.0)
282.2216,9.7825,3,70,0,0,0,(0.0_ 0.0_ 1.0)
282.2322,9.835628,3,70,0,0,0,(0.0_ 0.0_ 1.0)
282.243,9.889468,3,70,0,0,0,(0.0_ 0.0_ 1.0)
282.2544,9.946774,3,70,0,0,0,(0.0_ 0.0_ 1.0)
282.2649,9.999025,3,70,0,0,0,(0.0_ 0.0_ 1.0)
282.2764,10.05674,3,70,0,0,0,(0.0_ 0.0_ 1.0)
282.2874,10.11184,3,70,0,0,0,(0.0_ 0.0_ 1.0)
282.299,10.16951,3,70,0,0,0,(0.0_ 0.0_ 1.0)
282.3095,10.22219,3,70,0,0,0,(0.0_ 0.0_ 1.0)
282.321,10.2793,3,70,0,0,0,(0.0_ 0.0_ 1.0)
282.3324,10.33638,3,70,0,0,0,(0.0_ 0.0_ 1.0)
282.3453,10.4013,3,70,0,0,0,(0.0_ 0.0_ 1.0)
282.3542,10.44579,3,70,0,0,0,(0.0_ 0.0_ 1.0)
282.365,10.49952,3,70,0,0,0,(0.0_ 0.0_ 1.0)
282.3766,10.55742,3,70,0,0,0,(0.0_ 0.0_ 1.0)
282.3877,10.61287,3,70,0,0,0,(0.0_ 0.0_ 1.0)
282.399,10.66976,3,70,0,0,0,(0.0_ 0.0_ 1.0)
282.4104,10.72651,3,70,0,0,0,(0.0_ 0.0_ 1.0)
282.4212,10.78051,3,70,0,0,0,(0.0_ 0.0_ 1.0)
282.4319,10.8341,3,70,0,0,0,(0.0_ 0.0_ 1.0)
282.443,10.88973,3,70,0,0,0,(0.0_ 0.0_ 1.0)
282.4542,10.94555,3,70,0,0,0,(0.0_ 0.0_ 1.0)
282.4658,11.0037,3,70,0,0,0,(0.0_ 0.0_ 1.0)
282.4764,11.05645,3,70,0,0,0,(0.0_ 0.0_ 1.0)
282.4877,11.11328,3,70,0,0,0,(0.0_ 0.0_ 1.0)
282.499,11.16937,3,70,0,0,0,(0.0_ 0.0_ 1.0)
282.5097,11.22296,3,70,0,0,0,(0.0_ 0.0_ 1.0)
282.521,11.2795,3,70,0,0,0,(0.0_ 0.0_ 1.0)
282.5323,11.3362,3,70,0,0,0,(0.0_ 0.0_ 1.0)
282.5428,11.38857,3,70,0,0,0,(0.0_ 0.0_ 1.0)
282.5572,11.46036,3,70,0,0,0,(0.0_ 0.0_ 1.0)
282.565,11.49959,3,70,0,0,0,(0.0_ 0.0_ 1.0)
282.5768,11.55826,3,70,0,0,0,(0.0_ 0.0_ 1.0)
282.5874,11.61169,3,70,0,0,0,(0.0_ 0.0_ 1.0)
282.5995,11.67191,3,70,0,0,0,(0.0_ 0.0_ 1.0)
282.6096,11.72262,3,70,0,0,0,(0.0_ 0.0_ 1.0)
282.6213,11.78096,3,70,0,0,0,(0.0_ 0.0_ 1.0)
282.6323,11.83613,3,70,0,0,0,(0.0_ 0.0_ 1.0)
282.6432,11.8904,3,70,0,0,0,(0.0_ 0.0_ 1.0)
282.6544,11.94653,3,70,0,0,0,(0.0_ 0.0_ 1.0)
282.6658,12.00356,3,70,0,0,0,(0.0_ 0.0_ 1.0)
282.6768,12.05841,3,70,0,0,0,(0.0_ 0.0_ 1.0)
282.6874,12.11168,3,70,0,0,0,(0.0_ 0.0_ 1.0)
282.699,12.16962,3,70,0,0,0,(0.0_ 0.0_ 1.0)
282.7096,12.22259,3,70,0,0,0,(0.0_ 0.0_ 1.0)
282.7217,12.28303,3,70,0,0,0,(0.0_ 0.0_ 1.0)
282.732,12.33469,3,70,0,0,0,(0.0_ 0.0_ 1.0)
282.7429,12.38912,3,70,0,0,0,(0.0_ 0.0_ 1.0)
282.7573,12.46106,3,70,0,0,0,(0.0_ 0.0_ 1.0)
282.7649,12.49899,3,70,0,0,0,(0.0_ 0.0_ 1.0)
282.7767,12.55803,3,70,0,0,0,(0.0_ 0.0_ 1.0)
282.7874,12.61183,3,70,0,0,0,(0.0_ 0.0_ 1.0)
282.799,12.66966,3,70,0,0,0,(0.0_ 0.0_ 1.0)
282.8101,12.72484,3,70,0,0,0,(0.0_ 0.0_ 1.0)
282.8215,12.78215,3,70,0,0,0,(0.0_ 0.0_ 1.0)
282.8323,12.83618,3,70,0,0,0,(0.0_ 0.0_ 1.0)
282.843,12.88929,3,70,0,0,0,(0.0_ 0.0_ 1.0)
282.8548,12.94858,3,70,0,0,0,(0.0_ 0.0_ 1.0)
282.8652,13.00044,3,70,0,0,0,(0.0_ 0.0_ 1.0)
282.8769,13.05914,3,70,0,0,0,(0.0_ 0.0_ 1.0)
282.8877,13.11298,3,70,0,0,0,(0.0_ 0.0_ 1.0)
282.8988,13.16842,3,70,0,0,0,(0.0_ 0.0_ 1.0)
282.9098,13.22339,3,70,0,0,0,(0.0_ 0.0_ 1.0)
282.9213,13.28101,3,70,0,0,0,(0.0_ 0.0_ 1.0)
282.9323,13.3359,3,70,0,0,0,(0.0_ 0.0_ 1.0)
282.9435,13.39178,3,70,0,0,0,(0.0_ 0.0_ 1.0)
282.9572,13.46057,3,70,0,0,0,(0.0_ 0.0_ 1.0)
282.9653,13.50098,3,70,0,0,0,(0.0_ 0.0_ 1.0)
282.9767,13.55834,3,70,0,0,0,(0.0_ 0.0_ 1.0)
282.9877,13.61295,3,70,0,0,0,(0.0_ 0.0_ 1.0)
282.9987,13.66799,3,70,0,0,0,(0.0_ 0.0_ 1.0)
283.0098,13.72336,3,70,0,0,0,(0.0_ 0.0_ 1.0)
283.0217,13.78308,3,70,0,0,0,(0.0_ 0.0_ 1.0)
283.0323,13.83586,3,70,0,0,0,(0.0_ 0.0_ 1.0)
283.043,13.88938,3,70,0,0,0,(0.0_ 0.0_ 1.0)
283.0545,13.94689,3,70,0,0,0,(0.0_ 0.0_ 1.0)
283.0652,14.00085,3,70,0,0,0,(0.0_ 0.0_ 1.0)
283.0769,14.05912,3,70,0,0,0,(0.0_ 0.0_ 1.0)
283.088,14.11456,3,70,0,0,0,(0.0_ 0.0_ 1.0)
283.099,14.16959,3,70,0,0,0,(0.0_ 0.0_ 1.0)
283.1096,14.22239,3,70,0,0,0,(0.0_ 0.0_ 1.0)
283.1217,14.28305,3,70,0,0,0,(0.0_ 0.0_ 1.0)
283.1325,14.33691,3,70,0,0,0,(0.0_ 0.0_ 1.0)
283.148,14.41459,3,70,0,0,0,(0.0_ 0.0_ 1.0)
283.1569,14.45912,3,70,0,0,0,(0.0_ 0.0_ 1.0)
283.1659,14.50423,3,70,0,0,0,(0.0_ 0.0_ 1.0)
283.1777,14.56319,3,70,0,0,0,(0.0_ 0.0_ 1.0)
283.1883,14.61584,3,70,0,0,0,(0.0_ 0.0_ 1.0)
283.1996,14.67244,3,70,0,0,0,(0.0_ 0.0_ 1.0)
283.2103,14.7259,3,70,0,0,0,(0.0_ 0.0_ 1.0)
283.2213,14.78137,3,70,0,0,0,(0.0_ 0.0_ 1.0)
283.2327,14.83811,3,70,0,0,0,(0.0_ 0.0_ 1.0)
283.2433,14.8912,3,70,0,0,0,(0.0_ 0.0_ 1.0)
283.2545,14.94736,3,70,0,0,0,(0.0_ 0.0_ 1.0)
283.2653,15.0009,3,70,0,0,0,(0.0_ 0.0_ 1.0)
283.277,15.05961,3,70,0,0,0,(0.0_ 0.0_ 1.0)
283.2874,15.11161,3,70,0,0,0,(0.0_ 0.0_ 1.0)
283.2989,15.16923,3,70,0,0,0,(0.0_ 0.0_ 1.0)
283.3102,15.2253,3,70,0,0,0,(0.0_ 0.0_ 1.0)
283.3211,15.28033,3,70,0,0,0,(0.0_ 0.0_ 1.0)
283.3321,15.33512,3,70,0,0,0,(0.0_ 0.0_ 1.0)
283.343,15.38989,3,70,0,0,0,(0.0_ 0.0_ 1.0)
283.3546,15.44777,3,70,0,0,0,(0.0_ 0.0_ 1.0)
283.3678,15.51365,3,70,0,0,0,(0.0_ 0.0_ 1.0)
283.3764,15.55641,3,70,0,0,0,(0.0_ 0.0_ 1.0)
283.3881,15.61482,3,70,0,0,0,(0.0_ 0.0_ 1.0)
283.3988,15.66852,3,70,0,0,0,(0.0_ 0.0_ 1.0)
283.4095,15.72217,3,70,0,0,0,(0.0_ 0.0_ 1.0)
283.4211,15.78005,3,70,0,0,0,(0.0_ 0.0_ 1.0)
283.4318,15.83353,3,70,0,0,0,(0.0_ 0.0_ 1.0)
283.443,15.88951,3,70,0,0,0,(0.0_ 0.0_ 1.0)
283.4544,15.94669,3,70,0,0,0,(0.0_ 0.0_ 1.0)
283.4649,15.99892,3,70,0,0,0,(0.0_ 0.0_ 1.0)
283.4764,16.05666,3,70,0,0,0,(0.0_ 0.0_ 1.0)
283.4873,16.11113,3,70,0,0,0,(0.0_ 0.0_ 1.0)
283.4989,16.16906,3,70,0,0,0,(0.0_ 0.0_ 1.0)
283.5095,16.2221,3,70,0,0,0,(0.0_ 0.0_ 1.0)
283.521,16.27973,3,70,0,0,0,(0.0_ 0.0_ 1.0)
283.5319,16.33404,3,70,0,0,0,(0.0_ 0.0_ 1.0)
283.5432,16.39041,3,70,0,0,0,(0.0_ 0.0_ 1.0)
283.5541,16.44514,3,70,0,0,0,(0.0_ 0.0_ 1.0)
283.565,16.49937,3,70,0,0,0,(0.0_ 0.0_ 1.0)
283.579,16.56952,3,70,0,0,0,(0.0_ 0.0_ 1.0)
283.5877,16.61328,3,70,0,0,0,(0.0_ 0.0_ 1.0)
283.5987,16.6679,3,70,0,0,0,(0.0_ 0.0_ 1.0)
283.6095,16.72196,3,70,0,0,0,(0.0_ 0.0_ 1.0)
283.6211,16.7801,3,70,0,0,0,(0.0_ 0.0_ 1.0)
283.6319,16.83406,3,70,0,0,0,(0.0_ 0.0_ 1.0)
283.6429,16.88937,3,70,0,0,0,(0.0_ 0.0_ 1.0)
283.6552,16.95038,3,70,0,0,0,(0.0_ 0.0_ 1.0)
283.6651,16.99991,3,70,0,0,0,(0.0_ 0.0_ 1.0)
283.6769,17.05935,3,70,0,0,0,(0.0_ 0.0_ 1.0)
283.6876,17.11238,3,70,0,0,0,(0.0_ 0.0_ 1.0)
283.6992,17.17037,3,70,0,0,0,(0.0_ 0.0_ 1.0)
283.7096,17.22234,3,70,0,0,0,(0.0_ 0.0_ 1.0)
283.7213,17.28102,3,70,0,0,0,(0.0_ 0.0_ 1.0)
283.7321,17.33508,3,70,0,0,0,(0.0_ 0.0_ 1.0)
283.7427,17.38813,3,70,0,0,0,(0.0_ 0.0_ 1.0)
283.7545,17.44707,3,70,0,0,0,(0.0_ 0.0_ 1.0)
283.7652,17.50078,3,70,0,0,0,(0.0_ 0.0_ 1.0)
283.7793,17.57106,3,70,0,0,0,(0.0_ 0.0_ 1.0)
283.787,17.6097,3,70,0,0,0,(0.0_ 0.0_ 1.0)
283.7987,17.66803,3,70,0,0,0,(0.0_ 0.0_ 1.0)
283.81,17.72435,3,70,0,0,0,(0.0_ 0.0_ 1.0)
283.8209,17.77916,3,70,0,0,0,(0.0_ 0.0_ 1.0)
283.8321,17.83499,3,70,0,0,0,(0.0_ 0.0_ 1.0)
283.843,17.88973,3,70,0,0,0,(0.0_ 0.0_ 1.0)
283.8542,17.94561,3,70,0,0,0,(0.0_ 0.0_ 1.0)
283.8655,18.00204,3,70,0,0,0,(0.0_ 0.0_ 1.0)
283.8767,18.05794,3,70,0,0,0,(0.0_ 0.0_ 1.0)
283.8882,18.11583,3,70,0,0,0,(0.0_ 0.0_ 1.0)
283.8987,18.16816,3,70,0,0,0,(0.0_ 0.0_ 1.0)
283.9095,18.22216,3,70,0,0,0,(0.0_ 0.0_ 1.0)
283.9209,18.27901,3,70,0,0,0,(0.0_ 0.0_ 1.0)
283.932,18.33448,3,70,0,0,0,(0.0_ 0.0_ 1.0)
283.9431,18.39001,3,70,0,0,0,(0.0_ 0.0_ 1.0)
283.9544,18.44665,3,70,0,0,0,(0.0_ 0.0_ 1.0)
283.9652,18.50063,3,70,0,0,0,(0.0_ 0.0_ 1.0)
283.9766,18.55746,3,70,0,0,0,(0.0_ 0.0_ 1.0)
283.99,18.62471,3,70,0,0,0,(0.0_ 0.0_ 1.0)
283.9987,18.66798,3,70,0,0,0,(0.0_ 0.0_ 1.0)
284.0095,18.72209,3,70,0,0,0,(0.0_ 0.0_ 1.0)
284.0216,18.78281,3,70,0,0,0,(0.0_ 0.0_ 1.0)
284.0321,18.83518,3,70,0,0,0,(0.0_ 0.0_ 1.0)
284.0432,18.89065,3,70,0,0,0,(0.0_ 0.0_ 1.0)
284.0543,18.94625,3,70,0,0,0,(0.0_ 0.0_ 1.0)
284.0651,18.99985,3,70,0,0,0,(0.0_ 0.0_ 1.0)
284.0762,19.05551,3,70,0,0,0,(0.0_ 0.0_ 1.0)
284.0874,19.11172,3,70,0,0,0,(0.0_ 0.0_ 1.0)
284.0989,19.16892,3,70,0,0,0,(0.0_ 0.0_ 1.0)
284.11,19.22475,3,70,0,0,0,(0.0_ 0.0_ 1.0)
284.1211,19.28009,3,70,0,0,0,(0.0_ 0.0_ 1.0)
284.1319,19.33396,3,70,0,0,0,(0.0_ 0.0_ 1.0)
284.1428,19.38859,3,70,0,0,0,(0.0_ 0.0_ 1.0)
284.155,19.44942,3,70,0,0,0,(0.0_ 0.0_ 1.0)
284.1655,19.50193,3,70,0,0,0,(0.0_ 0.0_ 1.0)
284.1766,19.5576,3,70,0,0,0,(0.0_ 0.0_ 1.0)
284.1901,19.62504,3,70,0,0,0,(0.0_ 0.0_ 1.0)
284.1987,19.66787,3,70,0,0,0,(0.0_ 0.0_ 1.0)
284.2094,19.72133,3,70,0,0,0,(0.0_ 0.0_ 1.0)
284.2209,19.77904,3,70,0,0,0,(0.0_ 0.0_ 1.0)
284.2325,19.837,3,70,0,0,0,(0.0_ 0.0_ 1.0)
284.2429,19.8891,3,70,0,0,0,(0.0_ 0.0_ 1.0)
284.2544,19.94658,3,70,0,0,0,(0.0_ 0.0_ 1.0)
284.2649,19.99923,3,70,0,0,0,(0.0_ 0.0_ 1.0)
284.2766,20.05747,3,70,0,0,0,(0.0_ 0.0_ 1.0)
284.2875,20.11195,3,70,0,0,0,(0.0_ 0.0_ 1.0)
284.2987,20.16834,3,70,0,0,0,(0.0_ 0.0_ 1.0)
284.31,20.22435,3,70,0,0,0,(0.0_ 0.0_ 1.0)
284.3213,20.28107,3,70,0,0,0,(0.0_ 0.0_ 1.0)
284.3325,20.33681,3,70,0,0,0,(0.0_ 0.0_ 1.0)
284.3429,20.38927,3,70,0,0,0,(0.0_ 0.0_ 1.0)
284.3547,20.44818,3,70,0,0,0,(0.0_ 0.0_ 1.0)
284.3651,20.49995,3,70,0,0,0,(0.0_ 0.0_ 1.0)
284.3767,20.55819,3,70,0,0,0,(0.0_ 0.0_ 1.0)
284.3906,20.62734,3,70,0,0,0,(0.0_ 0.0_ 1.0)
284.3986,20.6677,3,70,0,0,0,(0.0_ 0.0_ 1.0)
284.4095,20.72218,3,70,0,0,0,(0.0_ 0.0_ 1.0)
284.4211,20.78035,3,70,0,0,0,(0.0_ 0.0_ 1.0)
284.4324,20.83663,3,70,0,0,0,(0.0_ 0.0_ 1.0)
284.4436,20.8925,3,70,0,0,0,(0.0_ 0.0_ 1.0)
284.4546,20.94735,3,70,0,0,0,(0.0_ 0.0_ 1.0)
284.4652,21.00041,3,70,0,0,0,(0.0_ 0.0_ 1.0)
284.4769,21.05912,3,70,0,0,0,(0.0_ 0.0_ 1.0)
284.4874,21.11147,3,70,0,0,0,(0.0_ 0.0_ 1.0)
284.499,21.16945,3,70,0,0,0,(0.0_ 0.0_ 1.0)
284.51,21.22452,3,70,0,0,0,(0.0_ 0.0_ 1.0)
284.5213,21.28131,3,70,0,0,0,(0.0_ 0.0_ 1.0)
284.5324,21.33665,3,70,0,0,0,(0.0_ 0.0_ 1.0)
284.5429,21.38921,3,70,0,0,0,(0.0_ 0.0_ 1.0)
284.5544,21.44651,3,70,0,0,0,(0.0_ 0.0_ 1.0)
284.565,21.49965,3,70,0,0,0,(0.0_ 0.0_ 1.0)
284.5766,21.55779,3,70,0,0,0,(0.0_ 0.0_ 1.0)
284.5879,21.61405,3,70,0,0,0,(0.0_ 0.0_ 1.0)
284.6022,21.68539,3,70,0,0,0,(0.0_ 0.0_ 1.0)
284.6101,21.72504,3,70,0,0,0,(0.0_ 0.0_ 1.0)
284.6209,21.77904,3,70,0,0,0,(0.0_ 0.0_ 1.0)
284.6325,21.83689,3,70,0,0,0,(0.0_ 0.0_ 1.0)
284.643,21.88978,3,70,0,0,0,(0.0_ 0.0_ 1.0)
284.655,21.94955,3,70,0,0,0,(0.0_ 0.0_ 1.0)
284.6654,22.00152,3,70,0,0,0,(0.0_ 0.0_ 1.0)
284.6765,22.05705,3,70,0,0,0,(0.0_ 0.0_ 1.0)
284.6874,22.11176,3,70,0,0,0,(0.0_ 0.0_ 1.0)
284.6994,22.17155,3,70,0,0,0,(0.0_ 0.0_ 1.0)
284.7099,22.22428,3,70,0,0,0,(0.0_ 0.0_ 1.0)
284.7214,22.28164,3,70,0,0,0,(0.0_ 0.0_ 1.0)
284.7323,22.3359,3,70,0,0,0,(0.0_ 0.0_ 1.0)
284.7435,22.39187,3,70,0,0,0,(0.0_ 0.0_ 1.0)
284.7546,22.44757,3,70,0,0,0,(0.0_ 0.0_ 1.0)
284.7653,22.50121,3,70,0,0,0,(0.0_ 0.0_ 1.0)
284.7768,22.55838,3,70,0,0,0,(0.0_ 0.0_ 1.0)
284.7878,22.61339,3,70,0,0,0,(0.0_ 0.0_ 1.0)
284.8018,22.68341,3,70,0,0,0,(0.0_ 0.0_ 1.0)
284.8103,22.72622,3,70,0,0,0,(0.0_ 0.0_ 1.0)
284.8211,22.77997,3,70,0,0,0,(0.0_ 0.0_ 1.0)
284.8323,22.83634,3,70,0,0,0,(0.0_ 0.0_ 1.0)
284.8431,22.88991,3,70,0,0,0,(0.0_ 0.0_ 1.0)
284.8546,22.94766,3,70,0,0,0,(0.0_ 0.0_ 1.0)
284.8653,23.00119,3,70,0,0,0,(0.0_ 0.0_ 1.0)
284.8766,23.05789,3,70,0,0,0,(0.0_ 0.0_ 1.0)
284.8887,23.11811,3,70,0,0,0,(0.0_ 0.0_ 1.0)
284.8993,23.17107,3,70,0,0,0,(0.0_ 0.0_ 1.0)
284.9095,23.22224,3,70,0,0,0,(0.0_ 0.0_ 1.0)
284.9214,23.28188,3,70,0,0,0,(0.0_ 0.0_ 1.0)
284.9323,23.33586,3,70,0,0,0,(0.0_ 0.0_ 1.0)
284.9432,23.39072,3,70,0,0,0,(0.0_ 0.0_ 1.0)
284.9548,23.44844,3,70,0,0,0,(0.0_ 0.0_ 1.0)
284.9652,23.50072,3,70,0,0,0,(0.0_ 0.0_ 1.0)
284.9771,23.55992,3,70,0,0,0,(0.0_ 0.0_ 1.0)
284.9875,23.61234,3,70,0,0,0,(0.0_ 0.0_ 1.0)
284.9991,23.67021,3,70,0,0,0,(0.0_ 0.0_ 1.0)
285.0119,23.73425,3,70,0,0,0,(0.0_ 0.0_ 1.0)
285.0209,23.77893,3,70,0,0,0,(0.0_ 0.0_ 1.0)
285.0322,23.83545,3,70,0,0,0,(0.0_ 0.0_ 1.0)
285.0427,23.888,3,70,0,0,0,(0.0_ 0.0_ 1.0)
285.0544,23.94675,3,70,0,0,0,(0.0_ 0.0_ 1.0)
285.0653,24.00112,3,70,0,0,0,(0.0_ 0.0_ 1.0)
285.0765,24.05694,3,70,0,0,0,(0.0_ 0.0_ 1.0)
285.093,24.13953,3,70,0,0,0,(0.0_ 0.0_ 1.0)
285.0992,24.17059,3,70,0,0,0,(0.0_ 0.0_ 1.0)
285.1106,24.22762,3,70,0,0,0,(0.0_ 0.0_ 1.0)
285.1222,24.2854,3,70,0,0,0,(0.0_ 0.0_ 1.0)
285.1332,24.34085,3,70,0,0,0,(0.0_ 0.0_ 1.0)
285.1439,24.39393,3,70,0,0,0,(0.0_ 0.0_ 1.0)
285.1551,24.45013,3,70,0,0,0,(0.0_ 0.0_ 1.0)
285.1657,24.50316,3,70,0,0,0,(0.0_ 0.0_ 1.0)
285.1769,24.55923,3,70,0,0,0,(0.0_ 0.0_ 1.0)
285.1877,24.61324,3,70,0,0,0,(0.0_ 0.0_ 1.0)
285.1993,24.67136,3,70,0,0,0,(0.0_ 0.0_ 1.0)
285.2131,24.74008,3,70,0,0,0,(0.0_ 0.0_ 1.0)
285.2211,24.78017,3,70,0,0,0,(0.0_ 0.0_ 1.0)
285.2325,24.83732,3,70,0,0,0,(0.0_ 0.0_ 1.0)
285.2431,24.88998,3,70,0,0,0,(0.0_ 0.0_ 1.0)
285.2546,24.94762,3,70,0,0,0,(0.0_ 0.0_ 1.0)
285.2651,25.00005,3,70,0,0,0,(0.0_ 0.0_ 1.0)
285.2768,25.05841,3,70,0,0,0,(0.0_ 0.0_ 1.0)
285.2876,25.11262,3,70,0,0,0,(0.0_ 0.0_ 1.0)
285.2988,25.1686,3,70,0,0,0,(0.0_ 0.0_ 1.0)
285.3097,25.22285,3,70,0,0,0,(0.0_ 0.0_ 1.0)
285.3213,25.28103,3,70,0,0,0,(0.0_ 0.0_ 1.0)
285.3319,25.33426,3,70,0,0,0,(0.0_ 0.0_ 1.0)
285.3427,25.38831,3,70,0,0,0,(0.0_ 0.0_ 1.0)
285.3543,25.44603,3,70,0,0,0,(0.0_ 0.0_ 1.0)
285.3651,25.4999,3,70,0,0,0,(0.0_ 0.0_ 1.0)
285.3764,25.55671,3,70,0,0,0,(0.0_ 0.0_ 1.0)
285.3875,25.61188,3,70,0,0,0,(0.0_ 0.0_ 1.0)
285.3986,25.66765,3,70,0,0,0,(0.0_ 0.0_ 1.0)
285.4097,25.72291,3,70,0,0,0,(0.0_ 0.0_ 1.0)
285.4235,25.79202,3,70,0,0,0,(0.0_ 0.0_ 1.0)
285.4317,25.8333,3,70,0,0,0,(0.0_ 0.0_ 1.0)
285.443,25.88933,3,70,0,0,0,(0.0_ 0.0_ 1.0)
285.4549,25.9492,3,70,0,0,0,(0.0_ 0.0_ 1.0)
285.465,25.99971,3,70,0,0,0,(0.0_ 0.0_ 1.0)
285.4767,26.05792,3,70,0,0,0,(0.0_ 0.0_ 1.0)
285.4878,26.11336,3,70,0,0,0,(0.0_ 0.0_ 1.0)
285.4991,26.17031,3,70,0,0,0,(0.0_ 0.0_ 1.0)
285.5096,26.22241,3,70,0,0,0,(0.0_ 0.0_ 1.0)
285.5215,26.28235,3,70,0,0,0,(0.0_ 0.0_ 1.0)
285.5322,26.33547,3,70,0,0,0,(0.0_ 0.0_ 1.0)
285.5428,26.38884,3,70,0,0,0,(0.0_ 0.0_ 1.0)
285.5543,26.44604,3,70,0,0,0,(0.0_ 0.0_ 1.0)
285.565,26.49945,3,70,0,0,0,(0.0_ 0.0_ 1.0)
285.5765,26.557,3,70,0,0,0,(0.0_ 0.0_ 1.0)
285.5874,26.61147,3,70,0,0,0,(0.0_ 0.0_ 1.0)
285.5988,26.66833,3,70,0,0,0,(0.0_ 0.0_ 1.0)
285.6104,26.72651,3,70,0,0,0,(0.0_ 0.0_ 1.0)
285.6236,26.79272,3,70,0,0,0,(0.0_ 0.0_ 1.0)
285.6319,26.83424,3,70,0,0,0,(0.0_ 0.0_ 1.0)
285.6429,26.88933,3,70,0,0,0,(0.0_ 0.0_ 1.0)
285.6546,26.94773,3,70,0,0,0,(0.0_ 0.0_ 1.0)
285.6651,27.00001,3,70,0,0,0,(0.0_ 0.0_ 1.0)
285.6765,27.05701,3,70,0,0,0,(0.0_ 0.0_ 1.0)
285.6872,27.11037,3,70,0,0,0,(0.0_ 0.0_ 1.0)
285.6985,27.16714,3,70,0,0,0,(0.0_ 0.0_ 1.0)
285.7096,27.22264,3,70,0,0,0,(0.0_ 0.0_ 1.0)
285.7212,27.28053,3,70,0,0,0,(0.0_ 0.0_ 1.0)
285.732,27.33478,3,70,0,0,0,(0.0_ 0.0_ 1.0)
285.743,27.38979,3,70,0,0,0,(0.0_ 0.0_ 1.0)
285.7546,27.44759,3,70,0,0,0,(0.0_ 0.0_ 1.0)
285.765,27.49954,3,70,0,0,0,(0.0_ 0.0_ 1.0)
285.7773,27.56079,3,70,0,0,0,(0.0_ 0.0_ 1.0)
285.7876,27.61238,3,70,0,0,0,(0.0_ 0.0_ 1.0)
285.7987,27.66806,3,70,0,0,0,(0.0_ 0.0_ 1.0)
285.81,27.72455,3,70,0,0,0,(0.0_ 0.0_ 1.0)
285.8214,27.7813,3,70,0,0,0,(0.0_ 0.0_ 1.0)
285.8346,27.84743,3,70,0,0,0,(0.0_ 0.0_ 1.0)
285.8428,27.88873,3,70,0,0,0,(0.0_ 0.0_ 1.0)
285.8542,27.94575,3,70,0,0,0,(0.0_ 0.0_ 1.0)
285.8652,28.00079,3,70,0,0,0,(0.0_ 0.0_ 1.0)
285.8765,28.05724,3,70,0,0,0,(0.0_ 0.0_ 1.0)
285.8877,28.11312,3,70,0,0,0,(0.0_ 0.0_ 1.0)
285.899,28.16941,3,70,0,0,0,(0.0_ 0.0_ 1.0)
285.9099,28.22417,3,70,0,0,0,(0.0_ 0.0_ 1.0)
285.9214,28.28189,3,70,0,0,0,(0.0_ 0.0_ 1.0)
285.932,28.33468,3,70,0,0,0,(0.0_ 0.0_ 1.0)
285.9432,28.39055,3,70,0,0,0,(0.0_ 0.0_ 1.0)
285.9541,28.44526,3,70,0,0,0,(0.0_ 0.0_ 1.0)
285.965,28.49958,3,70,0,0,0,(0.0_ 0.0_ 1.0)
285.9766,28.55743,3,70,0,0,0,(0.0_ 0.0_ 1.0)
285.9875,28.61214,3,70,0,0,0,(0.0_ 0.0_ 1.0)
285.9987,28.66799,3,70,0,0,0,(0.0_ 0.0_ 1.0)
286.0097,28.72308,3,70,0,0,0,(0.0_ 0.0_ 1.0)
286.0216,28.78264,3,70,0,0,0,(0.0_ 0.0_ 1.0)
286.0346,28.84767,3,70,0,0,0,(0.0_ 0.0_ 1.0)
286.0426,28.88777,3,70,0,0,0,(0.0_ 0.0_ 1.0)
286.0544,28.94638,3,70,0,0,0,(0.0_ 0.0_ 1.0)
286.0652,29.00057,3,70,0,0,0,(0.0_ 0.0_ 1.0)
286.0765,29.05694,3,70,0,0,0,(0.0_ 0.0_ 1.0)
286.088,29.1144,3,70,0,0,0,(0.0_ 0.0_ 1.0)
286.0988,29.16871,3,70,0,0,0,(0.0_ 0.0_ 1.0)
286.1098,29.22341,3,70,0,0,0,(0.0_ 0.0_ 1.0)
286.1215,29.28209,3,70,0,0,0,(0.0_ 0.0_ 1.0)
286.1329,29.33914,3,70,0,0,0,(0.0_ 0.0_ 1.0)
286.143,29.38962,3,70,0,0,0,(0.0_ 0.0_ 1.0)
286.1547,29.44821,3,70,0,0,0,(0.0_ 0.0_ 1.0)
286.1654,29.50172,3,70,0,0,0,(0.0_ 0.0_ 1.0)
286.1766,29.55751,3,70,0,0,0,(0.0_ 0.0_ 1.0)
286.1874,29.61169,3,70,0,0,0,(0.0_ 0.0_ 1.0)
286.199,29.66955,3,70,0,0,0,(0.0_ 0.0_ 1.0)
286.2097,29.72289,3,70,0,0,0,(0.0_ 0.0_ 1.0)
286.221,29.77954,3,70,0,0,0,(0.0_ 0.0_ 1.0)
286.2319,29.83409,3,70,0,0,0,(0.0_ 0.0_ 1.0)
286.2453,29.90124,3,70,0,0,0,(0.0_ 0.0_ 1.0)
286.2545,29.94699,3,70,0,0,0,(0.0_ 0.0_ 1.0)
286.2655,30.00191,3,70,0,0,0,(0.0_ 0.0_ 1.0)
286.2766,30.05733,3,70,0,0,0,(0.0_ 0.0_ 1.0)
286.2879,30.11404,3,70,0,0,0,(0.0_ 0.0_ 1.0)
286.2992,30.17044,3,70,0,0,0,(0.0_ 0.0_ 1.0)
286.31,30.22442,3,70,0,0,0,(0.0_ 0.0_ 1.0)
286.321,30.27966,3,70,0,0,0,(0.0_ 0.0_ 1.0)
286.3323,30.3361,3,70,0,0,0,(0.0_ 0.0_ 1.0)
286.343,30.38987,3,70,0,0,0,(0.0_ 0.0_ 1.0)
286.3547,30.44821,3,70,0,0,0,(0.0_ 0.0_ 1.0)
286.3651,30.50028,3,70,0,0,0,(0.0_ 0.0_ 1.0)
286.3768,30.55836,3,70,0,0,0,(0.0_ 0.0_ 1.0)
286.3879,30.6139,3,70,0,0,0,(0.0_ 0.0_ 1.0)
286.3992,30.67046,3,70,0,0,0,(0.0_ 0.0_ 1.0)
286.4098,30.72333,3,70,0,0,0,(0.0_ 0.0_ 1.0)
286.4212,30.78057,3,70,0,0,0,(0.0_ 0.0_ 1.0)
286.4323,30.83612,3,70,0,0,0,(0.0_ 0.0_ 1.0)
286.4455,30.90185,3,70,0,0,0,(0.0_ 0.0_ 1.0)
286.4546,30.94774,3,70,0,0,0,(0.0_ 0.0_ 1.0)
286.4653,31.00115,3,70,0,0,0,(0.0_ 0.0_ 1.0)
286.4767,31.05786,3,70,0,0,0,(0.0_ 0.0_ 1.0)
286.4876,31.11277,3,70,0,0,0,(0.0_ 0.0_ 1.0)
286.4989,31.16915,3,70,0,0,0,(0.0_ 0.0_ 1.0)
