time,pos_x,pos_y,pos_z,rot_x,rot_y,rot_z,forward_direction
212.897,-12,3,70,0,0,0,(0.0_ 0.0_ 1.0)
212.897,-12,3,70,0,0,0,(0.0_ 0.0_ 1.0)
212.897,-12,3,70,0,0,0,(0.0_ 0.0_ 1.0)
212.897,-12,3,70,0,0,0,(0.0_ 0.0_ 1.0)
212.897,-12,3,70,0,0,0,(0.0_ 0.0_ 1.0)
212.897,-12,3,70,0,0,0,(0.0_ 0.0_ 1.0)
212.897,-12,3,70,0,0,0,(0.0_ 0.0_ 1.0)
212.897,-12,3,70,0,0,0,(0.0_ 0.0_ 1.0)
212.897,-12,3,70,0,0,0,(0.0_ 0.0_ 1.0)
212.897,-12,3,70,0,0,0,(0.0_ 0.0_ 1.0)
212.897,-12,3,70,0,0,0,(0.0_ 0.0_ 1.0)
212.897,-12,3,70,0,0,0,(0.0_ 0.0_ 1.0)
212.897,-12,3,70,0,0,0,(0.0_ 0.0_ 1.0)
212.897,-12,3,70,0,0,0,(0.0_ 0.0_ 1.0)
212.897,-12,3,70,0,0,0,(0.0_ 0.0_ 1.0)
212.897,-12,3,70,0,0,0,(0.0_ 0.0_ 1.0)
212.897,-12,3,70,0,0,0,(0.0_ 0.0_ 1.0)
212.897,-12,3,70,0,0,0,(0.0_ 0.0_ 1.0)
212.897,-12,3,70,0,0,0,(0.0_ 0.0_ 1.0)
212.897,-12,3,70,0,0,0,(0.0_ 0.0_ 1.0)
212.897,-12,3,70,0,0,0,(0.0_ 0.0_ 1.0)
212.897,-12,3,70,0,0,0,(0.0_ 0.0_ 1.0)
212.897,-12,3,70,0,0,0,(0.0_ 0.0_ 1.0)
212.897,-12,3,70,0,0,0,(0.0_ 0.0_ 1.0)
212.897,-12,3,70,0,0,0,(0.0_ 0.0_ 1.0)
212.897,-12,3,70,0,0,0,(0.0_ 0.0_ 1.0)
212.897,-12,3,70,0,0,0,(0.0_ 0.0_ 1.0)
212.897,-12,3,70,0,0,0,(0.0_ 0.0_ 1.0)
212.897,-12,3,70,0,0,0,(0.0_ 0.0_ 1.0)
212.897,-12,3,70,0,0,0,(0.0_ 0.0_ 1.0)
212.897,-12,3,70,0,0,0,(0.0_ 0.0_ 1.0)
212.897,-12,3,70,0,0,0,(0.0_ 0.0_ 1.0)
212.897,-12,3,70,0,0,0,(0.0_ 0.0_ 1.0)
212.897,-12,3,70,0,0,0,(0.0_ 0.0_ 1.0)
212.897,-12,3,70,0,0,0,(0.0_ 0.0_ 1.0)
212.897,-12,3,70,0,0,0,(0.0_ 0.0_ 1.0)
212.897,-12,3,70,0,0,0,(0.0_ 0.0_ 1.0)
212.897,-12,3,70,0,0,0,(0.0_ 0.0_ 1.0)
212.897,-12,3,70,0,0,0,(0.0_ 0.0_ 1.0)
212.897,-12,3,70,0,0,0,(0.0_ 0.0_ 1.0)
212.897,-12,3,70,0,0,0,(0.0_ 0.0_ 1.0)
212.897,-12,3,70,0,0,0,(0.0_ 0.0_ 1.0)
212.897,-12,3,70,0,0,0,(0.0_ 0.0_ 1.0)
212.897,-12,3,70,0,0,0,(0.0_ 0.0_ 1.0)
212.897,-12,3,70,0,0,0,(0.0_ 0.0_ 1.0)
212.897,-12,3,70,0,0,0,(0.0_ 0.0_ 1.0)
212.897,-12,3,70,0,0,0,(0.0_ 0.0_ 1.0)
212.897,-12,3,70,0,0,0,(0.0_ 0.0_ 1.0)
212.897,-12,3,70,0,0,0,(0.0_ 0.0_ 1.0)
212.897,-12,3,70,0,0,0,(0.0_ 0.0_ 1.0)
212.897,-12,3,70,0,0,0,(0.0_ 0.0_ 1.0)
212.897,-12,3,70,0,0,0,(0.0_ 0.0_ 1.0)
212.897,-12,3,70,0,0,0,(0.0_ 0.0_ 1.0)
212.897,-12,3,70,0,0,0,(0.0_ 0.0_ 1.0)
212.897,-12,3,70,0,0,0,(0.0_ 0.0_ 1.0)
212.897,-12,3,70,0,0,0,(0.0_ 0.0_ 1.0)
212.897,-12,3,70,0,0,0,(0.0_ 0.0_ 1.0)
212.897,-12,3,70,0,0,0,(0.0_ 0.0_ 1.0)
212.897,-12,3,70,0,0,0,(0.0_ 0.0_ 1.0)
212.897,-12,3,70,0,0,0,(0.0_ 0.0_ 1.0)
212.897,-12,3,70,0,0,0,(0.0_ 0.0_ 1.0)
212.897,-12,3,70,0,0,0,(0.0_ 0.0_ 1.0)
212.897,-12,3,70,0,0,0,(0.0_ 0.0_ 1.0)
212.897,-12,3,70,0,0,0,(0.0_ 0.0_ 1.0)
212.897,-12,3,70,0,0,0,(0.0_ 0.0_ 1.0)
212.897,-12,3,70,0,0,0,(0.0_ 0.0_ 1.0)
212.897,-12,3,70,0,0,0,(0.0_ 0.0_ 1.0)
212.897,-12,3,70,0,0,0,(0.0_ 0.0_ 1.0)
212.897,-12,3,70,0,0,0,(0.0_ 0.0_ 1.0)
212.897,-12,3,70,0,0,0,(0.0_ 0.0_ 1.0)
212.897,-12,3,70,0,0,0,(0.0_ 0.0_ 1.0)
212.897,-12,3,70,0,0,0,(0.0_ 0.0_ 1.0)
212.897,-12,3,70,0,0,0,(0.0_ 0.0_ 1.0)
212.897,-12,3,70,0,0,0,(0.0_ 0.0_ 1.0)
212.897,-12,3,70,0,0,0,(0.0_ 0.0_ 1.0)
212.897,-12,3,70,0,0,0,(0.0_ 0.0_ 1.0)
212.897,-12,3,70,0,0,0,(0.0_ 0.0_ 1.0)
212.897,-12,3,70,0,0,0,(0.0_ 0.0_ 1.0)
212.897,-12,3,70,0,0,0,(0.0_ 0.0_ 1.0)
212.897,-12,3,70,0,0,0,(0.0_ 0.0_ 1.0)
212.897,-12,3,70,0,0,0,(0.0_ 0.0_ 1.0)
212.897,-12,3,70,0,0,0,(0.0_ 0.0_ 1.0)
212.897,-12,3,70,0,0,0,(0.0_ 0.0_ 1.0)
212.897,-12,3,70,0,0,0,(0.0_ 0.0_ 1.0)
212.897,-12,3,70,0,0,0,(0.0_ 0.0_ 1.0)
212.897,-12,3,70,0,0,0,(0.0_ 0.0_ 1.0)
212.897,-12,3,70,0,0,0,(0.0_ 0.0_ 1.0)
212.897,-12,3,70,0,0,0,(0.0_ 0.0_ 1.0)
212.897,-12,3,70,0,0,0,(0.0_ 0.0_ 1.0)
212.897,-12,3,70,0,0,0,(0.0_ 0.0_ 1.0)
212.897,-12,3,70,0,0,0,(0.0_ 0.0_ 1.0)
212.897,-12,3,70,0,0,0,(0.0_ 0.0_ 1.0)
212.897,-12,3,70,0,0,0,(0.0_ 0.0_ 1.0)
212.897,-12,3,70,0,0,0,(0.0_ 0.0_ 1.0)
212.897,-12,3,70,0,0,0,(0.0_ 0.0_ 1.0)
212.897,-12,3,70,0,0,0,(0.0_ 0.0_ 1.0)
212.897,-12,3,70,0,0,0,(0.0_ 0.0_ 1.0)
212.897,-12,3,70,0,0,0,(0.0_ 0.0_ 1.0)
212.897,-12,3,70,0,0,0,(0.0_ 0.0_ 1.0)
212.897,-12,3,70,0,0,0,(0.0_ 0.0_ 1.0)
212.897,-12,3,70,0,0,0,(0.0_ 0.0_ 1.0)
212.897,-12,3,70,0,0,0,(0.0_ 0.0_ 1.0)
212.897,-12,3,70,0,0,0,(0.0_ 0.0_ 1.0)
212.897,-12,3,70,0,0,0,(0.0_ 0.0_ 1.0)
212.897,-12,3,70,0,0,0,(0.0_ 0.0_ 1.0)
212.897,-12,3,70,0,0,0,(0.0_ 0.0_ 1.0)
212.897,-12,3,70,0,0,0,(0.0_ 0.0_ 1.0)
212.897,-12,3,70,0,0,0,(0.0_ 0.0_ 1.0)
212.897,-12,3,70,0,0,0,(0.0_ 0.0_ 1.0)
212.897,-12,3,70,0,0,0,(0.0_ 0.0_ 1.0)
212.897,-12,3,70,0,0,0,(0.0_ 0.0_ 1.0)
212.897,-12,3,70,0,0,0,(0.0_ 0.0_ 1.0)
212.897,-12,3,70,0,0,0,(0.0_ 0.0_ 1.0)
212.897,-12,3,70,0,0,0,(0.0_ 0.0_ 1.0)
212.897,-12,3,70,0,0,0,(0.0_ 0.0_ 1.0)
212.897,-12,3,70,0,0,0,(0.0_ 0.0_ 1.0)
212.897,-12,3,70,0,0,0,(0.0_ 0.0_ 1.0)
212.897,-12,3,70,0,0,0,(0.0_ 0.0_ 1.0)
212.897,-12,3,70,0,0,0,(0.0_ 0.0_ 1.0)
212.897,-12,3,70,0,0,0,(0.0_ 0.0_ 1.0)
212.897,-12,3,70,0,0,0,(0.0_ 0.0_ 1.0)
212.897,-12,3,70,0,0,0,(0.0_ 0.0_ 1.0)
212.897,-12,3,70,0,0,0,(0.0_ 0.0_ 1.0)
212.897,-12,3,70,0,0,0,(0.0_ 0.0_ 1.0)
212.897,-12,3,70,0,0,0,(0.0_ 0.0_ 1.0)
212.897,-12,3,70,0,0,0,(0.0_ 0.0_ 1.0)
212.897,-12,3,70,0,0,0,(0.0_ 0.0_ 1.0)
212.897,-12,3,70,0,0,0,(0.0_ 0.0_ 1.0)
212.897,-12,3,70,0,0,0,(0.0_ 0.0_ 1.0)
212.897,-12,3,70,0,0,0,(0.0_ 0.0_ 1.0)
212.897,-12,3,70,0,0,0,(0.0_ 0.0_ 1.0)
212.897,-12,3,70,0,0,0,(0.0_ 0.0_ 1.0)
212.897,-12,3,70,0,0,0,(0.0_ 0.0_ 1.0)
212.897,-12,3,70,0,0,0,(0.0_ 0.0_ 1.0)
212.897,-12,3,70,0,0,0,(0.0_ 0.0_ 1.0)
212.897,-12,3,70,0,0,0,(0.0_ 0.0_ 1.0)
212.897,-12,3,70,0,0,0,(0.0_ 0.0_ 1.0)
212.897,-12,3,70,0,0,0,(0.0_ 0.0_ 1.0)
212.897,-12,3,70,0,0,0,(0.0_ 0.0_ 1.0)
212.897,-12,3,70,0,0,0,(0.0_ 0.0_ 1.0)
212.897,-12,3,70,0,0,0,(0.0_ 0.0_ 1.0)
212.897,-12,3,70,0,0,0,(0.0_ 0.0_ 1.0)
212.897,-12,3,70,0,0,0,(0.0_ 0.0_ 1.0)
212.897,-12,3,70,0,0,0,(0.0_ 0.0_ 1.0)
212.897,-12,3,70,0,0,0,(0.0_ 0.0_ 1.0)
212.897,-12,3,70,0,0,0,(0.0_ 0.0_ 1.0)
212.897,-12,3,70,0,0,0,(0.0_ 0.0_ 1.0)
212.897,-12,3,70,0,0,0,(0.0_ 0.0_ 1.0)
212.897,-12,3,70,0,0,0,(0.0_ 0.0_ 1.0)
212.897,-12,3,70,0,0,0,(0.0_ 0.0_ 1.0)
212.897,-12,3,70,0,0,0,(0.0_ 0.0_ 1.0)
212.897,-12,3,70,0,0,0,(0.0_ 0.0_ 1.0)
212.897,-12,3,70,0,0,0,(0.0_ 0.0_ 1.0)
212.897,-12,3,70,0,0,0,(0.0_ 0.0_ 1.0)
212.897,-12,3,70,0,0,0,(0.0_ 0.0_ 1.0)
212.897,-12,3,70,0,0,0,(0.0_ 0.0_ 1.0)
212.897,-12,3,70,0,0,0,(0.0_ 0.0_ 1.0)
212.897,-12,3,70,0,0,0,(0.0_ 0.0_ 1.0)
212.897,-12,3,70,0,0,0,(0.0_ 0.0_ 1.0)
212.897,-12,3,70,0,0,0,(0.0_ 0.0_ 1.0)
212.897,-12,3,70,0,0,0,(0.0_ 0.0_ 1.0)
212.897,-12,3,70,0,0,0,(0.0_ 0.0_ 1.0)
212.897,-12,3,70,0,0,0,(0.0_ 0.0_ 1.0)
212.897,-12,3,70,0,0,0,(0.0_ 0.0_ 1.0)
212.897,-12,3,70,0,0,0,(0.0_ 0.0_ 1.0)
212.897,-12,3,70,0,0,0,(0.0_ 0.0_ 1.0)
212.897,-12,3,70,0,0,0,(0.0_ 0.0_ 1.0)
212.897,-12,3,70,0,0,0,(0.0_ 0.0_ 1.0)
212.897,-12,3,70,0,0,0,(0.0_ 0.0_ 1.0)
212.897,-12,3,70,0,0,0,(0.0_ 0.0_ 1.0)
212.897,-12,3,70,0,0,0,(0.0_ 0.0_ 1.0)
212.897,-12,3,70,0,0,0,(0.0_ 0.0_ 1.0)
212.897,-12,3,70,0,0,0,(0.0_ 0.0_ 1.0)
212.897,-12,3,70,0,0,0,(0.0_ 0.0_ 1.0)
212.897,-12,3,70,0,0,0,(0.0_ 0.0_ 1.0)
212.897,-12,3,70,0,0,0,(0.0_ 0.0_ 1.0)
212.897,-12,3,70,0,0,0,(0.0_ 0.0_ 1.0)
212.897,-12,3,70,0,0,0,(0.0_ 0.0_ 1.0)
212.897,-12,3,70,0,0,0,(0.0_ 0.0_ 1.0)
212.897,-12,3,70,0,0,0,(0.0_ 0.0_ 1.0)
212.897,-12,3,70,0,0,0,(0.0_ 0.0_ 1.0)
212.897,-12,3,70,0,0,0,(0.0_ 0.0_ 1.0)
212.897,-12,3,70,0,0,0,(0.0_ 0.0_ 1.0)
212.897,-12,3,70,0,0,0,(0.0_ 0.0_ 1.0)
212.897,-12,3,70,0,0,0,(0.0_ 0.0_ 1.0)
212.897,-12,3,70,0,0,0,(0.0_ 0.0_ 1.0)
212.897,-12,3,70,0,0,0,(0.0_ 0.0_ 1.0)
212.897,-12,3,70,0,0,0,(0.0_ 0.0_ 1.0)
212.897,-12,3,70,0,0,0,(0.0_ 0.0_ 1.0)
212.897,-12,3,70,0,0,0,(0.0_ 0.0_ 1.0)
212.897,-12,3,70,0,0,0,(0.0_ 0.0_ 1.0)
212.897,-12,3,70,0,0,0,(0.0_ 0.0_ 1.0)
212.897,-12,3,70,0,0,0,(0.0_ 0.0_ 1.0)
212.897,-12,3,70,0,0,0,(0.0_ 0.0_ 1.0)
212.897,-12,3,70,0,0,0,(0.0_ 0.0_ 1.0)
212.897,-12,3,70,0,0,0,(0.0_ 0.0_ 1.0)
212.897,-12,3,70,0,0,0,(0.0_ 0.0_ 1.0)
212.897,-12,3,70,0,0,0,(0.0_ 0.0_ 1.0)
212.897,-12,3,70,0,0,0,(0.0_ 0.0_ 1.0)
212.897,-12,3,70,0,0,0,(0.0_ 0.0_ 1.0)
212.897,-12,3,70,0,0,0,(0.0_ 0.0_ 1.0)
212.897,-12,3,70,0,0,0,(0.0_ 0.0_ 1.0)
212.897,-12,3,70,0,0,0,(0.0_ 0.0_ 1.0)
212.897,-12,3,70,0,0,0,(0.0_ 0.0_ 1.0)
212.897,-12,3,70,0,0,0,(0.0_ 0.0_ 1.0)
212.897,-12,3,70,0,0,0,(0.0_ 0.0_ 1.0)
212.897,-12,3,70,0,0,0,(0.0_ 0.0_ 1.0)
212.897,-12,3,70,0,0,0,(0.0_ 0.0_ 1.0)
212.897,-12,3,70,0,0,0,(0.0_ 0.0_ 1.0)
212.897,-12,3,70,0,0,0,(0.0_ 0.0_ 1.0)
212.897,-12,3,70,0,0,0,(0.0_ 0.0_ 1.0)
212.897,-12,3,70,0,0,0,(0.0_ 0.0_ 1.0)
212.897,-12,3,70,0,0,0,(0.0_ 0.0_ 1.0)
212.897,-12,3,70,0,0,0,(0.0_ 0.0_ 1.0)
212.897,-12,3,70,0,0,0,(0.0_ 0.0_ 1.0)
212.897,-12,3,70,0,0,0,(0.0_ 0.0_ 1.0)
212.897,-12,3,70,0,0,0,(0.0_ 0.0_ 1.0)
212.897,-12,3,70,0,0,0,(0.0_ 0.0_ 1.0)
212.897,-12,3,70,0,0,0,(0.0_ 0.0_ 1.0)
212.897,-12,3,70,0,0,0,(0.0_ 0.0_ 1.0)
212.897,-12,3,70,0,0,0,(0.0_ 0.0_ 1.0)
212.897,-12,3,70,0,0,0,(0.0_ 0.0_ 1.0)
212.897,-12,3,70,0,0,0,(0.0_ 0.0_ 1.0)
212.897,-12,3,70,0,0,0,(0.0_ 0.0_ 1.0)
212.897,-12,3,70,0,0,0,(0.0_ 0.0_ 1.0)
212.897,-12,3,70,0,0,0,(0.0_ 0.0_ 1.0)
212.897,-12,3,70,0,0,0,(0.0_ 0.0_ 1.0)
212.897,-12,3,70,0,0,0,(0.0_ 0.0_ 1.0)
212.897,-12,3,70,0,0,0,(0.0_ 0.0_ 1.0)
212.9096,-11.99965,3,70,0,0,0,(0.0_ 0.0_ 1.0)
212.9232,-11.99886,3,70,0,0,0,(0.0_ 0.0_ 1.0)
212.9313,-11.99852,3,70,0,0,0,(0.0_ 0.0_ 1.0)
212.9425,-11.99759,3,70,0,0,0,(0.0_ 0.0_ 1.0)
212.9536,-11.99806,3,70,0,0,0,(0.0_ 0.0_ 1.0)
212.9642,-11.9998,3,70,0,0,0,(0.0_ 0.0_ 1.0)
212.9754,-12.00186,3,70,0,0,0,(0.0_ 0.0_ 1.0)
212.9865,-12.00438,3,70,0,0,0,(0.0_ 0.0_ 1.0)
212.9978,-12.00747,3,70,0,0,0,(0.0_ 0.0_ 1.0)
213.0085,-12.01085,3,70,0,0,0,(0.0_ 0.0_ 1.0)
213.0204,-12.01258,3,70,0,0,0,(0.0_ 0.0_ 1.0)
213.0328,-12.01216,3,70,0,0,0,(0.0_ 0.0_ 1.0)
213.0436,-12.01216,3,70,0,0,0,(0.0_ 0.0_ 1.0)
213.0524,-12.01175,3,70,0,0,0,(0.0_ 0.0_ 1.0)
213.063,-12.01276,3,70,0,0,0,(0.0_ 0.0_ 1.0)
213.0747,-12.01574,3,70,0,0,0,(0.0_ 0.0_ 1.0)
213.086,-12.01872,3,70,0,0,0,(0.0_ 0.0_ 1.0)
213.0971,-12.02115,3,70,0,0,0,(0.0_ 0.0_ 1.0)
213.1078,-12.02296,3,70,0,0,0,(0.0_ 0.0_ 1.0)
213.1195,-12.02557,3,70,0,0,0,(0.0_ 0.0_ 1.0)
213.1333,-12.02485,3,70,0,0,0,(0.0_ 0.0_ 1.0)
213.1416,-12.02441,3,70,0,0,0,(0.0_ 0.0_ 1.0)
213.153,-12.02376,3,70,0,0,0,(0.0_ 0.0_ 1.0)
213.1637,-12.02235,3,70,0,0,0,(0.0_ 0.0_ 1.0)
213.1752,-12.02025,3,70,0,0,0,(0.0_ 0.0_ 1.0)
213.1857,-12.01785,3,70,0,0,0,(0.0_ 0.0_ 1.0)
213.1973,-12.01521,3,70,0,0,0,(0.0_ 0.0_ 1.0)
213.2082,-12.01217,3,70,0,0,0,(0.0_ 0.0_ 1.0)
213.2196,-12.01016,3,70,0,0,0,(0.0_ 0.0_ 1.0)
213.2305,-12.00934,3,70,0,0,0,(0.0_ 0.0_ 1.0)
213.2418,-12.00822,3,70,0,0,0,(0.0_ 0.0_ 1.0)
213.2525,-12.00727,3,70,0,0,0,(0.0_ 0.0_ 1.0)
213.2635,-12.00639,3,70,0,0,0,(0.0_ 0.0_ 1.0)
213.275,-12.00623,3,70,0,0,0,(0.0_ 0.0_ 1.0)
213.2864,-12.00553,3,70,0,0,0,(0.0_ 0.0_ 1.0)
213.2975,-12.0053,3,70,0,0,0,(0.0_ 0.0_ 1.0)
213.3082,-12.00551,3,70,0,0,0,(0.0_ 0.0_ 1.0)
213.3195,-12.00505,3,70,0,0,0,(0.0_ 0.0_ 1.0)
213.3304,-12.006,3,70,0,0,0,(0.0_ 0.0_ 1.0)
213.3454,-12.01,3,70,0,0,0,(0.0_ 0.0_ 1.0)
213.3523,-12.01199,3,70,0,0,0,(0.0_ 0.0_ 1.0)
213.3636,-12.01558,3,70,0,0,0,(0.0_ 0.0_ 1.0)
213.3751,-12.01999,3,70,0,0,0,(0.0_ 0.0_ 1.0)
213.3859,-12.02482,3,70,0,0,0,(0.0_ 0.0_ 1.0)
213.3974,-12.02982,3,70,0,0,0,(0.0_ 0.0_ 1.0)
213.4081,-12.03496,3,70,0,0,0,(0.0_ 0.0_ 1.0)
213.4196,-12.04109,3,70,0,0,0,(0.0_ 0.0_ 1.0)
213.4303,-12.0464,3,70,0,0,0,(0.0_ 0.0_ 1.0)
213.4421,-12.05468,3,70,0,0,0,(0.0_ 0.0_ 1.0)
213.4531,-12.06272,3,70,0,0,0,(0.0_ 0.0_ 1.0)
213.4643,-12.07137,3,70,0,0,0,(0.0_ 0.0_ 1.0)
213.4753,-12.0791,3,70,0,0,0,(0.0_ 0.0_ 1.0)
213.4863,-12.08763,3,70,0,0,0,(0.0_ 0.0_ 1.0)
213.4977,-12.09729,3,70,0,0,0,(0.0_ 0.0_ 1.0)
213.5087,-12.1062,3,70,0,0,0,(0.0_ 0.0_ 1.0)
213.5199,-12.11503,3,70,0,0,0,(0.0_ 0.0_ 1.0)
213.5305,-12.12312,3,70,0,0,0,(0.0_ 0.0_ 1.0)
213.5451,-12.13305,3,70,0,0,0,(0.0_ 0.0_ 1.0)
213.5532,-12.13813,3,70,0,0,0,(0.0_ 0.0_ 1.0)
213.5639,-12.14514,3,70,0,0,0,(0.0_ 0.0_ 1.0)
213.5768,-12.15391,3,70,0,0,0,(0.0_ 0.0_ 1.0)
213.5866,-12.16002,3,70,0,0,0,(0.0_ 0.0_ 1.0)
213.5977,-12.1679,3,70,0,0,0,(0.0_ 0.0_ 1.0)
213.6085,-12.1767,3,70,0,0,0,(0.0_ 0.0_ 1.0)
213.6198,-12.18547,3,70,0,0,0,(0.0_ 0.0_ 1.0)
213.6304,-12.19346,3,70,0,0,0,(0.0_ 0.0_ 1.0)
213.642,-12.20326,3,70,0,0,0,(0.0_ 0.0_ 1.0)
213.6531,-12.21341,3,70,0,0,0,(0.0_ 0.0_ 1.0)
213.6634,-12.22224,3,70,0,0,0,(0.0_ 0.0_ 1.0)
213.6752,-12.23299,3,70,0,0,0,(0.0_ 0.0_ 1.0)
213.6862,-12.24356,3,70,0,0,0,(0.0_ 0.0_ 1.0)
213.6976,-12.2537,3,70,0,0,0,(0.0_ 0.0_ 1.0)
213.7084,-12.26337,3,70,0,0,0,(0.0_ 0.0_ 1.0)
213.7197,-12.27417,3,70,0,0,0,(0.0_ 0.0_ 1.0)
213.7307,-12.28556,3,70,0,0,0,(0.0_ 0.0_ 1.0)
213.7454,-12.30067,3,70,0,0,0,(0.0_ 0.0_ 1.0)
213.753,-12.30893,3,70,0,0,0,(0.0_ 0.0_ 1.0)
213.7638,-12.3216,3,70,0,0,0,(0.0_ 0.0_ 1.0)
213.7753,-12.33474,3,70,0,0,0,(0.0_ 0.0_ 1.0)
213.7866,-12.34834,3,70,0,0,0,(0.0_ 0.0_ 1.0)
213.7977,-12.36157,3,70,0,0,0,(0.0_ 0.0_ 1.0)
213.8086,-12.37439,3,70,0,0,0,(0.0_ 0.0_ 1.0)
213.82,-12.38799,3,70,0,0,0,(0.0_ 0.0_ 1.0)
213.8306,-12.40125,3,70,0,0,0,(0.0_ 0.0_ 1.0)
213.8419,-12.4162,3,70,0,0,0,(0.0_ 0.0_ 1.0)
213.8533,-12.43036,3,70,0,0,0,(0.0_ 0.0_ 1.0)
213.864,-12.44458,3,70,0,0,0,(0.0_ 0.0_ 1.0)
213.8757,-12.45969,3,70,0,0,0,(0.0_ 0.0_ 1.0)
213.8866,-12.47334,3,70,0,0,0,(0.0_ 0.0_ 1.0)
213.8976,-12.48661,3,70,0,0,0,(0.0_ 0.0_ 1.0)
213.9084,-12.49913,3,70,0,0,0,(0.0_ 0.0_ 1.0)
213.92,-12.5121,3,70,0,0,0,(0.0_ 0.0_ 1.0)
213.9309,-12.52322,3,70,0,0,0,(0.0_ 0.0_ 1.0)
213.9449,-12.53862,3,70,0,0,0,(0.0_ 0.0_ 1.0)
213.9534,-12.54732,3,70,0,0,0,(0.0_ 0.0_ 1.0)
213.9638,-12.55732,3,70,0,0,0,(0.0_ 0.0_ 1.0)
213.9754,-12.56847,3,70,0,0,0,(0.0_ 0.0_ 1.0)
213.9864,-12.5786,3,70,0,0,0,(0.0_ 0.0_ 1.0)
213.9975,-12.5884,3,70,0,0,0,(0.0_ 0.0_ 1.0)
214.0084,-12.59742,3,70,0,0,0,(0.0_ 0.0_ 1.0)
214.0199,-12.60806,3,70,0,0,0,(0.0_ 0.0_ 1.0)
214.0306,-12.61704,3,70,0,0,0,(0.0_ 0.0_ 1.0)
214.0424,-12.6257,3,70,0,0,0,(0.0_ 0.0_ 1.0)
214.0532,-12.63428,3,70,0,0,0,(0.0_ 0.0_ 1.0)
214.0641,-12.64201,3,70,0,0,0,(0.0_ 0.0_ 1.0)
214.0757,-12.6491,3,70,0,0,0,(0.0_ 0.0_ 1.0)
214.0863,-12.65582,3,70,0,0,0,(0.0_ 0.0_ 1.0)
214.0978,-12.66416,3,70,0,0,0,(0.0_ 0.0_ 1.0)
214.1093,-12.67211,3,70,0,0,0,(0.0_ 0.0_ 1.0)
214.1202,-12.67923,3,70,0,0,0,(0.0_ 0.0_ 1.0)
214.1315,-12.68778,3,70,0,0,0,(0.0_ 0.0_ 1.0)
214.1452,-12.69773,3,70,0,0,0,(0.0_ 0.0_ 1.0)
214.1534,-12.70357,3,70,0,0,0,(0.0_ 0.0_ 1.0)
214.1639,-12.71164,3,70,0,0,0,(0.0_ 0.0_ 1.0)
214.1759,-12.72088,3,70,0,0,0,(0.0_ 0.0_ 1.0)
214.1864,-12.72901,3,70,0,0,0,(0.0_ 0.0_ 1.0)
214.1977,-12.73803,3,70,0,0,0,(0.0_ 0.0_ 1.0)
214.2088,-12.74786,3,70,0,0,0,(0.0_ 0.0_ 1.0)
214.2204,-12.75726,3,70,0,0,0,(0.0_ 0.0_ 1.0)
214.2309,-12.76495,3,70,0,0,0,(0.0_ 0.0_ 1.0)
214.2422,-12.77435,3,70,0,0,0,(0.0_ 0.0_ 1.0)
214.2536,-12.7835,3,70,0,0,0,(0.0_ 0.0_ 1.0)
214.2644,-12.79179,3,70,0,0,0,(0.0_ 0.0_ 1.0)
214.2754,-12.7992,3,70,0,0,0,(0.0_ 0.0_ 1.0)
214.2869,-12.80695,3,70,0,0,0,(0.0_ 0.0_ 1.0)
214.2979,-12.81306,3,70,0,0,0,(0.0_ 0.0_ 1.0)
214.3089,-12.81794,3,70,0,0,0,(0.0_ 0.0_ 1.0)
214.3198,-12.82378,3,70,0,0,0,(0.0_ 0.0_ 1.0)
214.3309,-12.82867,3,70,0,0,0,(0.0_ 0.0_ 1.0)
214.3426,-12.83277,3,70,0,0,0,(0.0_ 0.0_ 1.0)
214.3565,-12.83769,3,70,0,0,0,(0.0_ 0.0_ 1.0)
214.364,-12.84011,3,70,0,0,0,(0.0_ 0.0_ 1.0)
214.3759,-12.84273,3,70,0,0,0,(0.0_ 0.0_ 1.0)
214.3866,-12.84408,3,70,0,0,0,(0.0_ 0.0_ 1.0)
214.3978,-12.84665,3,70,0,0,0,(0.0_ 0.0_ 1.0)
214.4087,-12.84789,3,70,0,0,0,(0.0_ 0.0_ 1.0)
214.4204,-12.84776,3,70,0,0,0,(0.0_ 0.0_ 1.0)
214.4311,-12.84822,3,70,0,0,0,(0.0_ 0.0_ 1.0)
214.4465,-12.84678,3,70,0,0,0,(0.0_ 0.0_ 1.0)
214.4534,-12.84617,3,70,0,0,0,(0.0_ 0.0_ 1.0)
214.4653,-12.84526,3,70,0,0,0,(0.0_ 0.0_ 1.0)
214.4769,-12.84593,3,70,0,0,0,(0.0_ 0.0_ 1.0)
214.4875,-12.8465,3,70,0,0,0,(0.0_ 0.0_ 1.0)
214.4985,-12.84702,3,70,0,0,0,(0.0_ 0.0_ 1.0)
214.5093,-12.84873,3,70,0,0,0,(0.0_ 0.0_ 1.0)
214.5206,-12.8503,3,70,0,0,0,(0.0_ 0.0_ 1.0)
214.5321,-12.85271,3,70,0,0,0,(0.0_ 0.0_ 1.0)
214.5425,-12.85557,3,70,0,0,0,(0.0_ 0.0_ 1.0)
214.5542,-12.85889,3,70,0,0,0,(0.0_ 0.0_ 1.0)
214.5672,-12.8629,3,70,0,0,0,(0.0_ 0.0_ 1.0)
214.5762,-12.8658,3,70,0,0,0,(0.0_ 0.0_ 1.0)
214.5867,-12.87047,3,70,0,0,0,(0.0_ 0.0_ 1.0)
214.5979,-12.87455,3,70,0,0,0,(0.0_ 0.0_ 1.0)
214.6089,-12.87991,3,70,0,0,0,(0.0_ 0.0_ 1.0)
214.6201,-12.88676,3,70,0,0,0,(0.0_ 0.0_ 1.0)
214.6318,-12.89355,3,70,0,0,0,(0.0_ 0.0_ 1.0)
214.6421,-12.89781,3,70,0,0,0,(0.0_ 0.0_ 1.0)
214.6533,-12.90037,3,70,0,0,0,(0.0_ 0.0_ 1.0)
214.6645,-12.90307,3,70,0,0,0,(0.0_ 0.0_ 1.0)
214.6761,-12.90419,3,70,0,0,0,(0.0_ 0.0_ 1.0)
214.6871,-12.90679,3,70,0,0,0,(0.0_ 0.0_ 1.0)
214.6977,-12.91079,3,70,0,0,0,(0.0_ 0.0_ 1.0)
214.7091,-12.91397,3,70,0,0,0,(0.0_ 0.0_ 1.0)
214.7202,-12.91698,3,70,0,0,0,(0.0_ 0.0_ 1.0)
214.7313,-12.91993,3,70,0,0,0,(0.0_ 0.0_ 1.0)
214.7417,-12.92233,3,70,0,0,0,(0.0_ 0.0_ 1.0)
214.7531,-12.92474,3,70,0,0,0,(0.0_ 0.0_ 1.0)
214.7645,-12.92698,3,70,0,0,0,(0.0_ 0.0_ 1.0)
214.7796,-12.93226,3,70,0,0,0,(0.0_ 0.0_ 1.0)
214.7866,-12.93404,3,70,0,0,0,(0.0_ 0.0_ 1.0)
214.7975,-12.93738,3,70,0,0,0,(0.0_ 0.0_ 1.0)
214.8089,-12.94143,3,70,0,0,0,(0.0_ 0.0_ 1.0)
214.82,-12.94422,3,70,0,0,0,(0.0_ 0.0_ 1.0)
214.8309,-12.94696,3,70,0,0,0,(0.0_ 0.0_ 1.0)
214.8428,-12.94991,3,70,0,0,0,(0.0_ 0.0_ 1.0)
214.8532,-12.95424,3,70,0,0,0,(0.0_ 0.0_ 1.0)
214.8641,-12.95853,3,70,0,0,0,(0.0_ 0.0_ 1.0)
214.8758,-12.96465,3,70,0,0,0,(0.0_ 0.0_ 1.0)
214.8869,-12.97182,3,70,0,0,0,(0.0_ 0.0_ 1.0)
214.8978,-12.97883,3,70,0,0,0,(0.0_ 0.0_ 1.0)
214.9085,-12.98635,3,70,0,0,0,(0.0_ 0.0_ 1.0)
214.9199,-12.99508,3,70,0,0,0,(0.0_ 0.0_ 1.0)
214.9307,-13.00365,3,70,0,0,0,(0.0_ 0.0_ 1.0)
214.9426,-13.01322,3,70,0,0,0,(0.0_ 0.0_ 1.0)
214.9533,-13.02418,3,70,0,0,0,(0.0_ 0.0_ 1.0)
214.964,-13.03764,3,70,0,0,0,(0.0_ 0.0_ 1.0)
214.976,-13.05163,3,70,0,0,0,(0.0_ 0.0_ 1.0)
214.9895,-13.0697,3,70,0,0,0,(0.0_ 0.0_ 1.0)
214.9976,-13.08133,3,70,0,0,0,(0.0_ 0.0_ 1.0)
215.0088,-13.09725,3,70,0,0,0,(0.0_ 0.0_ 1.0)
215.0202,-13.11313,3,70,0,0,0,(0.0_ 0.0_ 1.0)
215.0309,-13.12828,3,70,0,0,0,(0.0_ 0.0_ 1.0)
215.0425,-13.14493,3,70,0,0,0,(0.0_ 0.0_ 1.0)
215.0537,-13.15922,3,70,0,0,0,(0.0_ 0.0_ 1.0)
215.064,-13.1726,3,70,0,0,0,(0.0_ 0.0_ 1.0)
215.0758,-13.18814,3,70,0,0,0,(0.0_ 0.0_ 1.0)
215.0872,-13.2021,3,70,0,0,0,(0.0_ 0.0_ 1.0)
215.0979,-13.21501,3,70,0,0,0,(0.0_ 0.0_ 1.0)
215.1087,-13.2276,3,70,0,0,0,(0.0_ 0.0_ 1.0)
215.1201,-13.24066,3,70,0,0,0,(0.0_ 0.0_ 1.0)
215.1313,-13.25322,3,70,0,0,0,(0.0_ 0.0_ 1.0)
215.1426,-13.26701,3,70,0,0,0,(0.0_ 0.0_ 1.0)
215.1537,-13.28185,3,70,0,0,0,(0.0_ 0.0_ 1.0)
215.1645,-13.29439,3,70,0,0,0,(0.0_ 0.0_ 1.0)
215.1761,-13.30839,3,70,0,0,0,(0.0_ 0.0_ 1.0)
215.1901,-13.32582,3,70,0,0,0,(0.0_ 0.0_ 1.0)
215.1979,-13.33501,3,70,0,0,0,(0.0_ 0.0_ 1.0)
215.209,-13.34783,3,70,0,0,0,(0.0_ 0.0_ 1.0)
215.22,-13.36074,3,70,0,0,0,(0.0_ 0.0_ 1.0)
215.2309,-13.37379,3,70,0,0,0,(0.0_ 0.0_ 1.0)
215.2427,-13.38739,3,70,0,0,0,(0.0_ 0.0_ 1.0)
215.2537,-13.40162,3,70,0,0,0,(0.0_ 0.0_ 1.0)
215.2646,-13.417,3,70,0,0,0,(0.0_ 0.0_ 1.0)
215.2757,-13.43292,3,70,0,0,0,(0.0_ 0.0_ 1.0)
215.2866,-13.44895,3,70,0,0,0,(0.0_ 0.0_ 1.0)
215.2976,-13.46578,3,70,0,0,0,(0.0_ 0.0_ 1.0)
215.3092,-13.48395,3,70,0,0,0,(0.0_ 0.0_ 1.0)
215.3203,-13.50115,3,70,0,0,0,(0.0_ 0.0_ 1.0)
215.331,-13.51818,3,70,0,0,0,(0.0_ 0.0_ 1.0)
215.3427,-13.53706,3,70,0,0,0,(0.0_ 0.0_ 1.0)
215.3537,-13.55418,3,70,0,0,0,(0.0_ 0.0_ 1.0)
215.3645,-13.57252,3,70,0,0,0,(0.0_ 0.0_ 1.0)
215.376,-13.59219,3,70,0,0,0,(0.0_ 0.0_ 1.0)
215.3866,-13.61022,3,70,0,0,0,(0.0_ 0.0_ 1.0)
215.4008,-13.63355,3,70,0,0,0,(0.0_ 0.0_ 1.0)
215.4092,-13.64765,3,70,0,0,0,(0.0_ 0.0_ 1.0)
215.42,-13.66601,3,70,0,0,0,(0.0_ 0.0_ 1.0)
215.4308,-13.68242,3,70,0,0,0,(0.0_ 0.0_ 1.0)
215.4428,-13.70105,3,70,0,0,0,(0.0_ 0.0_ 1.0)
215.4536,-13.71683,3,70,0,0,0,(0.0_ 0.0_ 1.0)
215.4646,-13.73204,3,70,0,0,0,(0.0_ 0.0_ 1.0)
215.4759,-13.74719,3,70,0,0,0,(0.0_ 0.0_ 1.0)
215.4867,-13.76157,3,70,0,0,0,(0.0_ 0.0_ 1.0)
215.4979,-13.77623,3,70,0,0,0,(0.0_ 0.0_ 1.0)
215.5092,-13.79055,3,70,0,0,0,(0.0_ 0.0_ 1.0)
215.5202,-13.80583,3,70,0,0,0,(0.0_ 0.0_ 1.0)
215.5313,-13.82087,3,70,0,0,0,(0.0_ 0.0_ 1.0)
215.5426,-13.8359,3,70,0,0,0,(0.0_ 0.0_ 1.0)
215.554,-13.85152,3,70,0,0,0,(0.0_ 0.0_ 1.0)
215.5645,-13.86472,3,70,0,0,0,(0.0_ 0.0_ 1.0)
215.5761,-13.87798,3,70,0,0,0,(0.0_ 0.0_ 1.0)
215.5868,-13.8899,3,70,0,0,0,(0.0_ 0.0_ 1.0)
215.6012,-13.90672,3,70,0,0,0,(0.0_ 0.0_ 1.0)
215.6094,-13.91591,3,70,0,0,0,(0.0_ 0.0_ 1.0)
215.6199,-13.92711,3,70,0,0,0,(0.0_ 0.0_ 1.0)
215.631,-13.94058,3,70,0,0,0,(0.0_ 0.0_ 1.0)
215.6428,-13.95528,3,70,0,0,0,(0.0_ 0.0_ 1.0)
215.6535,-13.969,3,70,0,0,0,(0.0_ 0.0_ 1.0)
215.6644,-13.98331,3,70,0,0,0,(0.0_ 0.0_ 1.0)
215.6759,-13.99906,3,70,0,0,0,(0.0_ 0.0_ 1.0)
215.687,-14.014,3,70,0,0,0,(0.0_ 0.0_ 1.0)
215.6981,-14.02869,3,70,0,0,0,(0.0_ 0.0_ 1.0)
215.7091,-14.0437,3,70,0,0,0,(0.0_ 0.0_ 1.0)
215.7199,-14.05791,3,70,0,0,0,(0.0_ 0.0_ 1.0)
215.7309,-14.07175,3,70,0,0,0,(0.0_ 0.0_ 1.0)
215.7427,-14.08893,3,70,0,0,0,(0.0_ 0.0_ 1.0)
215.7535,-14.10493,3,70,0,0,0,(0.0_ 0.0_ 1.0)
215.7648,-14.12177,3,70,0,0,0,(0.0_ 0.0_ 1.0)
215.7764,-14.13851,3,70,0,0,0,(0.0_ 0.0_ 1.0)
215.7871,-14.09628,3,70,0,0,0,(0.0_ 0.0_ 1.0)
215.8014,-14.03955,3,70,0,0,0,(0.0_ 0.0_ 1.0)
215.8091,-14.00875,3,70,0,0,0,(0.0_ 0.0_ 1.0)
215.8201,-13.9653,3,70,0,0,0,(0.0_ 0.0_ 1.0)
215.8313,-13.9205,3,70,0,0,0,(0.0_ 0.0_ 1.0)
215.8425,-13.87442,3,70,0,0,0,(0.0_ 0.0_ 1.0)
215.8536,-13.82847,3,70,0,0,0,(0.0_ 0.0_ 1.0)
215.8645,-13.78336,3,70,0,0,0,(0.0_ 0.0_ 1.0)
215.8762,-13.73404,3,70,0,0,0,(0.0_ 0.0_ 1.0)
215.8866,-13.68931,3,70,0,0,0,(0.0_ 0.0_ 1.0)
215.8988,-13.63901,3,70,0,0,0,(0.0_ 0.0_ 1.0)
215.9092,-13.59515,3,70,0,0,0,(0.0_ 0.0_ 1.0)
215.9207,-13.54677,3,70,0,0,0,(0.0_ 0.0_ 1.0)
215.9314,-13.50118,3,70,0,0,0,(0.0_ 0.0_ 1.0)
215.9426,-13.45301,3,70,0,0,0,(0.0_ 0.0_ 1.0)
215.9535,-13.4048,3,70,0,0,0,(0.0_ 0.0_ 1.0)
215.9646,-13.35547,3,70,0,0,0,(0.0_ 0.0_ 1.0)
215.9761,-13.3049,3,70,0,0,0,(0.0_ 0.0_ 1.0)
215.9867,-13.25779,3,70,0,0,0,(0.0_ 0.0_ 1.0)
215.9982,-13.20554,3,70,0,0,0,(0.0_ 0.0_ 1.0)
216.0125,-13.14079,3,70,0,0,0,(0.0_ 0.0_ 1.0)
216.0203,-13.10582,3,70,0,0,0,(0.0_ 0.0_ 1.0)
216.0314,-13.05617,3,70,0,0,0,(0.0_ 0.0_ 1.0)
216.0426,-13.00668,3,70,0,0,0,(0.0_ 0.0_ 1.0)
216.054,-12.95647,3,70,0,0,0,(0.0_ 0.0_ 1.0)
216.0692,-12.88905,3,70,0,0,0,(0.0_ 0.0_ 1.0)
216.0761,-12.85797,3,70,0,0,0,(0.0_ 0.0_ 1.0)
216.0878,-12.80642,3,70,0,0,0,(0.0_ 0.0_ 1.0)
216.0995,-12.75437,3,70,0,0,0,(0.0_ 0.0_ 1.0)
216.11,-12.70782,3,70,0,0,0,(0.0_ 0.0_ 1.0)
216.1212,-12.65848,3,70,0,0,0,(0.0_ 0.0_ 1.0)
216.1327,-12.60864,3,70,0,0,0,(0.0_ 0.0_ 1.0)
216.1428,-12.564,3,70,0,0,0,(0.0_ 0.0_ 1.0)
216.1543,-12.51214,3,70,0,0,0,(0.0_ 0.0_ 1.0)
216.1649,-12.46539,3,70,0,0,0,(0.0_ 0.0_ 1.0)
216.1764,-12.41419,3,70,0,0,0,(0.0_ 0.0_ 1.0)
216.187,-12.36748,3,70,0,0,0,(0.0_ 0.0_ 1.0)
216.1983,-12.31874,3,70,0,0,0,(0.0_ 0.0_ 1.0)
216.2126,-12.25602,3,70,0,0,0,(0.0_ 0.0_ 1.0)
216.2206,-12.21993,3,70,0,0,0,(0.0_ 0.0_ 1.0)
216.2314,-12.17111,3,70,0,0,0,(0.0_ 0.0_ 1.0)
216.2428,-12.11964,3,70,0,0,0,(0.0_ 0.0_ 1.0)
216.2535,-12.07073,3,70,0,0,0,(0.0_ 0.0_ 1.0)
216.2646,-12.01926,3,70,0,0,0,(0.0_ 0.0_ 1.0)
216.276,-11.96613,3,70,0,0,0,(0.0_ 0.0_ 1.0)
216.2869,-11.91494,3,70,0,0,0,(0.0_ 0.0_ 1.0)
216.2978,-11.86337,3,70,0,0,0,(0.0_ 0.0_ 1.0)
216.3092,-11.80898,3,70,0,0,0,(0.0_ 0.0_ 1.0)
216.3204,-11.75587,3,70,0,0,0,(0.0_ 0.0_ 1.0)
216.3318,-11.70068,3,70,0,0,0,(0.0_ 0.0_ 1.0)
216.3423,-11.64869,3,70,0,0,0,(0.0_ 0.0_ 1.0)
216.3537,-11.59333,3,70,0,0,0,(0.0_ 0.0_ 1.0)
216.3643,-11.54091,3,70,0,0,0,(0.0_ 0.0_ 1.0)
216.376,-11.48339,3,70,0,0,0,(0.0_ 0.0_ 1.0)
216.3867,-11.43061,3,70,0,0,0,(0.0_ 0.0_ 1.0)
216.3984,-11.37413,3,70,0,0,0,(0.0_ 0.0_ 1.0)
216.4123,-11.30696,3,70,0,0,0,(0.0_ 0.0_ 1.0)
216.4203,-11.26804,3,70,0,0,0,(0.0_ 0.0_ 1.0)
216.4313,-11.21561,3,70,0,0,0,(0.0_ 0.0_ 1.0)
216.4426,-11.16098,3,70,0,0,0,(0.0_ 0.0_ 1.0)
216.4539,-11.10714,3,70,0,0,0,(0.0_ 0.0_ 1.0)
216.4646,-11.05659,3,70,0,0,0,(0.0_ 0.0_ 1.0)
216.4761,-11.00249,3,70,0,0,0,(0.0_ 0.0_ 1.0)
216.4868,-10.95264,3,70,0,0,0,(0.0_ 0.0_ 1.0)
216.498,-10.90024,3,70,0,0,0,(0.0_ 0.0_ 1.0)
216.5092,-10.84916,3,70,0,0,0,(0.0_ 0.0_ 1.0)
216.5204,-10.79706,3,70,0,0,0,(0.0_ 0.0_ 1.0)
216.5314,-10.74695,3,70,0,0,0,(0.0_ 0.0_ 1.0)
216.5424,-10.69777,3,70,0,0,0,(0.0_ 0.0_ 1.0)
216.5535,-10.64826,3,70,0,0,0,(0.0_ 0.0_ 1.0)
216.5645,-10.59973,3,70,0,0,0,(0.0_ 0.0_ 1.0)
216.5762,-10.54885,3,70,0,0,0,(0.0_ 0.0_ 1.0)
216.5865,-10.50423,3,70,0,0,0,(0.0_ 0.0_ 1.0)
216.5983,-10.45173,3,70,0,0,0,(0.0_ 0.0_ 1.0)
216.6093,-10.40372,3,70,0,0,0,(0.0_ 0.0_ 1.0)
216.6235,-10.34272,3,70,0,0,0,(0.0_ 0.0_ 1.0)
216.6314,-10.30847,3,70,0,0,0,(0.0_ 0.0_ 1.0)
216.6427,-10.25939,3,70,0,0,0,(0.0_ 0.0_ 1.0)
216.6538,-10.21142,3,70,0,0,0,(0.0_ 0.0_ 1.0)
216.6645,-10.16451,3,70,0,0,0,(0.0_ 0.0_ 1.0)
216.6761,-10.113,3,70,0,0,0,(0.0_ 0.0_ 1.0)
216.6868,-10.06443,3,70,0,0,0,(0.0_ 0.0_ 1.0)
216.698,-10.01372,3,70,0,0,0,(0.0_ 0.0_ 1.0)
216.7094,-9.960789,3,70,0,0,0,(0.0_ 0.0_ 1.0)
216.7202,-9.911138,3,70,0,0,0,(0.0_ 0.0_ 1.0)
216.7314,-9.860198,3,70,0,0,0,(0.0_ 0.0_ 1.0)
216.7428,-9.807517,3,70,0,0,0,(0.0_ 0.0_ 1.0)
216.7539,-9.75653,3,70,0,0,0,(0.0_ 0.0_ 1.0)
216.7646,-9.70715,3,70,0,0,0,(0.0_ 0.0_ 1.0)
216.776,-9.656175,3,70,0,0,0,(0.0_ 0.0_ 1.0)
216.7869,-9.607211,3,70,0,0,0,(0.0_ 0.0_ 1.0)
216.7979,-9.559133,3,70,0,0,0,(0.0_ 0.0_ 1.0)
216.8089,-9.512625,3,70,0,0,0,(0.0_ 0.0_ 1.0)
216.8204,-9.462218,3,70,0,0,0,(0.0_ 0.0_ 1.0)
216.8341,-9.403646,3,70,0,0,0,(0.0_ 0.0_ 1.0)
216.8421,-9.369646,3,70,0,0,0,(0.0_ 0.0_ 1.0)
216.8535,-9.321433,3,70,0,0,0,(0.0_ 0.0_ 1.0)
216.8645,-9.275206,3,70,0,0,0,(0.0_ 0.0_ 1.0)
216.8759,-9.228632,3,70,0,0,0,(0.0_ 0.0_ 1.0)
216.8867,-9.186034,3,70,0,0,0,(0.0_ 0.0_ 1.0)
216.8981,-9.140012,3,70,0,0,0,(0.0_ 0.0_ 1.0)
216.9094,-9.095475,3,70,0,0,0,(0.0_ 0.0_ 1.0)
216.9205,-9.053225,3,70,0,0,0,(0.0_ 0.0_ 1.0)
216.9314,-9.011422,3,70,0,0,0,(0.0_ 0.0_ 1.0)
216.9427,-8.968815,3,70,0,0,0,(0.0_ 0.0_ 1.0)
216.9538,-8.927125,3,70,0,0,0,(0.0_ 0.0_ 1.0)
216.9646,-8.886767,3,70,0,0,0,(0.0_ 0.0_ 1.0)
216.976,-8.842502,3,70,0,0,0,(0.0_ 0.0_ 1.0)
216.9868,-8.801806,3,70,0,0,0,(0.0_ 0.0_ 1.0)
216.9985,-8.759342,3,70,0,0,0,(0.0_ 0.0_ 1.0)
217.0096,-8.717805,3,70,0,0,0,(0.0_ 0.0_ 1.0)
217.0203,-8.677752,3,70,0,0,0,(0.0_ 0.0_ 1.0)
217.0316,-8.635221,3,70,0,0,0,(0.0_ 0.0_ 1.0)
217.0453,-8.582428,3,70,0,0,0,(0.0_ 0.0_ 1.0)
217.0534,-8.551498,3,70,0,0,0,(0.0_ 0.0_ 1.0)
217.0649,-8.507034,3,70,0,0,0,(0.0_ 0.0_ 1.0)
217.0761,-8.464012,3,70,0,0,0,(0.0_ 0.0_ 1.0)
217.0868,-8.421569,3,70,0,0,0,(0.0_ 0.0_ 1.0)
217.0981,-8.377006,3,70,0,0,0,(0.0_ 0.0_ 1.0)
217.1095,-8.33131,3,70,0,0,0,(0.0_ 0.0_ 1.0)
217.12,-8.287731,3,70,0,0,0,(0.0_ 0.0_ 1.0)
217.1313,-8.241118,3,70,0,0,0,(0.0_ 0.0_ 1.0)
217.1424,-8.197174,3,70,0,0,0,(0.0_ 0.0_ 1.0)
217.1538,-8.153687,3,70,0,0,0,(0.0_ 0.0_ 1.0)
217.1647,-8.112271,3,70,0,0,0,(0.0_ 0.0_ 1.0)
217.176,-8.070357,3,70,0,0,0,(0.0_ 0.0_ 1.0)
217.1868,-8.029195,3,70,0,0,0,(0.0_ 0.0_ 1.0)
217.1983,-7.983053,3,70,0,0,0,(0.0_ 0.0_ 1.0)
217.2093,-7.939971,3,70,0,0,0,(0.0_ 0.0_ 1.0)
217.2206,-7.896251,3,70,0,0,0,(0.0_ 0.0_ 1.0)
217.2318,-7.852732,3,70,0,0,0,(0.0_ 0.0_ 1.0)
217.2452,-7.800817,3,70,0,0,0,(0.0_ 0.0_ 1.0)
217.2536,-7.769645,3,70,0,0,0,(0.0_ 0.0_ 1.0)
217.2646,-7.730855,3,70,0,0,0,(0.0_ 0.0_ 1.0)
217.2766,-7.68758,3,70,0,0,0,(0.0_ 0.0_ 1.0)
217.287,-7.651373,3,70,0,0,0,(0.0_ 0.0_ 1.0)
217.2986,-7.610597,3,70,0,0,0,(0.0_ 0.0_ 1.0)
217.309,-7.573768,3,70,0,0,0,(0.0_ 0.0_ 1.0)
217.3205,-7.533811,3,70,0,0,0,(0.0_ 0.0_ 1.0)
217.3316,-7.495885,3,70,0,0,0,(0.0_ 0.0_ 1.0)
217.3428,-7.457459,3,70,0,0,0,(0.0_ 0.0_ 1.0)
217.3535,-7.419194,3,70,0,0,0,(0.0_ 0.0_ 1.0)
217.3647,-7.379695,3,70,0,0,0,(0.0_ 0.0_ 1.0)
217.377,-7.334319,3,70,0,0,0,(0.0_ 0.0_ 1.0)
217.3868,-7.297665,3,70,0,0,0,(0.0_ 0.0_ 1.0)
217.3986,-7.253139,3,70,0,0,0,(0.0_ 0.0_ 1.0)
217.4094,-7.21199,3,70,0,0,0,(0.0_ 0.0_ 1.0)
217.4204,-7.169992,3,70,0,0,0,(0.0_ 0.0_ 1.0)
217.4316,-7.12671,3,70,0,0,0,(0.0_ 0.0_ 1.0)
217.4428,-7.083336,3,70,0,0,0,(0.0_ 0.0_ 1.0)
217.4572,-7.024548,3,70,0,0,0,(0.0_ 0.0_ 1.0)
217.4651,-6.991057,3,70,0,0,0,(0.0_ 0.0_ 1.0)
217.4765,-6.94376,3,70,0,0,0,(0.0_ 0.0_ 1.0)
217.4872,-6.898104,3,70,0,0,0,(0.0_ 0.0_ 1.0)
217.4985,-6.84831,3,70,0,0,0,(0.0_ 0.0_ 1.0)
217.5092,-6.801165,3,70,0,0,0,(0.0_ 0.0_ 1.0)
217.5208,-6.750342,3,70,0,0,0,(0.0_ 0.0_ 1.0)
217.5322,-6.700086,3,70,0,0,0,(0.0_ 0.0_ 1.0)
217.5427,-6.653384,3,70,0,0,0,(0.0_ 0.0_ 1.0)
217.554,-6.604795,3,70,0,0,0,(0.0_ 0.0_ 1.0)
217.5648,-6.555718,3,70,0,0,0,(0.0_ 0.0_ 1.0)
217.5763,-6.501244,3,70,0,0,0,(0.0_ 0.0_ 1.0)
217.5871,-6.450291,3,70,0,0,0,(0.0_ 0.0_ 1.0)
217.5988,-6.395913,3,70,0,0,0,(0.0_ 0.0_ 1.0)
217.6092,-6.347159,3,70,0,0,0,(0.0_ 0.0_ 1.0)
217.6259,-6.269573,3,70,0,0,0,(0.0_ 0.0_ 1.0)
217.6316,-6.242856,3,70,0,0,0,(0.0_ 0.0_ 1.0)
217.644,-6.184099,3,70,0,0,0,(0.0_ 0.0_ 1.0)
217.6576,-6.118662,3,70,0,0,0,(0.0_ 0.0_ 1.0)
217.6653,-6.082239,3,70,0,0,0,(0.0_ 0.0_ 1.0)
217.6769,-6.027478,3,70,0,0,0,(0.0_ 0.0_ 1.0)
217.6874,-5.978501,3,70,0,0,0,(0.0_ 0.0_ 1.0)
217.6985,-5.927509,3,70,0,0,0,(0.0_ 0.0_ 1.0)
217.7097,-5.876722,3,70,0,0,0,(0.0_ 0.0_ 1.0)
217.721,-5.823035,3,70,0,0,0,(0.0_ 0.0_ 1.0)
217.7317,-5.769785,3,70,0,0,0,(0.0_ 0.0_ 1.0)
217.7428,-5.715396,3,70,0,0,0,(0.0_ 0.0_ 1.0)
217.7539,-5.660014,3,70,0,0,0,(0.0_ 0.0_ 1.0)
217.7648,-5.605164,3,70,0,0,0,(0.0_ 0.0_ 1.0)
217.7763,-5.546828,3,70,0,0,0,(0.0_ 0.0_ 1.0)
217.7871,-5.491402,3,70,0,0,0,(0.0_ 0.0_ 1.0)
217.7983,-5.433786,3,70,0,0,0,(0.0_ 0.0_ 1.0)
217.8091,-5.377977,3,70,0,0,0,(0.0_ 0.0_ 1.0)
217.8205,-5.319233,3,70,0,0,0,(0.0_ 0.0_ 1.0)
217.8315,-5.262236,3,70,0,0,0,(0.0_ 0.0_ 1.0)
217.8437,-5.198936,3,70,0,0,0,(0.0_ 0.0_ 1.0)
217.8539,-5.146444,3,70,0,0,0,(0.0_ 0.0_ 1.0)
217.8677,-5.073066,3,70,0,0,0,(0.0_ 0.0_ 1.0)
217.8767,-5.025322,3,70,0,0,0,(0.0_ 0.0_ 1.0)
217.8867,-4.971837,3,70,0,0,0,(0.0_ 0.0_ 1.0)
217.8981,-4.911336,3,70,0,0,0,(0.0_ 0.0_ 1.0)
217.9093,-4.851169,3,70,0,0,0,(0.0_ 0.0_ 1.0)
217.9209,-4.78862,3,70,0,0,0,(0.0_ 0.0_ 1.0)
217.931,-4.735001,3,70,0,0,0,(0.0_ 0.0_ 1.0)
217.9426,-4.673715,3,70,0,0,0,(0.0_ 0.0_ 1.0)
217.9539,-4.614219,3,70,0,0,0,(0.0_ 0.0_ 1.0)
217.9645,-4.558929,3,70,0,0,0,(0.0_ 0.0_ 1.0)
217.9762,-4.498847,3,70,0,0,0,(0.0_ 0.0_ 1.0)
217.9869,-4.443504,3,70,0,0,0,(0.0_ 0.0_ 1.0)
217.9983,-4.384218,3,70,0,0,0,(0.0_ 0.0_ 1.0)
218.0092,-4.327947,3,70,0,0,0,(0.0_ 0.0_ 1.0)
218.0207,-4.268155,3,70,0,0,0,(0.0_ 0.0_ 1.0)
218.0316,-4.21335,3,70,0,0,0,(0.0_ 0.0_ 1.0)
218.0426,-4.159879,3,70,0,0,0,(0.0_ 0.0_ 1.0)
218.0535,-4.107036,3,70,0,0,0,(0.0_ 0.0_ 1.0)
218.0644,-4.05536,3,70,0,0,0,(0.0_ 0.0_ 1.0)
218.0789,-3.987463,3,70,0,0,0,(0.0_ 0.0_ 1.0)
218.0869,-3.950325,3,70,0,0,0,(0.0_ 0.0_ 1.0)
218.0988,-3.89451,3,70,0,0,0,(0.0_ 0.0_ 1.0)
218.1091,-3.846777,3,70,0,0,0,(0.0_ 0.0_ 1.0)
218.1207,-3.793738,3,70,0,0,0,(0.0_ 0.0_ 1.0)
218.1312,-3.745287,3,70,0,0,0,(0.0_ 0.0_ 1.0)
218.1423,-3.692732,3,70,0,0,0,(0.0_ 0.0_ 1.0)
218.154,-3.637055,3,70,0,0,0,(0.0_ 0.0_ 1.0)
218.1646,-3.586671,3,70,0,0,0,(0.0_ 0.0_ 1.0)
218.1762,-3.530616,3,70,0,0,0,(0.0_ 0.0_ 1.0)
218.1868,-3.480056,3,70,0,0,0,(0.0_ 0.0_ 1.0)
218.1983,-3.425528,3,70,0,0,0,(0.0_ 0.0_ 1.0)
218.2094,-3.37308,3,70,0,0,0,(0.0_ 0.0_ 1.0)
218.2204,-3.320529,3,70,0,0,0,(0.0_ 0.0_ 1.0)
218.2315,-3.268145,3,70,0,0,0,(0.0_ 0.0_ 1.0)
218.243,-3.212289,3,70,0,0,0,(0.0_ 0.0_ 1.0)
218.2544,-3.156252,3,70,0,0,0,(0.0_ 0.0_ 1.0)
218.2648,-3.105694,3,70,0,0,0,(0.0_ 0.0_ 1.0)
218.2792,-3.036413,3,70,0,0,0,(0.0_ 0.0_ 1.0)
218.2868,-2.999769,3,70,0,0,0,(0.0_ 0.0_ 1.0)
218.2985,-2.943211,3,70,0,0,0,(0.0_ 0.0_ 1.0)
218.3094,-2.890543,3,70,0,0,0,(0.0_ 0.0_ 1.0)
218.3206,-2.836219,3,70,0,0,0,(0.0_ 0.0_ 1.0)
218.3316,-2.782863,3,70,0,0,0,(0.0_ 0.0_ 1.0)
218.3425,-2.730241,3,70,0,0,0,(0.0_ 0.0_ 1.0)
218.3538,-2.676993,3,70,0,0,0,(0.0_ 0.0_ 1.0)
218.3645,-2.625923,3,70,0,0,0,(0.0_ 0.0_ 1.0)
218.3765,-2.569283,3,70,0,0,0,(0.0_ 0.0_ 1.0)
218.387,-2.520196,3,70,0,0,0,(0.0_ 0.0_ 1.0)
218.3985,-2.466173,3,70,0,0,0,(0.0_ 0.0_ 1.0)
218.4092,-2.416093,3,70,0,0,0,(0.0_ 0.0_ 1.0)
218.4206,-2.362716,3,70,0,0,0,(0.0_ 0.0_ 1.0)
218.4316,-2.312009,3,70,0,0,0,(0.0_ 0.0_ 1.0)
218.4425,-2.261914,3,70,0,0,0,(0.0_ 0.0_ 1.0)
218.4544,-2.208403,3,70,0,0,0,(0.0_ 0.0_ 1.0)
218.465,-2.161179,3,70,0,0,0,(0.0_ 0.0_ 1.0)
218.4792,-2.097971,3,70,0,0,0,(0.0_ 0.0_ 1.0)
218.4868,-2.06392,3,70,0,0,0,(0.0_ 0.0_ 1.0)
218.4986,-2.012554,3,70,0,0,0,(0.0_ 0.0_ 1.0)
218.5094,-1.96486,3,70,0,0,0,(0.0_ 0.0_ 1.0)
218.5205,-1.914391,3,70,0,0,0,(0.0_ 0.0_ 1.0)
218.5318,-1.863661,3,70,0,0,0,(0.0_ 0.0_ 1.0)
218.5424,-1.816486,3,70,0,0,0,(0.0_ 0.0_ 1.0)
218.5538,-1.764868,3,70,0,0,0,(0.0_ 0.0_ 1.0)
218.5646,-1.716233,3,70,0,0,0,(0.0_ 0.0_ 1.0)
218.5762,-1.665148,3,70,0,0,0,(0.0_ 0.0_ 1.0)
218.5871,-1.617028,3,70,0,0,0,(0.0_ 0.0_ 1.0)
218.5983,-1.566742,3,70,0,0,0,(0.0_ 0.0_ 1.0)
218.6095,-1.517038,3,70,0,0,0,(0.0_ 0.0_ 1.0)
218.6212,-1.464267,3,70,0,0,0,(0.0_ 0.0_ 1.0)
218.6315,-1.417499,3,70,0,0,0,(0.0_ 0.0_ 1.0)
218.6426,-1.367999,3,70,0,0,0,(0.0_ 0.0_ 1.0)
218.6539,-1.318056,3,70,0,0,0,(0.0_ 0.0_ 1.0)
218.6651,-1.267541,3,70,0,0,0,(0.0_ 0.0_ 1.0)
218.6796,-1.202822,3,70,0,0,0,(0.0_ 0.0_ 1.0)
218.6871,-1.168654,3,70,0,0,0,(0.0_ 0.0_ 1.0)
218.6984,-1.117239,3,70,0,0,0,(0.0_ 0.0_ 1.0)
218.7095,-1.066497,3,70,0,0,0,(0.0_ 0.0_ 1.0)
218.7207,-1.016536,3,70,0,0,0,(0.0_ 0.0_ 1.0)
218.7318,-0.967559,3,70,0,0,0,(0.0_ 0.0_ 1.0)
218.7427,-0.919155,3,70,0,0,0,(0.0_ 0.0_ 1.0)
218.754,-0.869811,3,70,0,0,0,(0.0_ 0.0_ 1.0)
218.7647,-0.823506,3,70,0,0,0,(0.0_ 0.0_ 1.0)
218.7767,-0.771524,3,70,0,0,0,(0.0_ 0.0_ 1.0)
218.7872,-0.725942,3,70,0,0,0,(0.0_ 0.0_ 1.0)
218.7986,-0.677838,3,70,0,0,0,(0.0_ 0.0_ 1.0)
218.8094,-0.632285,3,70,0,0,0,(0.0_ 0.0_ 1.0)
218.8207,-0.585614,3,70,0,0,0,(0.0_ 0.0_ 1.0)
218.8316,-0.54109,3,70,0,0,0,(0.0_ 0.0_ 1.0)
218.8431,-0.495632,3,70,0,0,0,(0.0_ 0.0_ 1.0)
218.854,-0.451779,3,70,0,0,0,(0.0_ 0.0_ 1.0)
218.8647,-0.409625,3,70,0,0,0,(0.0_ 0.0_ 1.0)
218.8765,-0.363197,3,70,0,0,0,(0.0_ 0.0_ 1.0)
218.8901,-0.309574,3,70,0,0,0,(0.0_ 0.0_ 1.0)
218.8986,-0.275509,3,70,0,0,0,(0.0_ 0.0_ 1.0)
218.9093,-0.233006,3,70,0,0,0,(0.0_ 0.0_ 1.0)
218.9208,-0.187945,3,70,0,0,0,(0.0_ 0.0_ 1.0)
218.9321,-0.142791,3,70,0,0,0,(0.0_ 0.0_ 1.0)
218.9428,-0.101131,3,70,0,0,0,(0.0_ 0.0_ 1.0)
218.9539,-0.05708,3,70,0,0,0,(0.0_ 0.0_ 1.0)
218.9648,-0.013439,3,70,0,0,0,(0.0_ 0.0_ 1.0)
218.9763,0.03306,3,70,0,0,0,(0.0_ 0.0_ 1.0)
218.9873,0.078094,3,70,0,0,0,(0.0_ 0.0_ 1.0)
218.9985,0.123729,3,70,0,0,0,(0.0_ 0.0_ 1.0)
219.0096,0.170175,3,70,0,0,0,(0.0_ 0.0_ 1.0)
219.0207,0.216181,3,70,0,0,0,(0.0_ 0.0_ 1.0)
219.0321,0.264093,3,70,0,0,0,(0.0_ 0.0_ 1.0)
219.0433,0.312386,3,70,0,0,0,(0.0_ 0.0_ 1.0)
219.0541,0.359175,3,70,0,0,0,(0.0_ 0.0_ 1.0)
219.065,0.406718,3,70,0,0,0,(0.0_ 0.0_ 1.0)
219.0769,0.459422,3,70,0,0,0,(0.0_ 0.0_ 1.0)
219.091,0.522288,3,70,0,0,0,(0.0_ 0.0_ 1.0)
219.099,0.55768,3,70,0,0,0,(0.0_ 0.0_ 1.0)
219.1098,0.606585,3,70,0,0,0,(0.0_ 0.0_ 1.0)
219.1208,0.657009,3,70,0,0,0,(0.0_ 0.0_ 1.0)
219.1317,0.70628,3,70,0,0,0,(0.0_ 0.0_ 1.0)
219.1429,0.757003,3,70,0,0,0,(0.0_ 0.0_ 1.0)
219.1538,0.806284,3,70,0,0,0,(0.0_ 0.0_ 1.0)
219.1647,0.855372,3,70,0,0,0,(0.0_ 0.0_ 1.0)
219.177,0.909134,3,70,0,0,0,(0.0_ 0.0_ 1.0)
219.1873,0.954213,3,70,0,0,0,(0.0_ 0.0_ 1.0)
219.1989,1.005198,3,70,0,0,0,(0.0_ 0.0_ 1.0)
219.2095,1.05052,3,70,0,0,0,(0.0_ 0.0_ 1.0)
219.2209,1.099718,3,70,0,0,0,(0.0_ 0.0_ 1.0)
219.2318,1.146922,3,70,0,0,0,(0.0_ 0.0_ 1.0)
219.2428,1.194009,3,70,0,0,0,(0.0_ 0.0_ 1.0)
219.2591,1.263416,3,70,0,0,0,(0.0_ 0.0_ 1.0)
219.2649,1.288276,3,70,0,0,0,(0.0_ 0.0_ 1.0)
219.2767,1.340324,3,70,0,0,0,(0.0_ 0.0_ 1.0)
219.2874,1.386137,3,70,0,0,0,(0.0_ 0.0_ 1.0)
219.3017,1.449567,3,70,0,0,0,(0.0_ 0.0_ 1.0)
219.31,1.486945,3,70,0,0,0,(0.0_ 0.0_ 1.0)
219.3204,1.532814,3,70,0,0,0,(0.0_ 0.0_ 1.0)
219.3318,1.583519,3,70,0,0,0,(0.0_ 0.0_ 1.0)
219.3434,1.635232,3,70,0,0,0,(0.0_ 0.0_ 1.0)
219.3543,1.683671,3,70,0,0,0,(0.0_ 0.0_ 1.0)
219.3649,1.731298,3,70,0,0,0,(0.0_ 0.0_ 1.0)
219.3767,1.785613,3,70,0,0,0,(0.0_ 0.0_ 1.0)
219.3873,1.835641,3,70,0,0,0,(0.0_ 0.0_ 1.0)
219.3988,1.889323,3,70,0,0,0,(0.0_ 0.0_ 1.0)
219.4097,1.941206,3,70,0,0,0,(0.0_ 0.0_ 1.0)
219.4211,1.997047,3,70,0,0,0,(0.0_ 0.0_ 1.0)
219.4319,2.049565,3,70,0,0,0,(0.0_ 0.0_ 1.0)
219.4428,2.103708,3,70,0,0,0,(0.0_ 0.0_ 1.0)
219.4537,2.15756,3,70,0,0,0,(0.0_ 0.0_ 1.0)
219.4649,2.213095,3,70,0,0,0,(0.0_ 0.0_ 1.0)
219.4765,2.269038,3,70,0,0,0,(0.0_ 0.0_ 1.0)
219.4876,2.324229,3,70,0,0,0,(0.0_ 0.0_ 1.0)
219.5018,2.396873,3,70,0,0,0,(0.0_ 0.0_ 1.0)
219.5098,2.437725,3,70,0,0,0,(0.0_ 0.0_ 1.0)
219.5205,2.492213,3,70,0,0,0,(0.0_ 0.0_ 1.0)
219.5319,2.549665,3,70,0,0,0,(0.0_ 0.0_ 1.0)
219.5429,2.604637,3,70,0,0,0,(0.0_ 0.0_ 1.0)
219.5542,2.659954,3,70,0,0,0,(0.0_ 0.0_ 1.0)
219.565,2.712305,3,70,0,0,0,(0.0_ 0.0_ 1.0)
219.5768,2.769727,3,70,0,0,0,(0.0_ 0.0_ 1.0)
219.5877,2.821776,3,70,0,0,0,(0.0_ 0.0_ 1.0)
219.5986,2.873975,3,70,0,0,0,(0.0_ 0.0_ 1.0)
219.6095,2.924816,3,70,0,0,0,(0.0_ 0.0_ 1.0)
219.6208,2.977175,3,70,0,0,0,(0.0_ 0.0_ 1.0)
219.6317,3.026797,3,70,0,0,0,(0.0_ 0.0_ 1.0)
219.6428,3.079691,3,70,0,0,0,(0.0_ 0.0_ 1.0)
219.6538,3.133674,3,70,0,0,0,(0.0_ 0.0_ 1.0)
219.6649,3.188026,3,70,0,0,0,(0.0_ 0.0_ 1.0)
219.6764,3.24524,3,70,0,0,0,(0.0_ 0.0_ 1.0)
219.6871,3.297442,3,70,0,0,0,(0.0_ 0.0_ 1.0)
219.6985,3.350825,3,70,0,0,0,(0.0_ 0.0_ 1.0)
219.7126,3.418059,3,70,0,0,0,(0.0_ 0.0_ 1.0)
219.7207,3.456487,3,70,0,0,0,(0.0_ 0.0_ 1.0)
219.7318,3.509819,3,70,0,0,0,(0.0_ 0.0_ 1.0)
219.7428,3.56292,3,70,0,0,0,(0.0_ 0.0_ 1.0)
219.7543,3.619789,3,70,0,0,0,(0.0_ 0.0_ 1.0)
219.7651,3.675348,3,70,0,0,0,(0.0_ 0.0_ 1.0)
219.7769,3.735238,3,70,0,0,0,(0.0_ 0.0_ 1.0)
219.7872,3.788799,3,70,0,0,0,(0.0_ 0.0_ 1.0)
219.7986,3.847892,3,70,0,0,0,(0.0_ 0.0_ 1.0)
219.8096,3.905159,3,70,0,0,0,(0.0_ 0.0_ 1.0)
219.8211,3.965155,3,70,0,0,0,(0.0_ 0.0_ 1.0)
219.8321,4.023166,3,70,0,0,0,(0.0_ 0.0_ 1.0)
219.8429,4.080394,3,70,0,0,0,(0.0_ 0.0_ 1.0)
219.8542,4.138874,3,70,0,0,0,(0.0_ 0.0_ 1.0)
219.8651,4.197268,3,70,0,0,0,(0.0_ 0.0_ 1.0)
219.8762,4.255643,3,70,0,0,0,(0.0_ 0.0_ 1.0)
219.8871,4.31233,3,70,0,0,0,(0.0_ 0.0_ 1.0)
219.8986,4.371877,3,70,0,0,0,(0.0_ 0.0_ 1.0)
219.912,4.441154,3,70,0,0,0,(0.0_ 0.0_ 1.0)
219.9209,4.487189,3,70,0,0,0,(0.0_ 0.0_ 1.0)
219.9321,4.5444,3,70,0,0,0,(0.0_ 0.0_ 1.0)
219.9429,4.59993,3,70,0,0,0,(0.0_ 0.0_ 1.0)
219.9542,4.656491,3,70,0,0,0,(0.0_ 0.0_ 1.0)
219.9649,4.708409,3,70,0,0,0,(0.0_ 0.0_ 1.0)
219.9769,4.766551,3,70,0,0,0,(0.0_ 0.0_ 1.0)
219.9872,4.816023,3,70,0,0,0,(0.0_ 0.0_ 1.0)
219.9988,4.870162,3,70,0,0,0,(0.0_ 0.0_ 1.0)
220.0096,4.920558,3,70,0,0,0,(0.0_ 0.0_ 1.0)
220.0211,4.97641,3,70,0,0,0,(0.0_ 0.0_ 1.0)
220.032,5.029454,3,70,0,0,0,(0.0_ 0.0_ 1.0)
220.0431,5.082529,3,70,0,0,0,(0.0_ 0.0_ 1.0)
220.0542,5.137178,3,70,0,0,0,(0.0_ 0.0_ 1.0)
220.065,5.188133,3,70,0,0,0,(0.0_ 0.0_ 1.0)
220.0769,5.242239,3,70,0,0,0,(0.0_ 0.0_ 1.0)
220.0876,5.291203,3,70,0,0,0,(0.0_ 0.0_ 1.0)
220.0986,5.342085,3,70,0,0,0,(0.0_ 0.0_ 1.0)
220.1132,5.40915,3,70,0,0,0,(0.0_ 0.0_ 1.0)
220.1209,5.444264,3,70,0,0,0,(0.0_ 0.0_ 1.0)
220.132,5.494971,3,70,0,0,0,(0.0_ 0.0_ 1.0)
220.1432,5.546162,3,70,0,0,0,(0.0_ 0.0_ 1.0)
220.1543,5.595955,3,70,0,0,0,(0.0_ 0.0_ 1.0)
220.165,5.645142,3,70,0,0,0,(0.0_ 0.0_ 1.0)
220.1772,5.701654,3,70,0,0,0,(0.0_ 0.0_ 1.0)
220.1875,5.749952,3,70,0,0,0,(0.0_ 0.0_ 1.0)
220.1989,5.803914,3,70,0,0,0,(0.0_ 0.0_ 1.0)
220.2096,5.854649,3,70,0,0,0,(0.0_ 0.0_ 1.0)
220.2209,5.906886,3,70,0,0,0,(0.0_ 0.0_ 1.0)
220.2321,5.956821,3,70,0,0,0,(0.0_ 0.0_ 1.0)
220.243,6.00547,3,70,0,0,0,(0.0_ 0.0_ 1.0)
220.2543,6.055467,3,70,0,0,0,(0.0_ 0.0_ 1.0)
220.265,6.102362,3,70,0,0,0,(0.0_ 0.0_ 1.0)
220.2771,6.154574,3,70,0,0,0,(0.0_ 0.0_ 1.0)
220.2875,6.199471,3,70,0,0,0,(0.0_ 0.0_ 1.0)
220.2988,6.248152,3,70,0,0,0,(0.0_ 0.0_ 1.0)
220.3123,6.304983,3,70,0,0,0,(0.0_ 0.0_ 1.0)
220.3206,6.34043,3,70,0,0,0,(0.0_ 0.0_ 1.0)
220.3325,6.388934,3,70,0,0,0,(0.0_ 0.0_ 1.0)
220.3431,6.431879,3,70,0,0,0,(0.0_ 0.0_ 1.0)
220.3539,6.475845,3,70,0,0,0,(0.0_ 0.0_ 1.0)
220.3651,6.520397,3,70,0,0,0,(0.0_ 0.0_ 1.0)
220.3767,6.566315,3,70,0,0,0,(0.0_ 0.0_ 1.0)
220.3873,6.60763,3,70,0,0,0,(0.0_ 0.0_ 1.0)
220.3985,6.651454,3,70,0,0,0,(0.0_ 0.0_ 1.0)
220.4094,6.693909,3,70,0,0,0,(0.0_ 0.0_ 1.0)
220.4207,6.737063,3,70,0,0,0,(0.0_ 0.0_ 1.0)
220.4322,6.782097,3,70,0,0,0,(0.0_ 0.0_ 1.0)
220.4429,6.823986,3,70,0,0,0,(0.0_ 0.0_ 1.0)
220.4541,6.868106,3,70,0,0,0,(0.0_ 0.0_ 1.0)
220.4653,6.912032,3,70,0,0,0,(0.0_ 0.0_ 1.0)
220.4767,6.957901,3,70,0,0,0,(0.0_ 0.0_ 1.0)
220.4874,7.000247,3,70,0,0,0,(0.0_ 0.0_ 1.0)
220.4985,7.043876,3,70,0,0,0,(0.0_ 0.0_ 1.0)
220.5097,7.088124,3,70,0,0,0,(0.0_ 0.0_ 1.0)
220.5243,7.145441,3,70,0,0,0,(0.0_ 0.0_ 1.0)
220.5325,7.178345,3,70,0,0,0,(0.0_ 0.0_ 1.0)
220.543,7.221885,3,70,0,0,0,(0.0_ 0.0_ 1.0)
220.554,7.267867,3,70,0,0,0,(0.0_ 0.0_ 1.0)
220.565,7.313917,3,70,0,0,0,(0.0_ 0.0_ 1.0)
220.5769,7.364238,3,70,0,0,0,(0.0_ 0.0_ 1.0)
220.5877,7.410713,3,70,0,0,0,(0.0_ 0.0_ 1.0)
220.5986,7.455204,3,70,0,0,0,(0.0_ 0.0_ 1.0)
220.6097,7.501228,3,70,0,0,0,(0.0_ 0.0_ 1.0)
220.6208,7.547308,3,70,0,0,0,(0.0_ 0.0_ 1.0)
220.6318,7.592803,3,70,0,0,0,(0.0_ 0.0_ 1.0)
220.6429,7.638388,3,70,0,0,0,(0.0_ 0.0_ 1.0)
220.6543,7.68399,3,70,0,0,0,(0.0_ 0.0_ 1.0)
220.6652,7.727883,3,70,0,0,0,(0.0_ 0.0_ 1.0)
220.6769,7.774167,3,70,0,0,0,(0.0_ 0.0_ 1.0)
220.6872,7.815673,3,70,0,0,0,(0.0_ 0.0_ 1.0)
220.6989,7.863892,3,70,0,0,0,(0.0_ 0.0_ 1.0)
220.7097,7.907807,3,70,0,0,0,(0.0_ 0.0_ 1.0)
220.7241,7.966096,3,70,0,0,0,(0.0_ 0.0_ 1.0)
220.732,7.997786,3,70,0,0,0,(0.0_ 0.0_ 1.0)
220.7431,8.041908,3,70,0,0,0,(0.0_ 0.0_ 1.0)
220.7541,8.084709,3,70,0,0,0,(0.0_ 0.0_ 1.0)
220.7651,8.127866,3,70,0,0,0,(0.0_ 0.0_ 1.0)
220.7771,8.175734,3,70,0,0,0,(0.0_ 0.0_ 1.0)
220.7874,8.215958,3,70,0,0,0,(0.0_ 0.0_ 1.0)
220.799,8.262609,3,70,0,0,0,(0.0_ 0.0_ 1.0)
220.8097,8.30647,3,70,0,0,0,(0.0_ 0.0_ 1.0)
220.8208,8.351959,3,70,0,0,0,(0.0_ 0.0_ 1.0)
220.8321,8.397641,3,70,0,0,0,(0.0_ 0.0_ 1.0)
220.8431,8.442221,3,70,0,0,0,(0.0_ 0.0_ 1.0)
220.8545,8.489276,3,70,0,0,0,(0.0_ 0.0_ 1.0)
220.865,8.532139,3,70,0,0,0,(0.0_ 0.0_ 1.0)
220.877,8.581359,3,70,0,0,0,(0.0_ 0.0_ 1.0)
220.8872,8.624078,3,70,0,0,0,(0.0_ 0.0_ 1.0)
220.8988,8.672149,3,70,0,0,0,(0.0_ 0.0_ 1.0)
220.9149,8.743444,3,70,0,0,0,(0.0_ 0.0_ 1.0)
220.9239,8.783514,3,70,0,0,0,(0.0_ 0.0_ 1.0)
220.9329,8.823841,3,70,0,0,0,(0.0_ 0.0_ 1.0)
220.9444,8.875554,3,70,0,0,0,(0.0_ 0.0_ 1.0)
220.955,8.924361,3,70,0,0,0,(0.0_ 0.0_ 1.0)
220.9658,8.974759,3,70,0,0,0,(0.0_ 0.0_ 1.0)
220.9771,9.027165,3,70,0,0,0,(0.0_ 0.0_ 1.0)
220.9875,9.076116,3,70,0,0,0,(0.0_ 0.0_ 1.0)
220.9987,9.129424,3,70,0,0,0,(0.0_ 0.0_ 1.0)
221.01,9.182867,3,70,0,0,0,(0.0_ 0.0_ 1.0)
221.0208,9.23303,3,70,0,0,0,(0.0_ 0.0_ 1.0)
221.032,9.28585,3,70,0,0,0,(0.0_ 0.0_ 1.0)
221.0431,9.338454,3,70,0,0,0,(0.0_ 0.0_ 1.0)
221.0545,9.391767,3,70,0,0,0,(0.0_ 0.0_ 1.0)
221.0651,9.442534,3,70,0,0,0,(0.0_ 0.0_ 1.0)
221.0768,9.499209,3,70,0,0,0,(0.0_ 0.0_ 1.0)
221.0872,9.549271,3,70,0,0,0,(0.0_ 0.0_ 1.0)
221.0992,9.606472,3,70,0,0,0,(0.0_ 0.0_ 1.0)
221.1097,9.656037,3,70,0,0,0,(0.0_ 0.0_ 1.0)
221.1207,9.70781,3,70,0,0,0,(0.0_ 0.0_ 1.0)
221.1354,9.774779,3,70,0,0,0,(0.0_ 0.0_ 1.0)
221.1426,9.807809,3,70,0,0,0,(0.0_ 0.0_ 1.0)
221.154,9.860911,3,70,0,0,0,(0.0_ 0.0_ 1.0)
221.1649,9.910487,3,70,0,0,0,(0.0_ 0.0_ 1.0)
221.177,9.966056,3,70,0,0,0,(0.0_ 0.0_ 1.0)
221.1871,10.01193,3,70,0,0,0,(0.0_ 0.0_ 1.0)
221.1987,10.0638,3,70,0,0,0,(0.0_ 0.0_ 1.0)
221.2093,10.11133,3,70,0,0,0,(0.0_ 0.0_ 1.0)
221.2205,10.16193,3,70,0,0,0,(0.0_ 0.0_ 1.0)
221.2321,10.21595,3,70,0,0,0,(0.0_ 0.0_ 1.0)
221.2429,10.26487,3,70,0,0,0,(0.0_ 0.0_ 1.0)
221.2539,10.31589,3,70,0,0,0,(0.0_ 0.0_ 1.0)
221.2652,10.3684,3,70,0,0,0,(0.0_ 0.0_ 1.0)
221.2765,10.42137,3,70,0,0,0,(0.0_ 0.0_ 1.0)
221.2874,10.47278,3,70,0,0,0,(0.0_ 0.0_ 1.0)
221.2988,10.5275,3,70,0,0,0,(0.0_ 0.0_ 1.0)
221.3093,10.57887,3,70,0,0,0,(0.0_ 0.0_ 1.0)
221.321,10.63577,3,70,0,0,0,(0.0_ 0.0_ 1.0)
221.3352,10.7063,3,70,0,0,0,(0.0_ 0.0_ 1.0)
221.3433,10.74734,3,70,0,0,0,(0.0_ 0.0_ 1.0)
221.3543,10.80237,3,70,0,0,0,(0.0_ 0.0_ 1.0)
221.3651,10.85738,3,70,0,0,0,(0.0_ 0.0_ 1.0)
221.3766,10.91609,3,70,0,0,0,(0.0_ 0.0_ 1.0)
221.3875,10.97207,3,70,0,0,0,(0.0_ 0.0_ 1.0)
221.3987,11.02808,3,70,0,0,0,(0.0_ 0.0_ 1.0)
221.4099,11.08536,3,70,0,0,0,(0.0_ 0.0_ 1.0)
221.4209,11.14219,3,70,0,0,0,(0.0_ 0.0_ 1.0)
221.4317,11.19763,3,70,0,0,0,(0.0_ 0.0_ 1.0)
221.4427,11.2549,3,70,0,0,0,(0.0_ 0.0_ 1.0)
221.4541,11.31425,3,70,0,0,0,(0.0_ 0.0_ 1.0)
221.4655,11.37259,3,70,0,0,0,(0.0_ 0.0_ 1.0)
221.4767,11.42923,3,70,0,0,0,(0.0_ 0.0_ 1.0)
221.4874,11.48331,3,70,0,0,0,(0.0_ 0.0_ 1.0)
221.4986,11.53994,3,70,0,0,0,(0.0_ 0.0_ 1.0)
221.5097,11.5947,3,70,0,0,0,(0.0_ 0.0_ 1.0)
221.5207,11.64975,3,70,0,0,0,(0.0_ 0.0_ 1.0)
221.532,11.70527,3,70,0,0,0,(0.0_ 0.0_ 1.0)
221.5465,11.77443,3,70,0,0,0,(0.0_ 0.0_ 1.0)
221.5542,11.81129,3,70,0,0,0,(0.0_ 0.0_ 1.0)
221.5649,11.8624,3,70,0,0,0,(0.0_ 0.0_ 1.0)
221.5768,11.91827,3,70,0,0,0,(0.0_ 0.0_ 1.0)
221.587,11.96559,3,70,0,0,0,(0.0_ 0.0_ 1.0)
221.5985,12.02006,3,70,0,0,0,(0.0_ 0.0_ 1.0)
221.6096,12.07121,3,70,0,0,0,(0.0_ 0.0_ 1.0)
221.6212,12.12343,3,70,0,0,0,(0.0_ 0.0_ 1.0)
221.6317,12.17119,3,70,0,0,0,(0.0_ 0.0_ 1.0)
221.643,12.2228,3,70,0,0,0,(0.0_ 0.0_ 1.0)
221.6539,12.27267,3,70,0,0,0,(0.0_ 0.0_ 1.0)
221.6649,12.32266,3,70,0,0,0,(0.0_ 0.0_ 1.0)
221.6767,12.37825,3,70,0,0,0,(0.0_ 0.0_ 1.0)
221.6871,12.42661,3,70,0,0,0,(0.0_ 0.0_ 1.0)
221.6988,12.47978,3,70,0,0,0,(0.0_ 0.0_ 1.0)
221.7095,12.52935,3,70,0,0,0,(0.0_ 0.0_ 1.0)
221.7208,12.58144,3,70,0,0,0,(0.0_ 0.0_ 1.0)
221.7318,12.63218,3,70,0,0,0,(0.0_ 0.0_ 1.0)
221.7429,12.68409,3,70,0,0,0,(0.0_ 0.0_ 1.0)
221.7579,12.75456,3,70,0,0,0,(0.0_ 0.0_ 1.0)
221.7647,12.78561,3,70,0,0,0,(0.0_ 0.0_ 1.0)
221.7762,12.83714,3,70,0,0,0,(0.0_ 0.0_ 1.0)
221.7874,12.88912,3,70,0,0,0,(0.0_ 0.0_ 1.0)
221.7986,12.93952,3,70,0,0,0,(0.0_ 0.0_ 1.0)
221.8093,12.98743,3,70,0,0,0,(0.0_ 0.0_ 1.0)
221.8208,13.03968,3,70,0,0,0,(0.0_ 0.0_ 1.0)
221.832,13.09088,3,70,0,0,0,(0.0_ 0.0_ 1.0)
221.8429,13.13991,3,70,0,0,0,(0.0_ 0.0_ 1.0)
221.8538,13.18782,3,70,0,0,0,(0.0_ 0.0_ 1.0)
221.8647,13.2354,3,70,0,0,0,(0.0_ 0.0_ 1.0)
221.8766,13.28578,3,70,0,0,0,(0.0_ 0.0_ 1.0)
221.8873,13.32989,3,70,0,0,0,(0.0_ 0.0_ 1.0)
221.8991,13.3789,3,70,0,0,0,(0.0_ 0.0_ 1.0)
221.9097,13.42186,3,70,0,0,0,(0.0_ 0.0_ 1.0)
221.9206,13.46531,3,70,0,0,0,(0.0_ 0.0_ 1.0)
221.9315,13.50873,3,70,0,0,0,(0.0_ 0.0_ 1.0)
221.9431,13.5542,3,70,0,0,0,(0.0_ 0.0_ 1.0)
221.9569,13.60834,3,70,0,0,0,(0.0_ 0.0_ 1.0)
221.9651,13.64064,3,70,0,0,0,(0.0_ 0.0_ 1.0)
221.9762,13.68513,3,70,0,0,0,(0.0_ 0.0_ 1.0)
221.9871,13.72749,3,70,0,0,0,(0.0_ 0.0_ 1.0)
221.9987,13.77071,3,70,0,0,0,(0.0_ 0.0_ 1.0)
222.0097,13.81233,3,70,0,0,0,(0.0_ 0.0_ 1.0)
222.0206,13.85416,3,70,0,0,0,(0.0_ 0.0_ 1.0)
222.0318,13.89688,3,70,0,0,0,(0.0_ 0.0_ 1.0)
222.043,13.93926,3,70,0,0,0,(0.0_ 0.0_ 1.0)
222.054,13.98316,3,70,0,0,0,(0.0_ 0.0_ 1.0)
222.0648,14.02574,3,70,0,0,0,(0.0_ 0.0_ 1.0)
222.0766,14.07235,3,70,0,0,0,(0.0_ 0.0_ 1.0)
222.0874,14.1163,3,70,0,0,0,(0.0_ 0.0_ 1.0)
222.099,14.16325,3,70,0,0,0,(0.0_ 0.0_ 1.0)
222.1096,14.2066,3,70,0,0,0,(0.0_ 0.0_ 1.0)
222.1205,14.25204,3,70,0,0,0,(0.0_ 0.0_ 1.0)
222.1318,14.2994,3,70,0,0,0,(0.0_ 0.0_ 1.0)
222.1436,14.34702,3,70,0,0,0,(0.0_ 0.0_ 1.0)
222.1571,14.39957,3,70,0,0,0,(0.0_ 0.0_ 1.0)
222.1647,14.42985,3,70,0,0,0,(0.0_ 0.0_ 1.0)
222.1769,14.47735,3,70,0,0,0,(0.0_ 0.0_ 1.0)
222.1871,14.51886,3,70,0,0,0,(0.0_ 0.0_ 1.0)
222.199,14.56816,3,70,0,0,0,(0.0_ 0.0_ 1.0)
222.2095,14.61197,3,70,0,0,0,(0.0_ 0.0_ 1.0)
222.2206,14.65763,3,70,0,0,0,(0.0_ 0.0_ 1.0)
222.2317,14.70344,3,70,0,0,0,(0.0_ 0.0_ 1.0)
222.2429,14.74966,3,70,0,0,0,(0.0_ 0.0_ 1.0)
222.2544,14.7956,3,70,0,0,0,(0.0_ 0.0_ 1.0)
222.2648,14.83721,3,70,0,0,0,(0.0_ 0.0_ 1.0)
222.2764,14.88381,3,70,0,0,0,(0.0_ 0.0_ 1.0)
222.2873,14.92675,3,70,0,0,0,(0.0_ 0.0_ 1.0)
222.2989,14.97239,3,70,0,0,0,(0.0_ 0.0_ 1.0)
222.3096,15.01421,3,70,0,0,0,(0.0_ 0.0_ 1.0)
222.3208,15.05763,3,70,0,0,0,(0.0_ 0.0_ 1.0)
222.3319,15.10017,3,70,0,0,0,(0.0_ 0.0_ 1.0)
222.3429,15.1438,3,70,0,0,0,(0.0_ 0.0_ 1.0)
222.3547,15.19171,3,70,0,0,0,(0.0_ 0.0_ 1.0)
222.3686,15.24538,3,70,0,0,0,(0.0_ 0.0_ 1.0)
222.377,15.27812,3,70,0,0,0,(0.0_ 0.0_ 1.0)
222.3874,15.3187,3,70,0,0,0,(0.0_ 0.0_ 1.0)
222.3983,15.36207,3,70,0,0,0,(0.0_ 0.0_ 1.0)
222.4095,15.4061,3,70,0,0,0,(0.0_ 0.0_ 1.0)
222.4205,15.45003,3,70,0,0,0,(0.0_ 0.0_ 1.0)
222.4367,15.51389,3,70,0,0,0,(0.0_ 0.0_ 1.0)
222.4428,15.53807,3,70,0,0,0,(0.0_ 0.0_ 1.0)
222.4552,15.58885,3,70,0,0,0,(0.0_ 0.0_ 1.0)
222.4666,15.63697,3,70,0,0,0,(0.0_ 0.0_ 1.0)
222.4775,15.68277,3,70,0,0,0,(0.0_ 0.0_ 1.0)
222.4878,15.72709,3,70,0,0,0,(0.0_ 0.0_ 1.0)
222.4991,15.77609,3,70,0,0,0,(0.0_ 0.0_ 1.0)
222.5105,15.82558,3,70,0,0,0,(0.0_ 0.0_ 1.0)
222.521,15.87027,3,70,0,0,0,(0.0_ 0.0_ 1.0)
222.5322,15.91784,3,70,0,0,0,(0.0_ 0.0_ 1.0)
222.5432,15.96484,3,70,0,0,0,(0.0_ 0.0_ 1.0)
222.5541,16.01066,3,70,0,0,0,(0.0_ 0.0_ 1.0)
222.5649,16.05751,3,70,0,0,0,(0.0_ 0.0_ 1.0)
222.5801,16.12681,3,70,0,0,0,(0.0_ 0.0_ 1.0)
222.5875,16.1605,3,70,0,0,0,(0.0_ 0.0_ 1.0)
222.5984,16.20944,3,70,0,0,0,(0.0_ 0.0_ 1.0)
222.6092,16.25861,3,70,0,0,0,(0.0_ 0.0_ 1.0)
222.6207,16.31114,3,70,0,0,0,(0.0_ 0.0_ 1.0)
222.6317,16.35976,3,70,0,0,0,(0.0_ 0.0_ 1.0)
222.6427,16.40813,3,70,0,0,0,(0.0_ 0.0_ 1.0)
222.654,16.45798,3,70,0,0,0,(0.0_ 0.0_ 1.0)
222.665,16.50586,3,70,0,0,0,(0.0_ 0.0_ 1.0)
222.6767,16.55598,3,70,0,0,0,(0.0_ 0.0_ 1.0)
222.6871,16.60068,3,70,0,0,0,(0.0_ 0.0_ 1.0)
222.6981,16.64738,3,70,0,0,0,(0.0_ 0.0_ 1.0)
222.7093,16.69494,3,70,0,0,0,(0.0_ 0.0_ 1.0)
222.7213,16.74689,3,70,0,0,0,(0.0_ 0.0_ 1.0)
222.7318,16.79375,3,70,0,0,0,(0.0_ 0.0_ 1.0)
222.7426,16.84179,3,70,0,0,0,(0.0_ 0.0_ 1.0)
222.7536,16.89081,3,70,0,0,0,(0.0_ 0.0_ 1.0)
222.7646,16.94008,3,70,0,0,0,(0.0_ 0.0_ 1.0)
222.7762,16.9928,3,70,0,0,0,(0.0_ 0.0_ 1.0)
222.7902,17.05583,3,70,0,0,0,(0.0_ 0.0_ 1.0)
222.7983,17.09278,3,70,0,0,0,(0.0_ 0.0_ 1.0)
222.8093,17.143,3,70,0,0,0,(0.0_ 0.0_ 1.0)
222.8208,17.19486,3,70,0,0,0,(0.0_ 0.0_ 1.0)
222.8316,17.24478,3,70,0,0,0,(0.0_ 0.0_ 1.0)
222.8427,17.29806,3,70,0,0,0,(0.0_ 0.0_ 1.0)
222.8539,17.35178,3,70,0,0,0,(0.0_ 0.0_ 1.0)
222.8646,17.40341,3,70,0,0,0,(0.0_ 0.0_ 1.0)
222.8764,17.46175,3,70,0,0,0,(0.0_ 0.0_ 1.0)
222.8872,17.5151,3,70,0,0,0,(0.0_ 0.0_ 1.0)
222.8983,17.56804,3,70,0,0,0,(0.0_ 0.0_ 1.0)
222.9091,17.6197,3,70,0,0,0,(0.0_ 0.0_ 1.0)
222.9205,17.67495,3,70,0,0,0,(0.0_ 0.0_ 1.0)
222.9315,17.72789,3,70,0,0,0,(0.0_ 0.0_ 1.0)
222.9428,17.78411,3,70,0,0,0,(0.0_ 0.0_ 1.0)
222.9539,17.83931,3,70,0,0,0,(0.0_ 0.0_ 1.0)
222.9651,17.89509,3,70,0,0,0,(0.0_ 0.0_ 1.0)
222.9762,17.95024,3,70,0,0,0,(0.0_ 0.0_ 1.0)
222.9871,18.00483,3,70,0,0,0,(0.0_ 0.0_ 1.0)
223.0018,18.07935,3,70,0,0,0,(0.0_ 0.0_ 1.0)
223.0095,18.11824,3,70,0,0,0,(0.0_ 0.0_ 1.0)
223.0203,18.17261,3,70,0,0,0,(0.0_ 0.0_ 1.0)
223.0318,18.22962,3,70,0,0,0,(0.0_ 0.0_ 1.0)
223.0426,18.28286,3,70,0,0,0,(0.0_ 0.0_ 1.0)
223.0539,18.33727,3,70,0,0,0,(0.0_ 0.0_ 1.0)
223.0647,18.3896,3,70,0,0,0,(0.0_ 0.0_ 1.0)
223.0763,18.44576,3,70,0,0,0,(0.0_ 0.0_ 1.0)
223.087,18.49683,3,70,0,0,0,(0.0_ 0.0_ 1.0)
223.0986,18.55393,3,70,0,0,0,(0.0_ 0.0_ 1.0)
223.1092,18.60558,3,70,0,0,0,(0.0_ 0.0_ 1.0)
223.1206,18.66079,3,70,0,0,0,(0.0_ 0.0_ 1.0)
223.132,18.71577,3,70,0,0,0,(0.0_ 0.0_ 1.0)
223.1426,18.76804,3,70,0,0,0,(0.0_ 0.0_ 1.0)
223.1538,18.82375,3,70,0,0,0,(0.0_ 0.0_ 1.0)
223.165,18.87894,3,70,0,0,0,(0.0_ 0.0_ 1.0)
223.1767,18.93673,3,70,0,0,0,(0.0_ 0.0_ 1.0)
223.1875,18.99012,3,70,0,0,0,(0.0_ 0.0_ 1.0)
223.202,19.06004,3,70,0,0,0,(0.0_ 0.0_ 1.0)
223.2096,19.09726,3,70,0,0,0,(0.0_ 0.0_ 1.0)
223.2202,19.14995,3,70,0,0,0,(0.0_ 0.0_ 1.0)
223.2317,19.2082,3,70,0,0,0,(0.0_ 0.0_ 1.0)
223.2427,19.26342,3,70,0,0,0,(0.0_ 0.0_ 1.0)
223.2545,19.32396,3,70,0,0,0,(0.0_ 0.0_ 1.0)
223.2648,19.37653,3,70,0,0,0,(0.0_ 0.0_ 1.0)
223.2764,19.43587,3,70,0,0,0,(0.0_ 0.0_ 1.0)
223.2873,19.49172,3,70,0,0,0,(0.0_ 0.0_ 1.0)
223.2985,19.54868,3,70,0,0,0,(0.0_ 0.0_ 1.0)
223.3094,19.60411,3,70,0,0,0,(0.0_ 0.0_ 1.0)
223.3205,19.66066,3,70,0,0,0,(0.0_ 0.0_ 1.0)
223.3319,19.71896,3,70,0,0,0,(0.0_ 0.0_ 1.0)
223.3427,19.77476,3,70,0,0,0,(0.0_ 0.0_ 1.0)
223.3539,19.832,3,70,0,0,0,(0.0_ 0.0_ 1.0)
223.3651,19.89005,3,70,0,0,0,(0.0_ 0.0_ 1.0)
