time,pos_x,pos_y,pos_z,rot_x,rot_y,rot_z,forward_direction
214.1373,-0.314261,1.156778,0.171735,356.7935,349.4466,356.9452,(-0.2_ 0.1_ 1.0)
214.1373,-0.314692,1.157493,0.168391,356.5913,349.9809,356.9911,(-0.2_ 0.1_ 1.0)
214.1373,-0.315332,1.157673,0.166751,356.4303,350.4096,356.8697,(-0.2_ 0.1_ 1.0)
214.1373,-0.315524,1.15774,0.166257,356.4402,350.5109,356.789,(-0.2_ 0.1_ 1.0)
214.1373,-0.315734,1.157831,0.165786,356.4547,350.6033,356.708,(-0.2_ 0.1_ 1.0)
214.1373,-0.315969,1.15796,0.165227,356.4616,350.7026,356.6416,(-0.2_ 0.1_ 1.0)
214.1373,-0.316184,1.158044,0.164792,356.4342,350.8039,356.6304,(-0.2_ 0.1_ 1.0)
214.1373,-0.316497,1.158211,0.164198,356.456,350.9262,356.5975,(-0.2_ 0.1_ 1.0)
214.1373,-0.316815,1.158334,0.163732,356.4266,351.0179,356.564,(-0.2_ 0.1_ 1.0)
214.1373,-0.316946,1.158463,0.163376,356.4449,351.0293,356.591,(-0.2_ 0.1_ 1.0)
214.1373,-0.317095,1.158596,0.162996,356.4459,351.0734,356.5722,(-0.2_ 0.1_ 1.0)
214.1373,-0.317441,1.158715,0.1625,356.3929,351.1832,356.568,(-0.2_ 0.1_ 1.0)
214.1373,-0.317708,1.158901,0.161885,356.4096,351.2144,356.5582,(-0.2_ 0.1_ 1.0)
214.1373,-0.318039,1.159005,0.161312,356.3817,351.302,356.5523,(-0.2_ 0.1_ 1.0)
214.1373,-0.318397,1.15908,0.160697,356.3471,351.3956,356.5257,(-0.1_ 0.1_ 1.0)
214.1373,-0.318716,1.15921,0.160054,356.3485,351.4742,356.4907,(-0.1_ 0.1_ 1.0)
214.1373,-0.319021,1.159375,0.159349,356.3694,351.5438,356.4405,(-0.1_ 0.1_ 1.0)
214.1373,-0.319336,1.159484,0.158677,356.3286,351.6492,356.403,(-0.1_ 0.1_ 1.0)
214.1373,-0.319593,1.159612,0.157945,356.2877,351.7718,356.3753,(-0.1_ 0.1_ 1.0)
214.1373,-0.319882,1.159741,0.157247,356.2293,351.899,356.2822,(-0.1_ 0.1_ 1.0)
214.1373,-0.319855,1.159812,0.157165,356.2262,351.9497,356.2516,(-0.1_ 0.1_ 1.0)
214.1373,-0.320162,1.160025,0.15649,356.1366,352.0655,356.1233,(-0.1_ 0.1_ 1.0)
214.1373,-0.320489,1.160244,0.155822,356.0223,352.2198,356.0415,(-0.1_ 0.1_ 1.0)
214.1373,-0.320772,1.160432,0.155144,355.9573,352.3385,355.9832,(-0.1_ 0.1_ 1.0)
214.1373,-0.321085,1.160585,0.154429,355.9319,352.5324,355.9194,(-0.1_ 0.1_ 1.0)
214.1373,-0.32131,1.160726,0.153696,355.9213,352.6721,355.8714,(-0.1_ 0.1_ 1.0)
214.1373,-0.321541,1.160922,0.15293,355.9217,352.8503,355.782,(-0.1_ 0.1_ 1.0)
214.1373,-0.32185,1.161098,0.152211,355.8695,353.0834,355.6748,(-0.1_ 0.1_ 1.0)
214.1373,-0.322094,1.161304,0.151467,355.8087,353.2867,355.6014,(-0.1_ 0.1_ 1.0)
214.1373,-0.322344,1.161515,0.150734,355.7652,353.4454,355.5119,(-0.1_ 0.1_ 1.0)
214.1373,-0.322618,1.16168,0.14999,355.706,353.6636,355.4633,(-0.1_ 0.1_ 1.0)
214.1373,-0.322881,1.161841,0.149212,355.6834,353.8824,355.4143,(-0.1_ 0.1_ 1.0)
214.1373,-0.323097,1.161957,0.148405,355.6618,354.0726,355.3887,(-0.1_ 0.1_ 1.0)
214.1373,-0.323333,1.162073,0.147596,355.6574,354.2529,355.3295,(-0.1_ 0.1_ 1.0)
214.1373,-0.323544,1.162169,0.146769,355.6699,354.4495,355.3218,(-0.1_ 0.1_ 1.0)
214.1373,-0.32377,1.162266,0.145932,355.6837,354.644,355.2947,(-0.1_ 0.1_ 1.0)
214.1373,-0.324001,1.162313,0.145124,355.6677,354.8369,355.3001,(-0.1_ 0.1_ 1.0)
214.1373,-0.324194,1.162349,0.144304,355.6761,354.9816,355.3328,(-0.1_ 0.1_ 1.0)
214.1373,-0.324369,1.162383,0.143431,355.7205,355.1145,355.3504,(-0.1_ 0.1_ 1.0)
214.1373,-0.324622,1.162373,0.142627,355.7307,355.2919,355.3654,(-0.1_ 0.1_ 1.0)
214.1373,-0.324832,1.162346,0.141766,355.7668,355.4231,355.3805,(-0.1_ 0.1_ 1.0)
214.1373,-0.325064,1.162305,0.140916,355.8244,355.584,355.4325,(-0.1_ 0.1_ 1.0)
214.1373,-0.325307,1.162207,0.140074,355.8943,355.7427,355.5034,(-0.1_ 0.1_ 1.0)
214.1373,-0.325522,1.162116,0.139233,355.9722,355.8424,355.5848,(-0.1_ 0.1_ 1.0)
214.1373,-0.325768,1.162042,0.138334,356.0669,355.9477,355.6563,(-0.1_ 0.1_ 1.0)
214.1373,-0.326044,1.161958,0.137442,356.1444,356.0264,355.7278,(-0.1_ 0.1_ 1.0)
214.1373,-0.326344,1.161889,0.136566,356.2096,356.0669,355.7915,(-0.1_ 0.1_ 1.0)
214.1373,-0.326673,1.161844,0.13566,356.2858,356.101,355.8615,(-0.1_ 0.1_ 1.0)
214.1373,-0.32704,1.161801,0.13482,356.3139,356.1096,355.9132,(-0.1_ 0.1_ 1.0)
214.1373,-0.327448,1.161854,0.133943,356.3324,356.1018,355.9557,(-0.1_ 0.1_ 1.0)
214.1373,-0.327767,1.161917,0.133058,356.3281,356.0265,356.0516,(-0.1_ 0.1_ 1.0)
214.1373,-0.328132,1.162,0.132154,356.3165,355.9792,356.1595,(-0.1_ 0.1_ 1.0)
214.1373,-0.328427,1.162048,0.131209,356.3111,355.9149,356.2862,(-0.1_ 0.1_ 1.0)
214.1373,-0.328735,1.162087,0.130297,356.318,355.8839,356.4186,(-0.1_ 0.1_ 1.0)
214.1373,-0.328996,1.16216,0.1293,356.3518,355.8062,356.5287,(-0.1_ 0.1_ 1.0)
214.1373,-0.329348,1.162215,0.128324,356.3662,355.7673,356.6301,(-0.1_ 0.1_ 1.0)
214.1373,-0.32963,1.162247,0.127301,356.3945,355.6623,356.7543,(-0.1_ 0.1_ 1.0)
214.1373,-0.330007,1.162276,0.1263,356.4146,355.5858,356.8622,(-0.1_ 0.1_ 1.0)
214.1373,-0.330368,1.162301,0.125243,356.4331,355.3925,356.9706,(-0.1_ 0.1_ 1.0)
214.1373,-0.33083,1.162278,0.124229,356.4174,355.2069,357.0502,(-0.1_ 0.1_ 1.0)
214.1373,-0.331279,1.16225,0.123188,356.4503,354.952,357.1792,(-0.1_ 0.1_ 1.0)
214.1373,-0.331767,1.162177,0.122112,356.4827,354.6769,357.3037,(-0.1_ 0.1_ 1.0)
214.1373,-0.33224,1.162101,0.121032,356.535,354.3616,357.4669,(-0.1_ 0.1_ 1.0)
214.1373,-0.332753,1.162007,0.119908,356.6174,353.9981,357.621,(-0.1_ 0.1_ 1.0)
214.1373,-0.333305,1.161893,0.118811,356.6767,353.6382,357.8035,(-0.1_ 0.1_ 1.0)
214.1373,-0.333834,1.161778,0.117652,356.772,353.2132,358.0006,(-0.1_ 0.1_ 1.0)
214.1373,-0.334418,1.161628,0.116511,356.8768,352.8391,358.2665,(-0.1_ 0.1_ 1.0)
214.1373,-0.334925,1.161432,0.115304,356.98,352.3262,358.5151,(-0.1_ 0.1_ 1.0)
214.1373,-0.335496,1.161253,0.114118,357.1222,351.8784,358.7867,(-0.1_ 0.1_ 1.0)
214.1373,-0.336119,1.161077,0.112903,357.2734,351.4399,358.9978,(-0.1_ 0.0_ 1.0)
214.1373,-0.336644,1.160847,0.111653,357.4033,350.9494,359.2534,(-0.2_ 0.0_ 1.0)
214.1373,-0.337203,1.160628,0.110386,357.5417,350.4808,359.5079,(-0.2_ 0.0_ 1.0)
214.1373,-0.337705,1.160429,0.109086,357.6902,349.9781,359.7646,(-0.2_ 0.0_ 1.0)
214.1373,-0.338236,1.160184,0.107828,357.7998,349.4996,359.9901,(-0.2_ 0.0_ 1.0)
214.1373,-0.338763,1.159923,0.106477,357.9355,349.0526,0.160869,(-0.2_ 0.0_ 1.0)
214.1373,-0.339261,1.159657,0.105135,358.0631,348.59,0.339139,(-0.2_ 0.0_ 1.0)
214.1373,-0.339766,1.159369,0.103749,358.1768,348.1447,0.509548,(-0.2_ 0.0_ 1.0)
214.1373,-0.340286,1.159092,0.102432,358.2473,347.6851,0.667025,(-0.2_ 0.0_ 1.0)
214.1373,-0.340814,1.158827,0.101112,358.3266,347.245,0.830959,(-0.2_ 0.0_ 1.0)
214.1373,-0.341335,1.158566,0.09979,358.3838,346.7969,0.9732,(-0.2_ 0.0_ 1.0)
214.1373,-0.34185,1.158322,0.09851,358.4209,346.3551,1.121751,(-0.2_ 0.0_ 1.0)
214.1373,-0.342377,1.158096,0.097239,358.4336,345.9263,1.272576,(-0.2_ 0.0_ 1.0)
214.1373,-0.342895,1.157882,0.095998,358.4474,345.497,1.415143,(-0.3_ 0.0_ 1.0)
214.1373,-0.343363,1.157701,0.094804,358.4313,345.0656,1.542883,(-0.3_ 0.0_ 1.0)
214.1373,-0.343872,1.157526,0.093662,358.3776,344.668,1.660491,(-0.3_ 0.0_ 1.0)
214.1373,-0.344318,1.157424,0.09252,358.3247,344.2704,1.736321,(-0.3_ 0.0_ 1.0)
214.1373,-0.344759,1.157332,0.09152,358.2262,343.9489,1.822303,(-0.3_ 0.0_ 1.0)
214.1373,-0.345156,1.157317,0.090525,358.1636,343.6164,1.880484,(-0.3_ 0.0_ 1.0)
214.1373,-0.345559,1.157296,0.089602,358.032,343.3318,1.919444,(-0.3_ 0.0_ 1.0)
214.1373,-0.345911,1.157314,0.088731,357.9059,343.041,1.972179,(-0.3_ 0.0_ 1.0)
214.1373,-0.34621,1.157397,0.087888,357.8223,342.7762,2.024091,(-0.3_ 0.0_ 1.0)
214.1373,-0.346492,1.157429,0.087077,357.7491,342.5354,2.084742,(-0.3_ 0.0_ 1.0)
214.1373,-0.346753,1.157426,0.086286,357.7129,342.3511,2.128601,(-0.3_ 0.0_ 1.0)
214.1373,-0.346955,1.157425,0.085475,357.7259,342.1383,2.113318,(-0.3_ 0.0_ 1.0)
214.1373,-0.347143,1.157405,0.084701,357.7713,341.9704,2.090757,(-0.3_ 0.0_ 1.0)
214.1373,-0.34729,1.157377,0.083919,357.8546,341.8178,2.062334,(-0.3_ 0.0_ 0.9)
214.1373,-0.347435,1.157331,0.083142,357.9592,341.6653,2.032482,(-0.3_ 0.0_ 0.9)
214.1373,-0.347581,1.157265,0.082343,358.0889,341.525,1.982065,(-0.3_ 0.0_ 0.9)
214.1373,-0.347667,1.157139,0.081603,358.1959,341.3685,1.977789,(-0.3_ 0.0_ 0.9)
214.1373,-0.347804,1.157005,0.080844,358.3004,341.255,1.927558,(-0.3_ 0.0_ 0.9)
214.1373,-0.347854,1.156859,0.080096,358.4052,341.1061,1.913425,(-0.3_ 0.0_ 0.9)
214.1373,-0.347888,1.156742,0.079343,358.5278,340.9722,1.913968,(-0.3_ 0.0_ 0.9)
214.1373,-0.34796,1.15656,0.078618,358.6051,340.8932,1.904489,(-0.3_ 0.0_ 0.9)
214.1373,-0.347932,1.156356,0.077878,358.6834,340.7603,1.880497,(-0.3_ 0.0_ 0.9)
214.1373,-0.34792,1.156148,0.077151,358.7691,340.6973,1.852687,(-0.3_ 0.0_ 0.9)
214.1373,-0.347849,1.155928,0.076431,358.8436,340.629,1.816468,(-0.3_ 0.0_ 0.9)
214.1373,-0.347748,1.155699,0.075739,358.9247,340.6059,1.800483,(-0.3_ 0.0_ 0.9)
214.1373,-0.347614,1.155486,0.075065,359.007,340.6053,1.754974,(-0.3_ 0.0_ 0.9)
214.1373,-0.347442,1.15526,0.07445,359.0475,340.6121,1.747321,(-0.3_ 0.0_ 0.9)
214.1373,-0.347327,1.155106,0.073839,359.0818,340.6729,1.683953,(-0.3_ 0.0_ 0.9)
214.1373,-0.347192,1.154964,0.073291,359.0762,340.7473,1.66123,(-0.3_ 0.0_ 0.9)
214.1373,-0.347026,1.154866,0.072753,359.0924,340.8109,1.634289,(-0.3_ 0.0_ 0.9)
214.1373,-0.346832,1.154788,0.072297,359.0835,340.8522,1.63672,(-0.3_ 0.0_ 0.9)
214.1373,-0.346655,1.154723,0.071858,359.0812,340.9185,1.648279,(-0.3_ 0.0_ 0.9)
214.1373,-0.346481,1.1547,0.071496,359.056,341.0153,1.708374,(-0.3_ 0.0_ 0.9)
214.1373,-0.346277,1.154696,0.071171,359.0295,341.1191,1.793254,(-0.3_ 0.0_ 0.9)
214.1373,-0.346172,1.154797,0.07091,358.9643,341.2365,1.830388,(-0.3_ 0.0_ 0.9)
214.1373,-0.346047,1.154948,0.070668,358.8921,341.2799,1.837299,(-0.3_ 0.0_ 0.9)
214.1373,-0.345947,1.155073,0.070451,358.8251,341.3245,1.843657,(-0.3_ 0.0_ 0.9)
214.1373,-0.34593,1.155231,0.070262,358.782,341.3647,1.837489,(-0.3_ 0.0_ 0.9)
214.1373,-0.345901,1.155382,0.070068,358.7688,341.3878,1.833877,(-0.3_ 0.0_ 0.9)
214.1373,-0.345943,1.155534,0.069937,358.714,341.3916,1.841819,(-0.3_ 0.0_ 0.9)
214.1373,-0.345885,1.155698,0.069804,358.638,341.3389,1.871962,(-0.3_ 0.0_ 0.9)
214.1373,-0.345905,1.155841,0.069686,358.5602,341.3776,1.917238,(-0.3_ 0.0_ 0.9)
214.1373,-0.345755,1.155934,0.069542,358.5359,341.368,1.975117,(-0.3_ 0.0_ 0.9)
214.1373,-0.345653,1.156005,0.069409,358.5229,341.4222,2.005741,(-0.3_ 0.0_ 0.9)
214.1373,-0.345511,1.156108,0.06925,358.505,341.4717,2.008813,(-0.3_ 0.0_ 0.9)
214.1373,-0.345355,1.15617,0.069077,358.4688,341.5429,2.004509,(-0.3_ 0.0_ 0.9)
214.1373,-0.345157,1.156155,0.068888,358.4334,341.613,2.008276,(-0.3_ 0.0_ 0.9)
214.1373,-0.344978,1.156128,0.068609,358.4763,341.729,1.935375,(-0.3_ 0.0_ 0.9)
214.1373,-0.344682,1.156014,0.068326,358.5043,341.7891,1.876983,(-0.3_ 0.0_ 0.9)
214.1373,-0.34441,1.155922,0.067954,358.6009,341.924,1.816839,(-0.3_ 0.0_ 1.0)
214.1373,-0.344038,1.155768,0.067558,358.6714,342.0369,1.753677,(-0.3_ 0.0_ 1.0)
214.1373,-0.343683,1.155625,0.067084,358.7573,342.1911,1.668159,(-0.3_ 0.0_ 1.0)
214.1373,-0.343281,1.155475,0.066573,358.8563,342.353,1.597658,(-0.3_ 0.0_ 1.0)
214.1373,-0.342868,1.155279,0.066049,358.883,342.5316,1.531411,(-0.3_ 0.0_ 1.0)
214.1373,-0.34244,1.155143,0.065474,358.9457,342.7284,1.453667,(-0.3_ 0.0_ 1.0)
214.1373,-0.342004,1.15502,0.064865,358.9749,342.9336,1.379009,(-0.3_ 0.0_ 1.0)
214.1373,-0.341552,1.154909,0.06423,359.003,343.1566,1.34044,(-0.3_ 0.0_ 1.0)
214.1373,-0.341156,1.154846,0.06359,359.0201,343.4146,1.300776,(-0.3_ 0.0_ 1.0)
214.1373,-0.340756,1.154714,0.062997,358.9849,343.6661,1.285108,(-0.3_ 0.0_ 1.0)
214.1373,-0.340355,1.154639,0.062373,359.005,343.9303,1.287004,(-0.3_ 0.0_ 1.0)
214.1373,-0.339994,1.154538,0.061801,358.9894,344.2104,1.335861,(-0.3_ 0.0_ 1.0)
214.1373,-0.339657,1.154469,0.061249,358.9963,344.4987,1.39028,(-0.3_ 0.0_ 1.0)
214.1373,-0.33932,1.154431,0.060743,358.9878,344.7552,1.478695,(-0.3_ 0.0_ 1.0)
214.1373,-0.339056,1.154388,0.060282,358.9441,345.0552,1.57488,(-0.3_ 0.0_ 1.0)
214.1373,-0.338787,1.154448,0.059854,358.9089,345.2978,1.680808,(-0.3_ 0.0_ 1.0)
214.1373,-0.338516,1.154501,0.059468,358.8246,345.4957,1.777559,(-0.3_ 0.0_ 1.0)
214.1373,-0.338352,1.154611,0.059119,358.7418,345.7086,1.850891,(-0.2_ 0.0_ 1.0)
214.1373,-0.338197,1.154677,0.058794,358.6451,345.858,1.899979,(-0.2_ 0.0_ 1.0)
214.1373,-0.338062,1.154749,0.058471,358.599,345.9715,1.965806,(-0.2_ 0.0_ 1.0)
214.1373,-0.337989,1.154759,0.05815,358.5625,346.0725,2.013103,(-0.2_ 0.0_ 1.0)
214.1373,-0.337928,1.154741,0.057793,358.5665,346.1657,2.035348,(-0.2_ 0.0_ 1.0)
214.1373,-0.337873,1.154679,0.057421,358.5957,346.2071,2.076351,(-0.2_ 0.0_ 1.0)
214.1373,-0.337858,1.15461,0.057028,358.6355,346.2576,2.09208,(-0.2_ 0.0_ 1.0)
214.1373,-0.337828,1.154565,0.056596,358.7089,346.2478,2.093849,(-0.2_ 0.0_ 1.0)
214.1373,-0.33788,1.154492,0.056183,358.7298,346.2967,2.099343,(-0.2_ 0.0_ 1.0)
214.1373,-0.337902,1.154509,0.055838,358.7529,346.2528,2.098228,(-0.2_ 0.0_ 1.0)
214.1373,-0.337936,1.154503,0.055458,358.7617,346.2482,2.121906,(-0.2_ 0.0_ 1.0)
214.1373,-0.337977,1.154487,0.055035,358.7149,346.2016,2.143259,(-0.2_ 0.0_ 1.0)
214.1373,-0.338005,1.154496,0.054374,358.6668,346.1327,2.184553,(-0.2_ 0.0_ 1.0)
214.1373,-0.338022,1.154518,0.0539,358.6078,346.0792,2.208996,(-0.2_ 0.0_ 1.0)
214.1373,-0.338024,1.154549,0.053408,358.5314,346.0235,2.219077,(-0.2_ 0.0_ 1.0)
214.1373,-0.338006,1.15458,0.052895,358.4698,345.9701,2.212986,(-0.2_ 0.0_ 1.0)
214.1373,-0.337969,1.154606,0.052358,358.4137,345.9206,2.207897,(-0.2_ 0.0_ 1.0)
214.1373,-0.337959,1.15458,0.051841,358.3108,345.9125,2.202055,(-0.2_ 0.0_ 1.0)
214.1373,-0.337878,1.154605,0.051276,358.2739,345.8688,2.190773,(-0.2_ 0.0_ 1.0)
214.1373,-0.337802,1.154621,0.050666,358.2363,345.8566,2.164125,(-0.2_ 0.0_ 1.0)
214.1373,-0.337731,1.154629,0.050058,358.1923,345.865,2.151982,(-0.2_ 0.0_ 1.0)
214.1373,-0.33765,1.154615,0.049461,358.1322,345.8689,2.153819,(-0.2_ 0.0_ 1.0)
214.1373,-0.337557,1.154608,0.048846,358.084,345.8766,2.167838,(-0.2_ 0.0_ 1.0)
214.1373,-0.337475,1.154566,0.048252,358.0108,345.8913,2.195657,(-0.2_ 0.0_ 1.0)
214.1373,-0.337409,1.154564,0.047627,357.9484,345.8871,2.172426,(-0.2_ 0.0_ 1.0)
214.1373,-0.337356,1.154606,0.046997,357.9159,345.89,2.167009,(-0.2_ 0.0_ 1.0)
214.1373,-0.337293,1.154638,0.046396,357.8274,345.8657,2.209996,(-0.2_ 0.0_ 1.0)
214.1373,-0.337231,1.154691,0.045797,357.7288,345.8435,2.266726,(-0.2_ 0.0_ 1.0)
214.1373,-0.337213,1.154806,0.0452,357.6225,345.8307,2.299129,(-0.2_ 0.0_ 1.0)
214.1373,-0.337115,1.154917,0.044637,357.4986,345.7433,2.370803,(-0.2_ 0.0_ 1.0)
214.1373,-0.337087,1.155013,0.0441,357.3503,345.7085,2.410174,(-0.2_ 0.0_ 1.0)
214.1373,-0.337031,1.155138,0.043604,357.1943,345.6503,2.443316,(-0.2_ 0.0_ 1.0)
214.1373,-0.336943,1.155298,0.043124,357.0562,345.5725,2.467129,(-0.2_ 0.1_ 1.0)
214.1373,-0.336879,1.155444,0.042719,356.8961,345.5331,2.503793,(-0.2_ 0.1_ 1.0)
214.1373,-0.336809,1.155608,0.042334,356.7696,345.4816,2.511166,(-0.3_ 0.1_ 1.0)
214.1373,-0.336737,1.155712,0.041962,356.6585,345.4464,2.519802,(-0.3_ 0.1_ 1.0)
214.1373,-0.336649,1.155765,0.041588,356.5858,345.398,2.487225,(-0.3_ 0.1_ 1.0)
214.1373,-0.336503,1.155771,0.041192,356.5712,345.3357,2.466983,(-0.3_ 0.1_ 1.0)
214.1373,-0.336449,1.155722,0.040899,356.623,345.3668,2.442828,(-0.3_ 0.1_ 1.0)
214.1373,-0.336315,1.155623,0.040474,356.6879,345.3601,2.409353,(-0.3_ 0.1_ 1.0)
214.1373,-0.336155,1.155472,0.039944,356.8282,345.3769,2.342261,(-0.3_ 0.1_ 1.0)
214.1373,-0.335995,1.155298,0.039489,356.976,345.3935,2.321533,(-0.3_ 0.1_ 1.0)
214.1373,-0.335856,1.155107,0.039019,357.1217,345.4263,2.318746,(-0.3_ 0.1_ 1.0)
214.1373,-0.335722,1.154955,0.038534,357.2563,345.4656,2.342445,(-0.3_ 0.0_ 1.0)
214.1373,-0.335603,1.15479,0.038064,357.3347,345.4744,2.329005,(-0.3_ 0.0_ 1.0)
214.1373,-0.335502,1.154684,0.037561,357.4244,345.5019,2.353595,(-0.3_ 0.0_ 1.0)
214.1373,-0.335376,1.154548,0.037076,357.4635,345.4856,2.380799,(-0.3_ 0.0_ 1.0)
214.1489,-0.335332,1.157998,0.11749,357.5011,345.5033,2.385086,(-0.3_ 0.0_ 1.0)
214.1603,-0.335216,1.157958,0.197156,357.5496,345.4712,2.430566,(-0.3_ 0.0_ 1.0)
214.1716,-0.335166,1.157835,0.275519,357.5822,345.4529,2.436979,(-0.3_ 0.0_ 1.0)
214.1842,-0.335102,1.15861,0.363239,357.6154,345.4406,2.465219,(-0.3_ 0.0_ 1.0)
214.1956,-0.335071,1.158491,0.442378,357.6376,345.4147,2.466888,(-0.3_ 0.0_ 1.0)
214.204,-0.33503,1.159088,0.500439,357.6746,345.3877,2.495783,(-0.3_ 0.0_ 1.0)
214.215,-0.334994,1.159033,0.577287,357.6945,345.3376,2.521983,(-0.3_ 0.0_ 1.0)
214.2262,-0.335038,1.159866,0.654845,357.667,345.3393,2.511199,(-0.3_ 0.0_ 1.0)
214.2375,-0.335019,1.159832,0.733141,357.6622,345.2968,2.532418,(-0.3_ 0.0_ 1.0)
214.2479,-0.335022,1.160553,0.805435,357.6205,345.2667,2.558239,(-0.3_ 0.0_ 1.0)
214.2596,-0.335009,1.160543,0.887119,357.5654,345.2182,2.614221,(-0.3_ 0.0_ 1.0)
214.2705,-0.33505,1.161184,0.962575,357.5095,345.199,2.664462,(-0.3_ 0.0_ 1.0)
214.2819,-0.335061,1.161265,1.041681,357.435,345.1541,2.739699,(-0.3_ 0.0_ 1.0)
214.2954,-0.335086,1.161381,1.135488,357.3965,345.1066,2.822291,(-0.3_ 0.0_ 1.0)
214.3038,-0.335126,1.16154,1.193762,357.2975,345.0599,2.89341,(-0.3_ 0.0_ 1.0)
214.3151,-0.335182,1.161629,1.272396,357.1739,345.006,2.973522,(-0.3_ 0.0_ 1.0)
214.3261,-0.33526,1.161852,1.349205,357.0444,344.9642,3.050603,(-0.3_ 0.1_ 1.0)
214.3376,-0.335378,1.161989,1.429182,356.9103,344.9237,3.122092,(-0.3_ 0.1_ 1.0)
214.3482,-0.335484,1.16225,1.502532,356.7915,344.847,3.185485,(-0.3_ 0.1_ 1.0)
214.3595,-0.335628,1.162349,1.581708,356.619,344.7722,3.267953,(-0.3_ 0.1_ 1.0)
214.3706,-0.335757,1.162602,1.65864,356.4733,344.639,3.346281,(-0.3_ 0.1_ 1.0)
214.3821,-0.335983,1.162727,1.738809,356.2517,344.5464,3.41795,(-0.3_ 0.1_ 1.0)
214.3934,-0.336192,1.162938,1.817312,356.053,344.4041,3.512296,(-0.3_ 0.1_ 1.0)
214.4042,-0.336371,1.163168,1.892946,355.8223,344.2241,3.617453,(-0.3_ 0.1_ 1.0)
214.4156,-0.336622,1.163427,1.972557,355.5837,344.0922,3.727644,(-0.3_ 0.1_ 1.0)
214.4263,-0.336794,1.163712,2.047312,355.3241,343.904,3.848152,(-0.3_ 0.1_ 1.0)
214.4376,-0.337024,1.163996,2.125925,355.0392,343.7807,3.939182,(-0.3_ 0.1_ 1.0)
214.4481,-0.337204,1.1643,2.199413,354.8047,343.6314,3.975642,(-0.3_ 0.1_ 1.0)
214.4597,-0.337395,1.164521,2.280779,354.5479,343.5249,4.023351,(-0.3_ 0.1_ 1.0)
214.4707,-0.337539,1.164799,2.357842,354.3564,343.4045,4.017684,(-0.3_ 0.1_ 1.0)
214.4822,-0.337664,1.165058,2.43827,354.153,343.2836,4.00738,(-0.3_ 0.1_ 1.0)
214.4953,-0.337781,1.16531,2.530606,353.9447,343.191,4.022784,(-0.3_ 0.1_ 1.0)
214.5038,-0.337856,1.165545,2.590253,353.7546,343.1122,4.025411,(-0.3_ 0.1_ 1.0)
214.5153,-0.337894,1.16579,2.670767,353.6297,343.0376,3.988259,(-0.3_ 0.1_ 1.0)
214.5262,-0.337897,1.165986,2.746999,353.5619,343.0381,3.936565,(-0.3_ 0.1_ 1.0)
214.5384,-0.337905,1.166098,2.832434,353.5291,343.0935,3.859466,(-0.3_ 0.1_ 1.0)
214.5487,-0.337871,1.166174,2.905054,353.5688,343.1342,3.779598,(-0.3_ 0.1_ 1.0)
214.56,-0.337799,1.166192,2.984185,353.6551,343.1661,3.731033,(-0.3_ 0.1_ 1.0)
214.5716,-0.337768,1.166164,3.06523,353.6861,343.2239,3.682377,(-0.3_ 0.1_ 1.0)
214.5818,-0.337733,1.166158,3.136955,353.7445,343.3002,3.660783,(-0.3_ 0.1_ 1.0)
214.5935,-0.337707,1.166138,3.218594,353.7914,343.3556,3.630501,(-0.3_ 0.1_ 1.0)
214.6047,-0.337688,1.166073,3.297171,353.8275,343.4107,3.634818,(-0.3_ 0.1_ 1.0)
214.6155,-0.337698,1.166062,3.372802,353.8653,343.4591,3.62916,(-0.3_ 0.1_ 1.0)
214.6266,-0.337736,1.166123,3.450653,353.8385,343.4554,3.619537,(-0.3_ 0.1_ 1.0)
214.6387,-0.337756,1.166192,3.535648,353.8104,343.4561,3.632955,(-0.3_ 0.1_ 1.0)
214.6482,-0.337788,1.166268,3.602185,353.7449,343.4845,3.667479,(-0.3_ 0.1_ 1.0)
214.66,-0.337834,1.166375,3.684848,353.6721,343.4655,3.676847,(-0.3_ 0.1_ 1.0)
214.6713,-0.337913,1.166411,3.76372,353.5623,343.4509,3.725426,(-0.3_ 0.1_ 1.0)
214.6821,-0.337928,1.16652,3.839262,353.5811,343.3552,3.770567,(-0.3_ 0.1_ 1.0)
214.6959,-0.337992,1.1666,3.9357,353.5536,343.3296,3.837631,(-0.3_ 0.1_ 1.0)
214.7047,-0.338043,1.166697,3.997565,353.5035,343.3119,3.887141,(-0.3_ 0.1_ 1.0)
214.7154,-0.338077,1.166813,4.072173,353.4127,343.2642,3.922651,(-0.3_ 0.1_ 1.0)
214.7264,-0.338136,1.166981,4.149382,353.3566,343.2245,3.936368,(-0.3_ 0.1_ 1.0)
214.7381,-0.338257,1.167176,4.231349,353.2795,343.2123,3.923846,(-0.3_ 0.1_ 1.0)
214.7486,-0.338333,1.167329,4.304686,353.1628,343.1595,3.927879,(-0.3_ 0.1_ 1.0)
214.7604,-0.338345,1.167522,4.387071,353.098,343.0891,3.94365,(-0.3_ 0.1_ 0.9)
214.7717,-0.338377,1.16769,4.466541,353.0238,343.052,3.956808,(-0.3_ 0.1_ 0.9)
214.7817,-0.338401,1.167822,4.536494,352.9577,343.0313,3.955734,(-0.3_ 0.1_ 0.9)
214.7937,-0.338413,1.167908,4.62044,352.9066,343.0292,3.943649,(-0.3_ 0.1_ 0.9)
214.8055,-0.338408,1.167973,4.702778,352.8673,343.0469,3.929139,(-0.3_ 0.1_ 0.9)
214.8159,-0.338369,1.168023,4.775895,352.8325,343.0604,3.924935,(-0.3_ 0.1_ 0.9)
214.8258,-0.33835,1.168108,4.84504,352.7692,343.1028,3.858622,(-0.3_ 0.1_ 0.9)
214.8385,-0.338343,1.168182,4.934676,352.7058,343.1818,3.788947,(-0.3_ 0.1_ 0.9)
214.8489,-0.338305,1.168228,5.007379,352.6256,343.2525,3.726513,(-0.3_ 0.1_ 0.9)
214.8604,-0.33831,1.168303,5.088013,352.5452,343.3704,3.662528,(-0.3_ 0.1_ 1.0)
214.8712,-0.338328,1.16836,5.163761,352.4412,343.476,3.597491,(-0.3_ 0.1_ 1.0)
214.8819,-0.338399,1.168431,5.238873,352.3554,343.5641,3.58121,(-0.3_ 0.1_ 1.0)
214.8932,-0.338436,1.168499,5.318201,352.2575,343.6603,3.595153,(-0.3_ 0.1_ 1.0)
214.9063,-0.338449,1.168609,5.410888,352.1663,343.7229,3.623587,(-0.3_ 0.1_ 1.0)
214.9155,-0.33854,1.168664,5.47565,352.0527,343.7923,3.688457,(-0.3_ 0.1_ 1.0)
214.9264,-0.338655,1.168728,5.551908,351.9906,343.8101,3.797173,(-0.3_ 0.1_ 1.0)
214.9382,-0.338783,1.168779,5.635562,351.9776,343.8035,3.918466,(-0.3_ 0.1_ 1.0)
214.9485,-0.338909,1.168785,5.70799,351.9749,343.7711,4.039584,(-0.3_ 0.1_ 1.0)
214.9603,-0.339142,1.16875,5.790957,352.0269,343.6705,4.140668,(-0.3_ 0.1_ 1.0)
214.9713,-0.339336,1.168677,5.868252,352.0959,343.5623,4.300126,(-0.3_ 0.1_ 1.0)
214.982,-0.339512,1.168595,5.94375,352.1828,343.3967,4.477164,(-0.3_ 0.1_ 0.9)
214.9935,-0.3398,1.16847,6.024319,352.2762,343.2027,4.628383,(-0.3_ 0.1_ 0.9)
215.0044,-0.340164,1.168302,6.10101,352.4276,342.9459,4.834404,(-0.3_ 0.1_ 0.9)
215.0155,-0.340532,1.168135,6.178816,352.5859,342.6891,4.994761,(-0.3_ 0.1_ 0.9)
215.0266,-0.340829,1.167993,6.257291,352.7595,342.3885,5.117508,(-0.3_ 0.1_ 0.9)
215.0379,-0.341201,1.167817,6.336728,352.874,342.0987,5.22198,(-0.3_ 0.1_ 0.9)
215.049,-0.341591,1.167652,6.414643,352.9995,341.8279,5.2873,(-0.3_ 0.1_ 0.9)
215.0601,-0.341864,1.167555,6.492949,353.1123,341.5414,5.307235,(-0.3_ 0.1_ 0.9)
215.0716,-0.342139,1.167458,6.573826,353.2417,341.2828,5.327927,(-0.3_ 0.1_ 0.9)
215.0822,-0.34247,1.167291,6.648319,353.3319,341.1173,5.303033,(-0.3_ 0.1_ 0.9)
215.0938,-0.342601,1.167174,6.729646,353.4709,340.9729,5.291574,(-0.3_ 0.1_ 0.9)
215.1075,-0.342633,1.167054,6.826043,353.6067,340.8763,5.262246,(-0.3_ 0.1_ 0.9)
215.1155,-0.342627,1.166945,6.882659,353.7466,340.8646,5.197085,(-0.3_ 0.1_ 0.9)
215.1269,-0.342605,1.166818,6.962857,353.8393,340.8941,5.142442,(-0.3_ 0.1_ 0.9)
215.1384,-0.342491,1.166772,7.043283,353.9504,340.9834,5.028254,(-0.3_ 0.1_ 0.9)
215.1489,-0.342379,1.16673,7.117798,354.0323,341.1394,4.922885,(-0.3_ 0.1_ 0.9)
215.1602,-0.34226,1.16671,7.196925,354.0924,341.2991,4.818589,(-0.3_ 0.1_ 0.9)
215.1716,-0.342126,1.166752,7.277454,354.1359,341.5253,4.708496,(-0.3_ 0.1_ 0.9)
215.1828,-0.341885,1.166797,7.35641,354.1342,341.7207,4.590082,(-0.3_ 0.1_ 0.9)
215.1936,-0.341708,1.166829,7.431993,354.1383,341.9182,4.48358,(-0.3_ 0.1_ 0.9)
215.2048,-0.341593,1.166871,7.510761,354.1232,342.1317,4.430264,(-0.3_ 0.1_ 0.9)
215.2158,-0.34142,1.16694,7.588328,354.0919,342.3009,4.347943,(-0.3_ 0.1_ 0.9)
215.2268,-0.341289,1.167064,7.666256,354.0358,342.4747,4.239397,(-0.3_ 0.1_ 0.9)
215.2381,-0.341173,1.167148,7.745579,353.9623,342.6228,4.167473,(-0.3_ 0.1_ 0.9)
215.2486,-0.341052,1.16727,7.819738,353.8987,342.7224,4.088976,(-0.3_ 0.1_ 0.9)
215.2607,-0.340873,1.167426,7.904607,353.8587,342.8289,4.007402,(-0.3_ 0.1_ 0.9)
215.2717,-0.340764,1.167482,7.982221,353.7547,342.9486,3.953514,(-0.3_ 0.1_ 1.0)
215.2824,-0.340708,1.167558,8.057933,353.7383,343.0532,3.881182,(-0.3_ 0.1_ 1.0)
215.2939,-0.340547,1.167621,8.138886,353.7328,343.1235,3.801644,(-0.3_ 0.1_ 1.0)
215.3065,-0.340353,1.167663,8.227194,353.726,343.2336,3.760153,(-0.3_ 0.1_ 1.0)
215.3158,-0.340176,1.167722,8.293109,353.731,343.3214,3.700003,(-0.3_ 0.1_ 1.0)
215.3266,-0.340008,1.167839,8.369195,353.7584,343.4122,3.653126,(-0.3_ 0.1_ 1.0)
215.3384,-0.339841,1.167902,8.452358,353.6981,343.5038,3.587896,(-0.3_ 0.1_ 1.0)
215.3497,-0.339688,1.16803,8.532081,353.6649,343.617,3.524891,(-0.3_ 0.1_ 1.0)
215.3605,-0.339614,1.168161,8.607677,353.6365,343.6967,3.420575,(-0.3_ 0.1_ 1.0)
215.372,-0.339532,1.168319,8.688578,353.5708,343.721,3.291391,(-0.3_ 0.1_ 1.0)
215.3823,-0.339411,1.168513,8.76108,353.4965,343.7244,3.159485,(-0.3_ 0.1_ 1.0)
215.3939,-0.339378,1.168673,8.843123,353.3776,343.7126,3.083273,(-0.3_ 0.1_ 1.0)
215.4045,-0.339325,1.168782,8.917189,353.306,343.6414,3.034267,(-0.3_ 0.1_ 1.0)
215.4158,-0.339228,1.16884,8.997144,353.2892,343.6387,2.989173,(-0.3_ 0.1_ 1.0)
215.4267,-0.339033,1.168765,9.073421,353.3102,343.6455,2.977703,(-0.3_ 0.1_ 1.0)
215.4383,-0.338875,1.168687,9.155006,353.4107,343.6721,2.932454,(-0.3_ 0.1_ 1.0)
215.4492,-0.338745,1.168551,9.23158,353.5422,343.7173,2.878681,(-0.3_ 0.1_ 1.0)
215.4602,-0.338585,1.168402,9.308549,353.6688,343.7545,2.813788,(-0.3_ 0.1_ 1.0)
215.4718,-0.338455,1.168226,9.389515,353.8681,343.7634,2.780599,(-0.3_ 0.1_ 1.0)
215.4825,-0.338463,1.168035,9.46473,354.0526,343.7818,2.767228,(-0.3_ 0.1_ 1.0)
215.4938,-0.338408,1.16789,9.543175,354.255,343.7755,2.75762,(-0.3_ 0.1_ 1.0)
215.5048,-0.338316,1.16773,9.620147,354.429,343.7166,2.764784,(-0.3_ 0.1_ 1.0)
215.5181,-0.338311,1.167524,9.71324,354.6019,343.6616,2.801938,(-0.3_ 0.1_ 1.0)
215.5269,-0.33833,1.167314,9.774993,354.8032,343.5325,2.834269,(-0.3_ 0.1_ 1.0)
215.5384,-0.338346,1.167112,9.855416,354.9928,343.4057,2.849868,(-0.3_ 0.1_ 1.0)
215.5493,-0.33837,1.166903,9.931363,355.1602,343.2585,2.879618,(-0.3_ 0.1_ 1.0)
215.5606,-0.338467,1.166703,10.01028,355.3079,343.0699,2.878995,(-0.3_ 0.1_ 1.0)
215.5721,-0.338573,1.16653,10.09078,355.4474,342.8941,2.872975,(-0.3_ 0.1_ 1.0)
215.5823,-0.338599,1.166447,10.16189,355.5848,342.6725,2.887152,(-0.3_ 0.1_ 1.0)
215.5941,-0.338729,1.166331,10.24427,355.6883,342.4602,2.911925,(-0.3_ 0.1_ 1.0)
215.6051,-0.338936,1.166183,10.32161,355.7462,342.2196,2.926075,(-0.3_ 0.1_ 0.9)
215.6161,-0.339077,1.166118,10.39787,355.8489,341.9554,2.947214,(-0.3_ 0.1_ 0.9)
215.6269,-0.339231,1.166061,10.47373,355.8949,341.7024,3.011205,(-0.3_ 0.1_ 0.9)
215.6384,-0.339467,1.165976,10.55383,355.8998,341.4542,3.062129,(-0.3_ 0.1_ 0.9)
215.6491,-0.339726,1.165953,10.62862,355.928,341.1421,3.116223,(-0.3_ 0.1_ 0.9)
215.6609,-0.339956,1.165932,10.71102,355.9369,340.8438,3.192552,(-0.3_ 0.1_ 0.9)
215.6718,-0.340203,1.165892,10.78723,355.9231,340.5101,3.295579,(-0.3_ 0.1_ 0.9)
215.6826,-0.340563,1.165861,10.86251,355.8923,340.1975,3.403534,(-0.3_ 0.1_ 0.9)
215.6944,-0.340877,1.165886,10.94522,355.8639,339.9101,3.492487,(-0.3_ 0.1_ 0.9)
215.705,-0.341126,1.165951,11.01943,355.8006,339.6049,3.566589,(-0.3_ 0.1_ 0.9)
215.7185,-0.34138,1.166001,11.11361,355.6881,339.2903,3.643403,(-0.4_ 0.1_ 0.9)
215.7272,-0.34165,1.166154,11.17465,355.6172,339.0452,3.701618,(-0.4_ 0.1_ 0.9)
215.7388,-0.341893,1.166295,11.25617,355.5035,338.8354,3.759869,(-0.4_ 0.1_ 0.9)
215.7491,-0.342065,1.16647,11.3283,355.3869,338.6287,3.806543,(-0.4_ 0.1_ 0.9)
215.7608,-0.342293,1.166553,11.4099,355.2476,338.4677,3.857652,(-0.4_ 0.1_ 0.9)
215.772,-0.342403,1.166652,11.48884,355.1742,338.32,3.939863,(-0.4_ 0.1_ 0.9)
215.7824,-0.342423,1.166739,11.56168,355.106,338.2269,3.972697,(-0.4_ 0.1_ 0.9)
215.7942,-0.342483,1.166819,11.64407,355.0512,338.1582,4.014522,(-0.4_ 0.1_ 0.9)
215.8049,-0.342563,1.166892,11.71967,355.0074,338.0798,4.007248,(-0.4_ 0.1_ 0.9)
215.8163,-0.342618,1.166963,11.79925,354.9473,338.0354,3.98391,(-0.4_ 0.1_ 0.9)
215.827,-0.342587,1.167051,11.87453,354.9361,337.9857,3.950635,(-0.4_ 0.1_ 0.9)
215.8384,-0.342608,1.167098,11.95437,354.9228,337.9493,3.905072,(-0.4_ 0.1_ 0.9)
215.8494,-0.342601,1.167127,12.0316,354.9454,337.894,3.857474,(-0.4_ 0.1_ 0.9)
215.8608,-0.342549,1.167168,12.11176,354.9717,337.8542,3.805747,(-0.4_ 0.1_ 0.9)
215.872,-0.342542,1.167197,12.19052,355.0176,337.8216,3.759485,(-0.4_ 0.1_ 0.9)
215.8826,-0.342591,1.16714,12.26436,355.0369,337.7952,3.745867,(-0.4_ 0.1_ 0.9)
215.8943,-0.342579,1.167106,12.34672,355.0773,337.7723,3.704262,(-0.4_ 0.1_ 0.9)
215.905,-0.342458,1.167083,12.42191,355.1186,337.7269,3.664959,(-0.4_ 0.1_ 0.9)
215.918,-0.342408,1.167005,12.51293,355.1278,337.7306,3.630705,(-0.4_ 0.1_ 0.9)
215.927,-0.342364,1.166948,12.57638,355.1375,337.7513,3.615532,(-0.4_ 0.1_ 0.9)
215.9389,-0.34217,1.166868,12.65984,355.1451,337.7687,3.553515,(-0.4_ 0.1_ 0.9)
215.9493,-0.34196,1.166795,12.73219,355.1334,337.8511,3.446906,(-0.4_ 0.1_ 0.9)
215.9609,-0.341778,1.166744,12.81357,355.1449,338.0214,3.360261,(-0.4_ 0.1_ 0.9)
215.9724,-0.34149,1.166742,12.89419,355.1661,338.2042,3.21141,(-0.4_ 0.1_ 0.9)
215.9825,-0.341179,1.16676,12.96503,355.1906,338.4833,3.041093,(-0.4_ 0.1_ 0.9)
215.9943,-0.340847,1.166733,13.04762,355.2101,338.7919,2.905206,(-0.4_ 0.1_ 0.9)
216.0048,-0.340534,1.166709,13.12145,355.2306,339.0984,2.806919,(-0.4_ 0.1_ 0.9)
216.0165,-0.340144,1.166701,13.20321,355.1719,339.3987,2.809642,(-0.4_ 0.1_ 0.9)
216.0271,-0.339786,1.166816,13.27783,355.1106,339.7145,2.771619,(-0.3_ 0.1_ 0.9)
216.0387,-0.33944,1.167007,13.35887,354.9747,339.9881,2.773487,(-0.3_ 0.1_ 0.9)
216.0496,-0.339146,1.167242,13.43515,354.8123,340.2784,2.713896,(-0.3_ 0.1_ 0.9)
216.0606,-0.338791,1.167519,13.51244,354.6244,340.6085,2.683182,(-0.3_ 0.1_ 0.9)
216.072,-0.338515,1.16777,13.5923,354.4358,340.9465,2.592665,(-0.3_ 0.1_ 0.9)
216.083,-0.338295,1.167985,13.66985,354.2777,341.3008,2.543907,(-0.3_ 0.1_ 0.9)
216.0942,-0.338002,1.16819,13.74798,354.1042,341.6387,2.474897,(-0.3_ 0.1_ 0.9)
216.1054,-0.337695,1.168406,13.82698,353.9518,342.0233,2.407523,(-0.3_ 0.1_ 0.9)
216.1186,-0.337418,1.168589,13.91936,353.7928,342.381,2.346682,(-0.3_ 0.1_ 0.9)
216.1269,-0.337145,1.168772,13.97747,353.6439,342.7449,2.297703,(-0.3_ 0.1_ 0.9)
216.1384,-0.336898,1.168935,14.05825,353.5066,343.2035,2.26142,(-0.3_ 0.1_ 1.0)
216.1494,-0.336599,1.169109,14.13577,353.3783,343.5875,2.166471,(-0.3_ 0.1_ 1.0)
216.1607,-0.336359,1.169281,14.21512,353.2833,343.9857,2.120306,(-0.3_ 0.1_ 1.0)
216.1716,-0.336049,1.169483,14.29179,353.1817,344.3488,2.102734,(-0.3_ 0.1_ 1.0)
216.1826,-0.335692,1.169744,14.3691,353.1064,344.7074,2.04222,(-0.3_ 0.1_ 1.0)
216.1942,-0.335349,1.169884,14.45045,352.9898,345.0766,2.029611,(-0.3_ 0.1_ 1.0)
216.2051,-0.335028,1.170014,14.5266,352.9395,345.4563,1.950792,(-0.2_ 0.1_ 1.0)
216.2163,-0.334636,1.170128,14.60555,352.908,345.8925,1.867871,(-0.2_ 0.1_ 1.0)
216.2273,-0.334209,1.170255,14.68293,352.8458,346.3195,1.730059,(-0.2_ 0.1_ 1.0)
216.239,-0.333793,1.170373,14.7653,352.7522,346.7643,1.625908,(-0.2_ 0.1_ 1.0)
216.2491,-0.333414,1.170505,14.83632,352.6484,347.2039,1.518305,(-0.2_ 0.1_ 1.0)
216.261,-0.332962,1.170643,14.91932,352.5459,347.6182,1.433092,(-0.2_ 0.1_ 1.0)
216.2719,-0.332583,1.170727,14.99643,352.4305,348.0397,1.375976,(-0.2_ 0.1_ 1.0)
216.2827,-0.332266,1.170838,15.07175,352.3651,348.4028,1.283983,(-0.2_ 0.1_ 1.0)
216.2943,-0.331916,1.170909,15.1539,352.2798,348.7736,1.213555,(-0.2_ 0.1_ 1.0)
216.3049,-0.331534,1.170979,15.2278,352.2216,349.1421,1.132303,(-0.2_ 0.1_ 1.0)
216.3164,-0.33122,1.170994,15.3089,352.2175,349.4601,1.056293,(-0.2_ 0.1_ 1.0)
216.3293,-0.330972,1.17098,15.39918,352.2423,349.7801,0.969796,(-0.2_ 0.1_ 1.0)
216.3386,-0.330727,1.170896,15.46503,352.2941,350.0262,0.911711,(-0.2_ 0.1_ 1.0)
216.3496,-0.33052,1.170796,15.5421,352.3757,350.2531,0.875148,(-0.2_ 0.1_ 1.0)
216.3608,-0.330429,1.170718,15.62094,352.4839,350.473,0.818475,(-0.2_ 0.1_ 1.0)
216.3726,-0.330279,1.170622,15.70397,352.5771,350.5823,0.815962,(-0.2_ 0.1_ 1.0)
216.3828,-0.330154,1.170578,15.77571,352.6563,350.6987,0.790776,(-0.2_ 0.1_ 1.0)
216.3942,-0.330101,1.170525,15.85589,352.7342,350.7174,0.805019,(-0.2_ 0.1_ 1.0)
216.4052,-0.330129,1.170445,15.9332,352.8121,350.7095,0.814299,(-0.2_ 0.1_ 1.0)
216.4165,-0.330127,1.170371,16.01246,352.8969,350.6474,0.857847,(-0.2_ 0.1_ 1.0)
216.4272,-0.330176,1.170279,16.08776,352.9627,350.5987,0.875113,(-0.2_ 0.1_ 1.0)
216.4389,-0.330194,1.170201,16.17016,353.067,350.4937,0.904337,(-0.2_ 0.1_ 1.0)
216.4497,-0.33023,1.170088,16.24563,353.1674,350.3946,0.941674,(-0.2_ 0.1_ 1.0)
216.4609,-0.330204,1.169972,16.32423,353.2497,350.2864,0.951559,(-0.2_ 0.1_ 1.0)
216.4719,-0.330184,1.169876,16.4018,353.3736,350.2128,0.972742,(-0.2_ 0.1_ 1.0)
216.483,-0.330217,1.169731,16.47947,353.4539,350.1238,0.982674,(-0.2_ 0.1_ 1.0)
216.4944,-0.330166,1.169639,16.56013,353.5463,350.0618,0.960815,(-0.2_ 0.1_ 1.0)
216.5055,-0.330062,1.16953,16.63759,353.5771,350.0197,0.951659,(-0.2_ 0.1_ 1.0)
216.5164,-0.329934,1.169474,16.71466,353.6458,349.961,0.919708,(-0.2_ 0.1_ 1.0)
216.5297,-0.329859,1.169409,16.80785,353.6876,349.9639,0.89522,(-0.2_ 0.1_ 1.0)
216.5389,-0.329754,1.169391,16.87212,353.7309,349.965,0.829411,(-0.2_ 0.1_ 1.0)
216.5495,-0.329582,1.169387,16.94678,353.7458,349.9777,0.805834,(-0.2_ 0.1_ 1.0)
216.5611,-0.329499,1.169392,17.02838,353.757,350.023,0.752368,(-0.2_ 0.1_ 1.0)
216.5724,-0.329331,1.16942,17.10792,353.7677,350.0734,0.723133,(-0.2_ 0.1_ 1.0)
216.5827,-0.329121,1.169462,17.18035,353.7752,350.1198,0.659655,(-0.2_ 0.1_ 1.0)
216.5942,-0.328951,1.169492,17.26053,353.778,350.1705,0.634672,(-0.2_ 0.1_ 1.0)
216.6055,-0.328869,1.169541,17.34011,353.7493,350.2259,0.574907,(-0.2_ 0.1_ 1.0)
216.6166,-0.328721,1.169576,17.41778,353.7612,350.2514,0.520823,(-0.2_ 0.1_ 1.0)
216.6272,-0.328571,1.16955,17.49225,353.7921,350.2958,0.465041,(-0.2_ 0.1_ 1.0)
216.6389,-0.328471,1.169496,17.57428,353.8694,350.4005,0.4383,(-0.2_ 0.1_ 1.0)
216.6495,-0.328358,1.169429,17.64872,353.914,350.4513,0.41005,(-0.2_ 0.1_ 1.0)
216.6618,-0.328217,1.169429,17.7352,353.9756,350.4949,0.381502,(-0.2_ 0.1_ 1.0)
216.6722,-0.328127,1.169379,17.80787,353.9707,350.5182,0.381929,(-0.2_ 0.1_ 1.0)
216.683,-0.328136,1.169357,17.88358,353.9839,350.5347,0.407501,(-0.2_ 0.1_ 1.0)
216.6945,-0.328097,1.169336,17.96438,353.9736,350.5212,0.389706,(-0.2_ 0.1_ 1.0)
216.7053,-0.32795,1.169307,18.04021,354.0206,350.5412,0.371945,(-0.2_ 0.1_ 1.0)
216.7164,-0.327838,1.169237,18.11827,354.0875,350.5662,0.370741,(-0.2_ 0.1_ 1.0)
216.7275,-0.32782,1.16916,18.19579,354.1365,350.6155,0.29474,(-0.2_ 0.1_ 1.0)
216.7415,-0.327672,1.169137,18.29384,354.2274,350.6597,0.283252,(-0.2_ 0.1_ 1.0)
216.7496,-0.327598,1.169043,18.35097,354.2691,350.6969,0.234459,(-0.2_ 0.1_ 1.0)
216.7608,-0.327621,1.168967,18.42941,354.3556,350.7599,0.177911,(-0.2_ 0.1_ 1.0)
216.7724,-0.327562,1.168909,18.51039,354.439,350.7899,0.10766,(-0.2_ 0.1_ 1.0)
216.7831,-0.327508,1.168889,18.58497,354.5027,350.9011,0.082866,(-0.2_ 0.1_ 1.0)
216.7944,-0.327528,1.168872,18.66438,354.5512,350.9734,0.056812,(-0.2_ 0.1_ 1.0)
216.8057,-0.327614,1.168827,18.74341,354.5484,351.0257,0.049097,(-0.2_ 0.1_ 1.0)
216.8172,-0.327644,1.168799,18.82425,354.5688,351.0566,0.064909,(-0.2_ 0.1_ 1.0)
216.8272,-0.327666,1.168769,18.8938,354.603,351.1007,0.10566,(-0.2_ 0.1_ 1.0)
216.839,-0.327795,1.168714,18.97641,354.6499,351.161,0.130341,(-0.2_ 0.1_ 1.0)
216.8498,-0.327947,1.168656,19.05253,354.6841,351.1833,0.173423,(-0.2_ 0.1_ 1.0)
216.8609,-0.328065,1.168641,19.13007,354.7313,351.1547,0.23599,(-0.2_ 0.1_ 1.0)
216.8725,-0.32829,1.168567,19.21122,354.7583,351.167,0.335968,(-0.2_ 0.1_ 1.0)
216.8829,-0.328563,1.168482,19.28435,354.7856,351.1159,0.456159,(-0.2_ 0.1_ 1.0)
216.8944,-0.328784,1.168448,19.36458,354.8166,351.0539,0.55316,(-0.2_ 0.1_ 1.0)
216.9056,-0.328989,1.168449,19.44315,354.8124,350.9589,0.623491,(-0.2_ 0.1_ 1.0)
216.9174,-0.329246,1.168482,19.52594,354.8381,350.8379,0.702074,(-0.2_ 0.1_ 1.0)
216.9276,-0.329577,1.168525,19.59696,354.8612,350.7185,0.798626,(-0.2_ 0.1_ 1.0)
216.9415,-0.329802,1.168568,19.69447,354.8753,350.5456,0.868484,(-0.2_ 0.1_ 1.0)
216.9556,-0.33011,1.168572,19.79271,354.9015,350.3571,0.925097,(-0.2_ 0.1_ 1.0)
216.9603,-0.330513,1.168572,19.82605,354.9697,350.1506,0.983184,(-0.2_ 0.1_ 1.0)
216.9734,-0.330824,1.168562,19.91759,355.012,349.9301,1.043909,(-0.2_ 0.1_ 1.0)
216.9836,-0.331051,1.168568,19.98899,355.0596,349.6881,1.103878,(-0.2_ 0.1_ 1.0)
216.9945,-0.33136,1.168507,20.06544,355.0918,349.4639,1.151729,(-0.2_ 0.1_ 1.0)
217.0057,-0.331702,1.168432,20.14348,355.1335,349.229,1.255574,(-0.2_ 0.1_ 1.0)
217.0166,-0.331997,1.168345,20.21993,355.1843,348.9957,1.3326,(-0.2_ 0.1_ 1.0)
217.0276,-0.332138,1.16824,20.29695,355.2125,348.7905,1.422781,(-0.2_ 0.1_ 1.0)
217.0391,-0.332158,1.168078,20.3776,355.2151,348.5974,1.485621,(-0.2_ 0.1_ 1.0)
217.0496,-0.332092,1.167979,20.45064,355.2627,348.4267,1.573016,(-0.2_ 0.1_ 1.0)
217.0611,-0.331845,1.167832,20.53159,355.2643,348.2579,1.624159,(-0.2_ 0.1_ 1.0)
217.0723,-0.3314,1.167692,20.60955,355.2857,348.0742,1.715377,(-0.2_ 0.1_ 1.0)
217.0831,-0.330833,1.167576,20.68495,355.3,347.915,1.794042,(-0.2_ 0.1_ 1.0)
217.0944,-0.330066,1.167472,20.76421,355.2853,347.7313,1.852984,(-0.2_ 0.1_ 1.0)
217.1057,-0.329134,1.167397,20.84336,355.2711,347.5751,1.952512,(-0.2_ 0.1_ 1.0)
217.1164,-0.328112,1.167358,20.91828,355.2513,347.4025,2.004237,(-0.2_ 0.1_ 1.0)
217.1272,-0.32686,1.16738,20.99389,355.2457,347.1995,2.074438,(-0.2_ 0.1_ 1.0)
217.1385,-0.3254,1.167425,21.07332,355.2221,346.9739,2.112328,(-0.2_ 0.1_ 1.0)
217.1518,-0.323475,1.167466,21.16632,355.1541,346.7619,2.16709,(-0.2_ 0.1_ 1.0)
217.1615,-0.321951,1.167595,21.23458,355.1211,346.5019,2.181956,(-0.2_ 0.1_ 1.0)
217.1722,-0.320097,1.167716,21.30934,355.0858,346.2457,2.205281,(-0.2_ 0.1_ 1.0)
217.1826,-0.31811,1.16784,21.38239,355.0566,345.9941,2.223039,(-0.2_ 0.1_ 1.0)
217.1943,-0.315646,1.167938,21.4646,355.031,345.7263,2.206084,(-0.2_ 0.1_ 1.0)
217.205,-0.313254,1.167986,21.53963,354.9924,345.5165,2.215331,(-0.2_ 0.1_ 1.0)
217.2167,-0.31037,1.168058,21.62138,355.0101,345.2789,2.182167,(-0.3_ 0.1_ 1.0)
217.227,-0.307647,1.168048,21.6939,355.0226,345.0915,2.132185,(-0.3_ 0.1_ 1.0)
217.2384,-0.30439,1.16799,21.77383,355.0453,344.9191,2.098148,(-0.3_ 0.1_ 1.0)
217.2493,-0.30108,1.167864,21.85002,355.0804,344.8029,2.067543,(-0.3_ 0.1_ 1.0)
217.2611,-0.297223,1.167711,21.93252,355.1322,344.6782,2.020922,(-0.3_ 0.1_ 1.0)
217.2722,-0.293301,1.167569,22.01069,355.209,344.5468,1.989911,(-0.3_ 0.1_ 1.0)
217.2829,-0.289357,1.167368,22.08589,355.2426,344.4781,1.975484,(-0.3_ 0.1_ 1.0)
217.2942,-0.284953,1.167199,22.16463,355.3085,344.4347,1.934251,(-0.3_ 0.1_ 1.0)
217.3047,-0.280503,1.167078,22.23874,355.4133,344.3626,1.900941,(-0.3_ 0.1_ 1.0)
217.3166,-0.275262,1.166937,22.32164,355.4717,344.356,1.877923,(-0.3_ 0.1_ 1.0)
217.327,-0.270385,1.166812,22.39501,355.5294,344.3759,1.874561,(-0.3_ 0.1_ 1.0)
217.3387,-0.264614,1.16671,22.47658,355.5917,344.3825,1.893018,(-0.3_ 0.1_ 1.0)
217.3515,-0.257908,1.166646,22.56648,355.6645,344.4034,1.888322,(-0.3_ 0.1_ 1.0)
217.361,-0.252661,1.166566,22.63364,355.7107,344.4481,1.885231,(-0.3_ 0.1_ 1.0)
217.3723,-0.246186,1.166543,22.71231,355.7672,344.4582,1.865366,(-0.3_ 0.1_ 1.0)
217.3824,-0.240099,1.166532,22.78364,355.8019,344.53,1.857362,(-0.3_ 0.1_ 1.0)
217.3943,-0.23265,1.166556,22.86735,355.8131,344.5799,1.816682,(-0.3_ 0.1_ 1.0)
217.405,-0.225695,1.16659,22.94187,355.8488,344.6265,1.791635,(-0.3_ 0.1_ 1.0)
217.4171,-0.217422,1.166639,23.02703,355.8592,344.6469,1.713443,(-0.3_ 0.1_ 1.0)
217.4276,-0.210103,1.166687,23.10037,355.8496,344.7336,1.686655,(-0.3_ 0.1_ 1.0)
217.4386,-0.202057,1.166724,23.17771,355.7931,344.7948,1.608619,(-0.3_ 0.1_ 1.0)
217.4493,-0.193972,1.166758,23.25287,355.7575,344.8589,1.575781,(-0.3_ 0.1_ 1.0)
217.4606,-0.185109,1.166779,23.33246,355.7157,344.917,1.525297,(-0.3_ 0.1_ 1.0)
217.4719,-0.176063,1.166801,23.4113,355.6945,345.0027,1.472316,(-0.3_ 0.1_ 1.0)
217.4825,-0.167296,1.166765,23.48524,355.6596,345.1176,1.434282,(-0.3_ 0.1_ 1.0)
217.494,-0.1574,1.166737,23.56616,355.6729,345.2424,1.403548,(-0.3_ 0.1_ 1.0)
217.5051,-0.147596,1.166659,23.64369,355.6653,345.44,1.385975,(-0.3_ 0.1_ 1.0)
217.5161,-0.13751,1.166604,23.72095,355.7012,345.6476,1.36434,(-0.2_ 0.1_ 1.0)
217.5269,-0.127316,1.166539,23.7966,355.7199,345.8545,1.321939,(-0.2_ 0.1_ 1.0)
217.5386,-0.116043,1.166465,23.87825,355.7222,346.1484,1.294673,(-0.2_ 0.1_ 1.0)
217.5491,-0.105574,1.166415,23.95174,355.7465,346.4457,1.255788,(-0.2_ 0.1_ 1.0)
217.5628,-0.091587,1.166402,24.04723,355.801,346.7119,1.206913,(-0.2_ 0.1_ 1.0)
217.5716,-0.082184,1.166347,24.10925,355.8174,347.009,1.161442,(-0.2_ 0.1_ 1.0)
217.5824,-0.070495,1.166326,24.18479,355.8959,347.2935,1.076234,(-0.2_ 0.1_ 1.0)
217.5947,-0.057035,1.166272,24.2702,355.9567,347.6396,1.011272,(-0.2_ 0.1_ 1.0)
217.605,-0.045281,1.166207,24.34246,356.0135,347.9349,0.942305,(-0.2_ 0.1_ 1.0)
217.6163,-0.032161,1.166184,24.42146,356.0821,348.2186,0.851575,(-0.2_ 0.1_ 1.0)
217.627,-0.019523,1.166165,24.49586,356.1361,348.5203,0.787532,(-0.2_ 0.1_ 1.0)
217.6387,-0.005425,1.16615,24.577,356.1825,348.7976,0.704585,(-0.2_ 0.1_ 1.0)
217.6492,0.007626,1.166157,24.65029,356.212,349.0467,0.648371,(-0.2_ 0.1_ 1.0)
217.6609,0.022405,1.166169,24.73178,356.2307,349.3198,0.617697,(-0.2_ 0.1_ 1.0)
217.6719,0.036524,1.166179,24.80801,356.2253,349.5928,0.590067,(-0.2_ 0.1_ 1.0)
217.6827,0.050852,1.166181,24.8836,356.2268,349.8346,0.568015,(-0.2_ 0.1_ 1.0)
217.694,0.065885,1.166228,24.96133,356.2493,350.0679,0.536227,(-0.2_ 0.1_ 1.0)
217.705,0.081075,1.166221,25.03829,356.222,350.3145,0.543257,(-0.2_ 0.1_ 1.0)
217.7165,0.09709,1.166236,25.11795,356.19,350.5719,0.549804,(-0.2_ 0.1_ 1.0)
217.7274,0.112575,1.166286,25.19313,356.1824,350.7908,0.565291,(-0.2_ 0.1_ 1.0)
217.7392,0.129659,1.166329,25.27489,356.1367,351.0432,0.564247,(-0.2_ 0.1_ 1.0)
217.7497,0.1451,1.16636,25.34731,356.0572,351.2654,0.58619,(-0.2_ 0.1_ 1.0)
217.763,0.165,1.166404,25.43894,355.9948,351.4569,0.597494,(-0.1_ 0.1_ 1.0)
217.7724,0.179509,1.166464,25.50417,355.9325,351.6075,0.642683,(-0.1_ 0.1_ 1.0)
217.7828,0.195759,1.166533,25.57632,355.852,351.7778,0.631724,(-0.1_ 0.1_ 1.0)
217.7946,0.214321,1.166625,25.65725,355.7886,351.91,0.620337,(-0.1_ 0.1_ 1.0)
217.8051,0.231334,1.166677,25.73012,355.6875,352.0311,0.594959,(-0.1_ 0.1_ 1.0)
217.8167,0.25013,1.166718,25.80925,355.5994,352.148,0.595968,(-0.1_ 0.1_ 1.0)
217.8275,0.268227,1.16679,25.88397,355.5829,352.2512,0.575611,(-0.1_ 0.1_ 1.0)
217.839,0.287634,1.166793,25.96283,355.5366,352.3693,0.525791,(-0.1_ 0.1_ 1.0)
217.8497,0.306016,1.166779,26.03637,355.5515,352.5211,0.503774,(-0.1_ 0.1_ 1.0)
217.8613,0.326324,1.166767,26.11613,355.5659,352.6434,0.48398,(-0.1_ 0.1_ 1.0)
217.8725,0.346017,1.166747,26.19232,355.5697,352.7851,0.453631,(-0.1_ 0.1_ 1.0)
217.8829,0.36488,1.166732,26.26411,355.5709,352.9168,0.451665,(-0.1_ 0.1_ 1.0)
217.8942,0.385531,1.166721,26.34146,355.556,353.0375,0.441965,(-0.1_ 0.1_ 1.0)
217.9056,0.406631,1.166728,26.41923,355.5224,353.1399,0.457036,(-0.1_ 0.1_ 1.0)
217.9168,0.427637,1.166768,26.4956,355.4696,353.2303,0.468519,(-0.1_ 0.1_ 1.0)
217.928,0.448979,1.166823,26.5721,355.4167,353.3311,0.500753,(-0.1_ 0.1_ 1.0)
217.9394,0.47102,1.166869,26.64995,355.3712,353.4243,0.522506,(-0.1_ 0.1_ 1.0)
217.9497,0.491135,1.166894,26.72007,355.3131,353.5161,0.525856,(-0.1_ 0.1_ 1.0)
217.9633,0.517998,1.166912,26.81216,355.2871,353.5771,0.541108,(-0.1_ 0.1_ 1.0)
217.9722,0.535837,1.166908,26.8727,355.2715,353.6814,0.534774,(-0.1_ 0.1_ 1.0)
217.9829,0.557665,1.166869,26.94558,355.2812,353.7562,0.514981,(-0.1_ 0.1_ 1.0)
217.9943,0.58114,1.166862,27.02293,355.3297,353.8478,0.470328,(-0.1_ 0.1_ 1.0)
218.0052,0.60383,1.166798,27.09662,355.3564,353.9354,0.43856,(-0.1_ 0.1_ 1.0)
218.0165,0.627771,1.166761,27.17354,355.4005,354.0811,0.377578,(-0.1_ 0.1_ 1.0)
218.0275,0.651212,1.166721,27.24762,355.4596,354.1631,0.310137,(-0.1_ 0.1_ 1.0)
218.0389,0.675921,1.166637,27.32486,355.4846,354.316,0.281043,(-0.1_ 0.1_ 1.0)
218.0497,0.699468,1.166604,27.39745,355.5568,354.4305,0.240435,(-0.1_ 0.1_ 1.0)
218.0612,0.724834,1.166521,27.47483,355.5854,354.5939,0.239268,(-0.1_ 0.1_ 1.0)
218.0725,0.750006,1.166478,27.55066,355.6354,354.7393,0.20848,(-0.1_ 0.1_ 1.0)
218.0829,0.773683,1.166406,27.62109,355.6712,354.8764,0.232818,(-0.1_ 0.1_ 1.0)
218.0942,0.799332,1.166368,27.69645,355.7231,355.02,0.247194,(-0.1_ 0.1_ 1.0)
218.1053,0.825121,1.166313,27.77127,355.7514,355.1821,0.290265,(-0.1_ 0.1_ 1.0)
218.1166,0.851431,1.166296,27.84676,355.7986,355.3205,0.318441,(-0.1_ 0.1_ 1.0)
218.1272,0.876427,1.166265,27.91775,355.8384,355.4791,0.358278,(-0.1_ 0.1_ 1.0)
218.1388,0.903974,1.166206,27.99495,355.8481,355.5998,0.414455,(-0.1_ 0.1_ 1.0)
218.1496,0.930099,1.166192,28.06735,355.8913,355.7044,0.465909,(-0.1_ 0.1_ 1.0)
218.161,0.957786,1.166154,28.14327,355.8994,355.8177,0.527141,(-0.1_ 0.1_ 1.0)
218.1746,0.991009,1.166131,28.23311,355.9186,355.8985,0.581918,(-0.1_ 0.1_ 1.0)
218.1826,1.010913,1.166134,28.28651,355.9473,355.9176,0.627835,(-0.1_ 0.1_ 1.0)
218.1943,1.040264,1.166107,28.36421,355.9356,355.9484,0.683995,(-0.1_ 0.1_ 1.0)
218.2053,1.068065,1.166119,28.43696,355.9449,355.9457,0.760245,(-0.1_ 0.1_ 1.0)
218.2166,1.096917,1.166156,28.51171,355.9479,355.9422,0.79178,(-0.1_ 0.1_ 1.0)
218.2274,1.124624,1.166173,28.58272,355.9367,355.9357,0.842371,(-0.1_ 0.1_ 1.0)
218.239,1.155082,1.166185,28.65974,355.9227,355.865,0.883216,(-0.1_ 0.1_ 1.0)
218.2499,1.183601,1.166207,28.73114,355.9294,355.7992,0.925725,(-0.1_ 0.1_ 1.0)
218.2612,1.213445,1.166213,28.80509,355.9377,355.7465,0.968964,(-0.1_ 0.1_ 1.0)
218.2726,1.244215,1.166208,28.88038,355.9412,355.6674,1.028481,(-0.1_ 0.1_ 1.0)
218.2831,1.272454,1.166196,28.94886,355.9516,355.605,1.079719,(-0.1_ 0.1_ 1.0)
218.2944,1.303242,1.1662,29.02269,355.9832,355.5635,1.15107,(-0.1_ 0.1_ 1.0)
218.3055,1.333821,1.166208,29.09502,356.0127,355.4589,1.213785,(-0.1_ 0.1_ 1.0)
218.3163,1.364005,1.166183,29.16569,356.0113,355.3987,1.273074,(-0.1_ 0.1_ 1.0)
218.3273,1.394755,1.166181,29.23696,356.0374,355.3733,1.315976,(-0.1_ 0.1_ 1.0)
218.339,1.427897,1.166142,29.31276,356.0396,355.3271,1.372145,(-0.1_ 0.1_ 1.0)
218.3498,1.458628,1.166107,29.3823,356.0555,355.3009,1.438905,(-0.1_ 0.1_ 1.0)
218.3611,1.49114,1.166055,29.45513,356.0938,355.3385,1.480604,(-0.1_ 0.1_ 1.0)
218.3747,1.530709,1.165966,29.54272,356.1121,355.3814,1.532138,(-0.1_ 0.1_ 1.0)
218.3826,1.554092,1.165894,29.5939,356.1794,355.3769,1.55211,(-0.1_ 0.1_ 1.0)
218.3943,1.588588,1.165791,29.6686,356.2437,355.4447,1.5983,(-0.1_ 0.1_ 1.0)
218.4052,1.62132,1.16568,29.73873,356.3066,355.5381,1.624543,(-0.1_ 0.1_ 1.0)
218.4164,1.655042,1.165599,29.81019,356.3971,355.6409,1.63204,(-0.1_ 0.1_ 1.0)
218.4279,1.689775,1.165502,29.88303,356.4734,355.7692,1.651848,(-0.1_ 0.1_ 1.0)
218.4389,1.723657,1.165395,29.95328,356.5385,355.8864,1.662452,(-0.1_ 0.1_ 1.0)
218.4497,1.75692,1.165299,30.02163,356.6082,356.0616,1.664129,(-0.1_ 0.1_ 1.0)
218.4609,1.791898,1.165203,30.09266,356.661,356.2304,1.687646,(-0.1_ 0.1_ 1.0)
218.4722,1.82735,1.165122,30.1639,356.7162,356.4012,1.708798,(-0.1_ 0.1_ 1.0)
218.4831,1.862038,1.16504,30.23286,356.7466,356.5758,1.738496,(-0.1_ 0.1_ 1.0)
218.4945,1.898253,1.164983,30.30419,356.7844,356.7856,1.767526,(-0.1_ 0.1_ 1.0)
218.5055,1.933668,1.164905,30.37325,356.7762,356.9852,1.811779,(-0.1_ 0.1_ 1.0)
218.5168,1.970343,1.164858,30.44401,356.7678,357.1711,1.852085,(0.0_ 0.1_ 1.0)
218.5277,2.006019,1.164816,30.51217,356.7249,357.3452,1.900645,(0.0_ 0.1_ 1.0)
218.539,2.043222,1.164834,30.58256,356.6743,357.5144,1.957845,(0.0_ 0.1_ 1.0)
218.5499,2.079566,1.164853,30.65072,356.5867,357.6851,2.022895,(0.0_ 0.1_ 1.0)
218.5615,2.118237,1.164923,30.72257,356.4972,357.8284,2.072388,(0.0_ 0.1_ 1.0)
218.5746,2.162426,1.164998,30.80386,356.3975,357.9699,2.135126,(0.0_ 0.1_ 1.0)
218.5829,2.190722,1.165102,30.85546,356.2885,358.0986,2.162758,(0.0_ 0.1_ 1.0)
218.5946,2.230753,1.165216,30.92782,356.179,358.2199,2.184623,(0.0_ 0.1_ 1.0)
218.6057,2.268654,1.165317,30.99568,356.0678,358.3406,2.265644,(0.0_ 0.1_ 1.0)
218.6167,2.30708,1.165421,31.06393,355.9545,358.4557,2.309497,(0.0_ 0.1_ 1.0)
218.6275,2.344529,1.165536,31.1298,355.845,358.5346,2.347553,(0.0_ 0.1_ 1.0)
218.6391,2.385242,1.165638,31.20081,355.7307,358.6386,2.410763,(0.0_ 0.1_ 1.0)
218.6498,2.423413,1.165759,31.26668,355.6581,358.6914,2.426358,(0.0_ 0.1_ 1.0)
218.6611,2.463394,1.165827,31.3352,355.545,358.7833,2.479919,(0.0_ 0.1_ 1.0)
218.6724,2.504134,1.165897,31.4044,355.4713,358.8588,2.516134,(0.0_ 0.1_ 1.0)
218.6832,2.543153,1.165951,31.4701,355.3934,358.9276,2.550435,(0.0_ 0.1_ 1.0)
218.6946,2.584359,1.166015,31.53889,355.3493,359.0071,2.601246,(0.0_ 0.1_ 1.0)
218.7054,2.624011,1.16604,31.60449,355.2949,359.0714,2.664338,(0.0_ 0.1_ 1.0)
218.7177,2.669114,1.166034,31.67852,355.2334,359.1376,2.710598,(0.0_ 0.1_ 1.0)
218.7275,2.705343,1.166014,31.73752,355.19,359.2121,2.734427,(0.0_ 0.1_ 1.0)
218.7394,2.749611,1.165976,31.80892,355.1322,359.2551,2.788235,(0.0_ 0.1_ 1.0)
218.7499,2.788941,1.165961,31.87191,355.108,359.3183,2.832965,(0.0_ 0.1_ 1.0)
218.7612,2.83162,1.165937,31.93962,355.0716,359.3612,2.884007,(0.0_ 0.1_ 1.0)
218.7726,2.87481,1.165924,32.00768,355.0554,359.4496,2.925235,(0.0_ 0.1_ 1.0)
218.7858,2.92499,1.165895,32.08596,354.9988,359.4881,2.977575,(0.0_ 0.1_ 1.0)
218.7945,2.958541,1.165895,32.13801,354.9581,359.5657,3.005972,(0.0_ 0.1_ 1.0)
218.8053,2.999911,1.165893,32.20156,354.9099,359.6171,3.062148,(0.0_ 0.1_ 1.0)
218.8168,3.044552,1.165882,32.26964,354.8369,359.6827,3.106177,(0.0_ 0.1_ 1.0)
218.8273,3.085576,1.165915,32.33173,354.7818,359.759,3.144942,(0.0_ 0.1_ 1.0)
218.8393,3.132731,1.165939,32.40248,354.693,359.8192,3.182025,(0.0_ 0.1_ 1.0)
218.8499,3.174431,1.165992,32.46456,354.6185,359.8388,3.23136,(0.0_ 0.1_ 1.0)
218.8616,3.221162,1.166083,32.53357,354.5704,359.8765,3.229131,(0.0_ 0.1_ 1.0)
218.8723,3.26383,1.166125,32.59611,354.4924,359.9009,3.253284,(0.0_ 0.1_ 1.0)
218.883,3.306963,1.166181,32.65881,354.4447,359.9596,3.271575,(0.0_ 0.1_ 1.0)
218.8944,3.352808,1.166197,32.72493,354.376,0.011844,3.294096,(0.0_ 0.1_ 1.0)
218.9059,3.399557,1.166226,32.7918,354.3456,0.068287,3.312209,(0.0_ 0.1_ 1.0)
218.9169,3.444558,1.166256,32.85561,354.3171,0.096634,3.303247,(0.0_ 0.1_ 1.0)
218.9276,3.48847,1.16625,32.91739,354.2743,0.15697,3.323493,(0.0_ 0.1_ 1.0)
218.9392,3.536334,1.166263,32.98415,354.2517,0.202127,3.299621,(0.0_ 0.1_ 1.0)
218.9499,3.580841,1.166276,33.0458,354.2498,0.282466,3.304611,(0.0_ 0.1_ 1.0)
218.9613,3.628415,1.166244,33.11115,354.1999,0.336672,3.28378,(0.0_ 0.1_ 1.0)
218.9728,3.676689,1.166228,33.17688,354.191,0.403322,3.27876,(0.0_ 0.1_ 1.0)
218.9853,3.729691,1.166232,33.24846,354.1958,0.502448,3.24285,(0.0_ 0.1_ 1.0)
218.9949,3.770654,1.166204,33.3034,354.1782,0.604196,3.225557,(0.0_ 0.1_ 1.0)
219.0058,3.81707,1.166163,33.36507,354.1709,0.674757,3.211812,(0.0_ 0.1_ 1.0)
219.0169,3.864783,1.166104,33.42795,354.1577,0.820129,3.196862,(0.0_ 0.1_ 1.0)
219.0277,3.911367,1.1661,33.48878,354.1951,0.939241,3.169312,(0.0_ 0.1_ 1.0)
219.039,3.960588,1.166084,33.55257,354.2254,1.099441,3.144361,(0.0_ 0.1_ 1.0)
219.0499,4.007928,1.166046,33.6134,354.2369,1.261164,3.105073,(0.0_ 0.1_ 1.0)
219.0614,4.058633,1.166048,33.67804,354.2838,1.440713,3.068878,(0.0_ 0.1_ 1.0)
219.0725,4.107431,1.166023,33.73974,354.2964,1.594372,3.022466,(0.0_ 0.1_ 1.0)
219.0835,4.156416,1.166018,33.8013,354.318,1.822724,3.015055,(0.0_ 0.1_ 1.0)
219.0946,4.205755,1.165994,33.86267,354.3315,1.986795,2.98,(0.0_ 0.1_ 1.0)
219.1055,4.254736,1.166003,33.92324,354.3489,2.209013,2.977899,(0.0_ 0.1_ 1.0)
219.1164,4.303644,1.165994,33.98315,354.362,2.403559,2.965579,(0.0_ 0.1_ 1.0)
219.1275,4.354092,1.166004,34.04455,354.3613,2.609859,2.972334,(0.0_ 0.1_ 1.0)
219.1396,4.408855,1.166015,34.11066,354.3668,2.824134,2.973645,(0.0_ 0.1_ 1.0)
219.1502,4.457049,1.166028,34.16842,354.3677,3.033655,2.97472,(0.1_ 0.1_ 1.0)
219.1619,4.510759,1.166032,34.23219,354.3621,3.234536,2.981761,(0.1_ 0.1_ 1.0)
219.1727,4.560409,1.166045,34.29074,354.3427,3.439322,2.984111,(0.1_ 0.1_ 1.0)
219.1832,4.609146,1.16608,34.34779,354.3396,3.637632,2.988035,(0.1_ 0.1_ 1.0)
219.1967,4.671491,1.166115,34.42012,354.3135,3.803316,2.999801,(0.1_ 0.1_ 1.0)
219.2056,4.713413,1.166156,34.46848,354.307,3.978535,3.000357,(0.1_ 0.1_ 1.0)
219.217,4.766791,1.166175,34.52946,354.2932,4.119101,3.001303,(0.1_ 0.1_ 1.0)
219.2278,4.817633,1.1662,34.58715,354.2926,4.247153,3.001203,(0.1_ 0.1_ 1.0)
219.2389,4.870236,1.166204,34.6464,354.2792,4.395204,2.995358,(0.1_ 0.1_ 1.0)
219.2498,4.921743,1.166225,34.70401,354.2787,4.545666,2.995626,(0.1_ 0.1_ 1.0)
219.2614,4.977378,1.16624,34.76565,354.2862,4.654153,2.988553,(0.1_ 0.1_ 1.0)
219.2728,5.031632,1.166235,34.82529,354.3053,4.764608,3.012851,(0.1_ 0.1_ 1.0)
219.2832,5.081976,1.166211,34.88025,354.3156,4.903507,3.019573,(0.1_ 0.1_ 1.0)
219.2946,5.136623,1.166199,34.93938,354.3352,5.003868,2.980204,(0.1_ 0.1_ 1.0)
219.3057,5.190638,1.166164,34.9974,354.3626,5.148925,2.920462,(0.1_ 0.1_ 1.0)
219.317,5.245576,1.166138,35.05593,354.4026,5.271225,2.854426,(0.1_ 0.1_ 1.0)
219.328,5.299364,1.166109,35.1128,354.4403,5.414679,2.792397,(0.1_ 0.1_ 1.0)
219.3393,5.354945,1.166074,35.17113,354.465,5.55861,2.744119,(0.1_ 0.1_ 1.0)
219.35,5.407476,1.166054,35.22581,354.4851,5.696975,2.700874,(0.1_ 0.1_ 1.0)
219.3615,5.464458,1.166054,35.28469,354.5023,5.861578,2.657005,(0.1_ 0.1_ 1.0)
219.3723,5.518044,1.166065,35.33958,354.5302,5.999335,2.639359,(0.1_ 0.1_ 1.0)
219.3831,5.571961,1.16608,35.3944,354.5277,6.121269,2.631443,(0.1_ 0.1_ 1.0)
219.3946,5.629637,1.16611,35.45264,354.5314,6.302571,2.641697,(0.1_ 0.1_ 1.0)
219.4079,5.695948,1.166149,35.51898,354.5311,6.44111,2.643215,(0.1_ 0.1_ 1.0)
219.4168,5.741074,1.166218,35.56389,354.5379,6.598383,2.614494,(0.1_ 0.1_ 1.0)
219.4276,5.796107,1.166232,35.6181,354.5358,6.755326,2.636791,(0.1_ 0.1_ 1.0)
219.4392,5.854826,1.166278,35.67556,354.5458,6.910255,2.626691,(0.1_ 0.1_ 1.0)
219.4497,5.908367,1.166299,35.7276,354.5243,7.083976,2.613202,(0.1_ 0.1_ 1.0)
219.4614,5.968159,1.16633,35.78519,354.5161,7.232699,2.604521,(0.1_ 0.1_ 1.0)
219.4722,6.023774,1.166334,35.83842,354.4664,7.396838,2.595566,(0.1_ 0.1_ 1.0)
219.4834,6.081648,1.166368,35.89342,354.4439,7.540102,2.583495,(0.1_ 0.1_ 1.0)
219.4947,6.140026,1.166394,35.94841,354.4209,7.656374,2.602877,(0.1_ 0.1_ 1.0)
219.5057,6.197092,1.166434,36.00183,354.4102,7.79199,2.583937,(0.1_ 0.1_ 1.0)
219.5168,6.254848,1.166465,36.05545,354.4133,7.889647,2.596359,(0.1_ 0.1_ 1.0)
219.5275,6.310811,1.166483,36.10706,354.4126,8.022261,2.601079,(0.1_ 0.1_ 1.0)
219.5392,6.372421,1.166503,36.16349,354.4194,8.158422,2.564277,(0.1_ 0.1_ 1.0)
219.5503,6.43082,1.166536,36.21646,354.4427,8.22305,2.548665,(0.1_ 0.1_ 1.0)
219.5615,6.490003,1.166514,36.26987,354.4367,8.377163,2.538274,(0.1_ 0.1_ 1.0)
219.5724,6.548044,1.16652,36.32177,354.4592,8.46444,2.5229,(0.1_ 0.1_ 1.0)
219.5834,6.606463,1.166456,36.37364,354.4394,8.527218,2.540912,(0.1_ 0.1_ 1.0)
219.5947,6.666541,1.166448,36.42649,354.4947,8.583522,2.549387,(0.1_ 0.1_ 1.0)
219.6078,6.737058,1.166395,36.48803,354.5273,8.667866,2.547667,(0.2_ 0.1_ 1.0)
219.6173,6.78803,1.166322,36.53224,354.5751,8.760921,2.552515,(0.2_ 0.1_ 1.0)
219.6277,6.844058,1.166264,36.5804,354.6618,8.824143,2.509403,(0.2_ 0.1_ 1.0)
219.6391,6.905964,1.166153,36.63325,354.7261,8.951757,2.461961,(0.2_ 0.1_ 1.0)
219.65,6.965182,1.166063,36.68331,354.7883,9.071757,2.406143,(0.2_ 0.1_ 1.0)
219.6618,7.029147,1.166004,36.73704,354.8578,9.211446,2.326784,(0.2_ 0.1_ 1.0)
219.6732,7.09141,1.165936,36.78892,354.8877,9.321022,2.285702,(0.2_ 0.1_ 1.0)
219.6836,7.14851,1.165878,36.8362,354.9068,9.462178,2.294493,(0.2_ 0.1_ 1.0)
219.6949,7.210737,1.165841,36.88729,354.8889,9.576222,2.376096,(0.2_ 0.1_ 1.0)
219.706,7.27243,1.165805,36.93756,354.8681,9.67005,2.495965,(0.2_ 0.1_ 1.0)
219.717,7.333142,1.165793,36.98673,354.8591,9.775062,2.558751,(0.2_ 0.1_ 1.0)
219.7277,7.392706,1.165762,37.03463,354.848,9.890889,2.58315,(0.2_ 0.1_ 1.0)
219.739,7.455122,1.165771,37.08445,354.8939,10.02391,2.532694,(0.2_ 0.1_ 1.0)
219.75,7.516693,1.165807,37.13317,354.9554,10.12765,2.473264,(0.2_ 0.1_ 1.0)
219.7615,7.580956,1.165859,37.18383,354.9951,10.28714,2.353842,(0.2_ 0.1_ 1.0)
219.7731,7.645889,1.165909,37.23466,354.9984,10.42103,2.261432,(0.2_ 0.1_ 1.0)
219.7833,7.703374,1.165945,37.27942,354.9755,10.57361,2.217922,(0.2_ 0.1_ 1.0)
219.7948,7.768095,1.165973,37.32955,354.9206,10.75379,2.189991,(0.2_ 0.1_ 1.0)
219.8079,7.841826,1.166042,37.38622,354.9018,10.89877,2.15913,(0.2_ 0.1_ 1.0)
219.817,7.893687,1.16606,37.42604,354.8444,11.07888,2.191329,(0.2_ 0.1_ 1.0)
219.8279,7.955,1.166075,37.47266,354.8135,11.19971,2.22389,(0.2_ 0.1_ 1.0)
219.8396,8.021414,1.166073,37.5229,354.839,11.37336,2.244603,(0.2_ 0.1_ 1.0)
219.8504,8.082882,1.166039,37.56913,354.8695,11.54445,2.259513,(0.2_ 0.1_ 1.0)
219.8615,8.146272,1.165954,37.61652,354.9266,11.69674,2.286771,(0.2_ 0.1_ 1.0)
219.8726,8.209833,1.165885,37.66379,355.0001,11.84429,2.27753,(0.2_ 0.1_ 1.0)
219.8836,8.272471,1.165781,37.71013,355.0372,11.99643,2.302219,(0.2_ 0.1_ 1.0)
219.8946,8.335508,1.16571,37.75653,355.0965,12.14663,2.349835,(0.2_ 0.1_ 1.0)
219.9064,8.40343,1.165649,37.80621,355.1418,12.28844,2.41011,(0.2_ 0.1_ 1.0)
219.917,8.464399,1.165624,37.85062,355.1961,12.41078,2.461411,(0.2_ 0.1_ 1.0)
219.9283,8.529436,1.165604,37.89772,355.2128,12.51874,2.551661,(0.2_ 0.1_ 1.0)
219.9393,8.593087,1.165655,37.94363,355.2347,12.66991,2.641943,(0.2_ 0.1_ 1.0)
219.95,8.654929,1.165704,37.98798,355.219,12.76842,2.722278,(0.2_ 0.1_ 1.0)
219.9615,8.72174,1.165795,38.03573,355.205,12.90822,2.766491,(0.2_ 0.1_ 1.0)
219.973,8.788189,1.165869,38.08303,355.1613,13.05026,2.790529,(0.2_ 0.1_ 1.0)
219.9837,8.850429,1.165958,38.12714,355.1227,13.19001,2.81284,(0.2_ 0.1_ 1.0)
219.9949,8.915588,1.166054,38.1731,355.1201,13.33817,2.842138,(0.2_ 0.1_ 1.0)
220.0079,8.991068,1.166079,38.22615,355.1118,13.50622,2.83949,(0.2_ 0.1_ 1.0)
220.017,9.044147,1.166103,38.26337,355.1191,13.69242,2.824498,(0.2_ 0.1_ 1.0)
220.0278,9.107489,1.166153,38.30769,355.118,13.89276,2.800975,(0.2_ 0.1_ 1.0)
220.0392,9.173855,1.166282,38.35394,355.0892,14.10249,2.699445,(0.2_ 0.1_ 1.0)
220.0499,9.236777,1.166384,38.39775,355.0575,14.33621,2.606807,(0.2_ 0.1_ 1.0)
220.0618,9.30577,1.166554,38.44579,355.0322,14.56542,2.463198,(0.3_ 0.1_ 1.0)
220.073,9.371257,1.166672,38.49142,354.9278,14.83505,2.379071,(0.3_ 0.1_ 1.0)
220.0836,9.433057,1.166813,38.53448,354.8249,15.08124,2.295269,(0.3_ 0.1_ 1.0)
220.0946,9.497251,1.166939,38.57921,354.7327,15.33149,2.237943,(0.3_ 0.1_ 1.0)
220.106,9.563799,1.167049,38.62561,354.6545,15.56194,2.21193,(0.3_ 0.1_ 1.0)
220.1172,9.629331,1.167128,38.6713,354.5914,15.78454,2.205644,(0.3_ 0.1_ 1.0)
220.1279,9.691217,1.167205,38.71444,354.5768,15.9667,2.219876,(0.3_ 0.1_ 1.0)
220.1393,9.757698,1.167212,38.7609,354.5331,16.16837,2.230708,(0.3_ 0.1_ 1.0)
220.1499,9.819325,1.167205,38.80399,354.5676,16.29918,2.235365,(0.3_ 0.1_ 1.0)
220.1615,9.886896,1.1672,38.85132,354.5791,16.43937,2.237426,(0.3_ 0.1_ 1.0)
220.1729,9.952543,1.1672,38.89731,354.612,16.56934,2.232773,(0.3_ 0.1_ 1.0)
220.1841,10.01754,1.167155,38.94298,354.6746,16.65986,2.180036,(0.3_ 0.1_ 1.0)
220.1953,10.08251,1.167075,38.98867,354.7234,16.70185,2.144657,(0.3_ 0.1_ 1.0)
220.2083,10.15764,1.167033,39.04169,354.7941,16.73915,2.113695,(0.3_ 0.1_ 1.0)
220.2167,10.20643,1.167001,39.0761,354.8432,16.75034,2.082825,(0.3_ 0.1_ 1.0)
220.2277,10.26977,1.16696,39.12089,354.855,16.76601,2.052495,(0.3_ 0.1_ 1.0)
220.2395,10.33816,1.166948,39.16928,354.9052,16.77207,2.046178,(0.3_ 0.1_ 1.0)
220.25,10.39881,1.166883,39.21225,354.9083,16.78008,1.997429,(0.3_ 0.1_ 1.0)
220.2618,10.4664,1.16683,39.26029,354.9174,16.79396,1.962008,(0.3_ 0.1_ 1.0)
220.2727,10.52929,1.16681,39.3051,354.9289,16.84378,1.907771,(0.3_ 0.1_ 1.0)
220.2833,10.59029,1.166812,39.34863,354.9321,16.88079,1.827342,(0.3_ 0.1_ 1.0)
220.2949,10.65696,1.16682,39.3964,354.9036,16.9581,1.755828,(0.3_ 0.1_ 1.0)
220.306,10.72095,1.166891,39.44239,354.8711,17.0466,1.688491,(0.3_ 0.1_ 1.0)
220.3171,10.78444,1.166917,39.48819,354.7684,17.135,1.602802,(0.3_ 0.1_ 1.0)
220.3281,10.84737,1.167039,39.53372,354.7003,17.2496,1.516062,(0.3_ 0.1_ 1.0)
220.3395,10.91255,1.167176,39.5811,354.618,17.37651,1.436394,(0.3_ 0.1_ 1.0)
220.3499,10.97215,1.167355,39.62461,354.529,17.52287,1.357362,(0.3_ 0.1_ 0.9)
220.3614,11.03761,1.16755,39.67262,354.4233,17.67261,1.262794,(0.3_ 0.1_ 0.9)
220.3732,11.10482,1.167745,39.72221,354.3012,17.82693,1.208725,(0.3_ 0.1_ 0.9)
220.3835,11.16317,1.16792,39.76545,354.1522,17.9595,1.18584,(0.3_ 0.1_ 0.9)
220.3951,11.2289,1.168137,39.81437,354.0533,18.06342,1.156543,(0.3_ 0.1_ 0.9)
220.4059,11.29001,1.168274,39.86012,353.9021,18.14779,1.139936,(0.3_ 0.1_ 0.9)
220.419,11.36371,1.168421,39.91552,353.8061,18.18384,1.117776,(0.3_ 0.1_ 0.9)
220.4281,11.41509,1.168527,39.95433,353.7399,18.19773,1.098449,(0.3_ 0.1_ 0.9)
220.4395,11.47941,1.168613,40.00317,353.6788,18.24549,1.085629,(0.3_ 0.1_ 0.9)
220.4499,11.53769,1.168625,40.04763,353.601,18.22654,1.055981,(0.3_ 0.1_ 0.9)
220.4612,11.60123,1.168633,40.09625,353.5567,18.17744,1.055621,(0.3_ 0.1_ 0.9)
220.4727,11.66544,1.168586,40.1457,353.5374,18.14102,1.03901,(0.3_ 0.1_ 0.9)
220.4833,11.7245,1.16853,40.19137,353.5636,18.07026,0.993344,(0.3_ 0.1_ 0.9)
220.5,11.81711,1.168449,40.26345,353.6159,18.00074,0.944759,(0.3_ 0.1_ 0.9)
220.5062,11.85182,1.168334,40.29056,353.7035,17.88984,0.946335,(0.3_ 0.1_ 0.9)
220.5167,11.90977,1.168198,40.33601,353.7768,17.81547,0.929272,(0.3_ 0.1_ 0.9)
220.5281,11.97279,1.168091,40.38558,353.8846,17.68018,0.905077,(0.3_ 0.1_ 0.9)
220.5392,12.03417,1.167957,40.43407,353.9763,17.55092,0.908691,(0.3_ 0.1_ 0.9)
220.5501,12.09424,1.167849,40.48172,354.0842,17.43218,0.877535,(0.3_ 0.1_ 0.9)
220.562,12.15967,1.167774,40.53384,354.2055,17.28442,0.86115,(0.3_ 0.1_ 0.9)
220.5726,12.21773,1.167714,40.58029,354.3197,17.17406,0.837233,(0.3_ 0.1_ 1.0)
220.5834,12.2774,1.167638,40.62824,354.3891,17.07373,0.81468,(0.3_ 0.1_ 1.0)
220.5951,12.34099,1.167613,40.67959,354.4733,17.01288,0.754078,(0.3_ 0.1_ 1.0)
220.6055,12.398,1.167568,40.72576,354.5035,16.95556,0.737219,(0.3_ 0.1_ 1.0)
220.6173,12.46218,1.167549,40.77802,354.5316,16.93569,0.708674,(0.3_ 0.1_ 1.0)
220.6299,12.53066,1.167536,40.83403,354.5413,16.9124,0.722664,(0.3_ 0.1_ 1.0)
220.6393,12.58206,1.167548,40.87622,354.5413,16.90257,0.734958,(0.3_ 0.1_ 1.0)
220.6498,12.63895,1.167551,40.92316,354.5246,16.9217,0.746667,(0.3_ 0.1_ 1.0)
220.6617,12.70308,1.167539,40.97633,354.5093,16.95339,0.763701,(0.3_ 0.1_ 1.0)
220.673,12.76403,1.167543,41.02704,354.5071,16.98541,0.734398,(0.3_ 0.1_ 1.0)
220.6833,12.81964,1.16752,41.07336,354.4906,17.07965,0.720745,(0.3_ 0.1_ 1.0)
220.6945,12.88029,1.167501,41.12428,354.4932,17.13903,0.683711,(0.3_ 0.1_ 1.0)
220.7057,12.94028,1.167462,41.17492,354.4812,17.24813,0.666883,(0.3_ 0.1_ 1.0)
220.7168,12.99982,1.167439,41.22536,354.4883,17.32175,0.642232,(0.3_ 0.1_ 1.0)
220.7278,13.05836,1.167417,41.27526,354.489,17.44576,0.616764,(0.3_ 0.1_ 0.9)
220.7395,13.12075,1.167375,41.32867,354.4794,17.54009,0.615091,(0.3_ 0.1_ 0.9)
220.7498,13.1761,1.167356,41.37623,354.4602,17.63834,0.616496,(0.3_ 0.1_ 0.9)
220.7617,13.2388,1.167342,41.43044,354.4273,17.74047,0.616189,(0.3_ 0.1_ 0.9)
220.7731,13.29938,1.167301,41.4831,354.349,17.85447,0.636345,(0.3_ 0.1_ 0.9)
220.7835,13.35443,1.167314,41.53114,354.316,17.95226,0.607852,(0.3_ 0.1_ 0.9)
220.795,13.41547,1.167278,41.58471,354.2338,18.0511,0.635407,(0.3_ 0.1_ 0.9)
220.806,13.47361,1.167292,41.63593,354.1883,18.13128,0.64205,(0.3_ 0.1_ 0.9)
220.8172,13.53216,1.167277,41.68781,354.0955,18.2125,0.626665,(0.3_ 0.1_ 0.9)
220.8281,13.58972,1.167282,41.73901,354.0435,18.30026,0.657953,(0.3_ 0.1_ 0.9)
220.8415,13.6595,1.167284,41.80161,353.9853,18.38101,0.639949,(0.3_ 0.1_ 0.9)
220.8502,13.70536,1.167273,41.8427,353.9348,18.47075,0.611216,(0.3_ 0.1_ 0.9)
220.8612,13.76287,1.167291,41.89467,353.9548,18.59899,0.532558,(0.3_ 0.1_ 0.9)
220.8728,13.82337,1.167271,41.94958,353.9884,18.6718,0.477175,(0.3_ 0.1_ 0.9)
220.8833,13.87777,1.167256,41.99919,354.0496,18.77262,0.392345,(0.3_ 0.1_ 0.9)
220.8951,13.9386,1.167226,42.05508,354.1376,18.88502,0.267437,(0.3_ 0.1_ 0.9)
220.9057,13.99381,1.167153,42.10596,354.1905,18.9836,0.15791,(0.3_ 0.1_ 0.9)
220.917,14.05193,1.167098,42.15985,354.2838,19.08146,0.02937,(0.3_ 0.1_ 0.9)
220.9278,14.1076,1.167036,42.21175,354.378,19.19584,359.892,(0.3_ 0.1_ 0.9)
220.9391,14.16533,1.166963,42.2659,354.4876,19.31037,359.7643,(0.3_ 0.1_ 0.9)
220.9498,14.22,1.166846,42.3174,354.5501,19.38623,359.6215,(0.3_ 0.1_ 0.9)
220.9617,14.28067,1.166735,42.37504,354.6265,19.46981,359.5267,(0.3_ 0.1_ 0.9)
220.9728,14.33715,1.166604,42.42899,354.6765,19.51473,359.438,(0.3_ 0.1_ 0.9)
220.9835,14.39127,1.16651,42.48098,354.752,19.53898,359.3439,(0.3_ 0.1_ 0.9)
220.9945,14.44693,1.166387,42.53484,354.7894,19.54462,359.2647,(0.3_ 0.1_ 0.9)
221.0059,14.5043,1.166274,42.59064,354.8633,19.52271,359.2047,(0.3_ 0.1_ 0.9)
221.0172,14.561,1.166146,42.64629,354.9099,19.515,359.0878,(0.3_ 0.1_ 0.9)
221.0278,14.61397,1.166058,42.69849,354.9855,19.47944,359.0029,(0.3_ 0.1_ 0.9)
221.0399,14.67391,1.165967,42.75805,355.0406,19.43945,358.9186,(0.3_ 0.1_ 0.9)
221.0522,14.73502,1.165888,42.81924,355.088,19.37859,358.7978,(0.3_ 0.1_ 0.9)
221.0612,14.77969,1.165808,42.86406,355.1308,19.33665,358.6966,(0.3_ 0.1_ 0.9)
221.073,14.83729,1.165745,42.92237,355.196,19.24806,358.5815,(0.3_ 0.1_ 0.9)
221.0831,14.8873,1.165654,42.97336,355.2378,19.24217,358.4622,(0.3_ 0.1_ 0.9)
221.0947,14.94381,1.165593,43.03133,355.3157,19.1994,358.3617,(0.3_ 0.1_ 0.9)
221.1058,14.99788,1.165513,43.08721,355.3747,19.20296,358.2324,(0.3_ 0.1_ 0.9)
221.1169,15.05143,1.165409,43.14286,355.4323,19.17493,358.0975,(0.3_ 0.1_ 0.9)
221.1279,15.10494,1.165316,43.19888,355.5275,19.19149,358.0086,(0.3_ 0.1_ 0.9)
221.1391,15.15882,1.165216,43.25566,355.5833,19.23184,357.922,(0.3_ 0.1_ 0.9)
221.1501,15.21128,1.16516,43.31124,355.6575,19.25804,357.8574,(0.3_ 0.1_ 0.9)
221.1617,15.26653,1.165068,43.37027,355.687,19.31655,357.7759,(0.3_ 0.1_ 0.9)
221.1728,15.31958,1.165007,43.42723,355.735,19.34977,357.7347,(0.3_ 0.1_ 0.9)
221.1835,15.37014,1.164976,43.48191,355.7805,19.40467,357.7052,(0.3_ 0.1_ 0.9)
221.1951,15.42511,1.164899,43.54182,355.7742,19.47633,357.7009,(0.3_ 0.1_ 0.9)
221.2057,15.47484,1.164843,43.59631,355.7619,19.52954,357.6886,(0.3_ 0.1_ 0.9)
221.2172,15.52875,1.164806,43.6558,355.7286,19.59348,357.6713,(0.3_ 0.1_ 0.9)
221.2278,15.57847,1.164799,43.71099,355.6982,19.64205,357.6588,(0.3_ 0.1_ 0.9)
221.2394,15.6324,1.164777,43.77124,355.6606,19.66182,357.6644,(0.3_ 0.1_ 0.9)
221.2504,15.68355,1.164737,43.82878,355.6215,19.69541,357.6629,(0.3_ 0.1_ 0.9)
221.2639,15.74558,1.164708,43.89915,355.5811,19.73775,357.6467,(0.3_ 0.1_ 0.9)
221.2728,15.78686,1.16468,43.9461,355.5694,19.72992,357.6187,(0.3_ 0.1_ 0.9)
221.2832,15.83448,1.164675,44.00074,355.5757,19.78606,357.5962,(0.3_ 0.1_ 0.9)
221.2949,15.88785,1.164661,44.06232,355.6144,19.77361,357.5424,(0.3_ 0.1_ 0.9)
221.306,15.93804,1.164634,44.12066,355.6314,19.79199,357.4653,(0.3_ 0.1_ 0.9)
221.3173,15.98947,1.16462,44.18073,355.6788,19.74935,357.4063,(0.3_ 0.1_ 0.9)
221.3284,16.03908,1.164601,44.23922,355.7064,19.78519,357.3126,(0.3_ 0.1_ 0.9)
221.3393,16.08833,1.164589,44.29757,355.7559,19.75638,357.2479,(0.3_ 0.1_ 0.9)
221.3503,16.1372,1.164595,44.35586,355.7997,19.71931,357.1643,(0.3_ 0.1_ 0.9)
221.3613,16.18629,1.164578,44.41485,355.8249,19.71617,357.1236,(0.3_ 0.1_ 0.9)
221.3725,16.23595,1.164583,44.47486,355.8553,19.67045,357.0947,(0.3_ 0.1_ 0.9)
221.3837,16.28514,1.164591,44.53475,355.8686,19.62829,357.0762,(0.3_ 0.1_ 0.9)
221.3947,16.33361,1.16457,44.59416,355.8531,19.60253,357.0773,(0.3_ 0.1_ 0.9)
221.4058,16.38204,1.164565,44.65392,355.848,19.55891,357.0494,(0.3_ 0.1_ 0.9)
221.4167,16.42982,1.164574,44.71329,355.8475,19.54028,357.0528,(0.3_ 0.1_ 0.9)
221.4277,16.47751,1.164569,44.77295,355.8303,19.48194,357.0038,(0.3_ 0.1_ 0.9)
221.4395,16.52816,1.164539,44.83672,355.8045,19.44529,356.9995,(0.3_ 0.1_ 0.9)
221.4498,16.57256,1.164521,44.893,355.7876,19.40022,357.0004,(0.3_ 0.1_ 0.9)
221.4614,16.62236,1.16451,44.95658,355.7666,19.36225,356.9697,(0.3_ 0.1_ 0.9)
221.4748,16.67932,1.164493,45.02978,355.7118,19.31318,356.9707,(0.3_ 0.1_ 0.9)
221.4833,16.71547,1.164514,45.07666,355.6759,19.28735,356.9424,(0.3_ 0.1_ 0.9)
221.4949,16.76452,1.164559,45.14053,355.6539,19.23549,356.9545,(0.3_ 0.1_ 0.9)
221.5059,16.81079,1.16461,45.20124,355.6137,19.19001,356.9312,(0.3_ 0.1_ 0.9)
221.5172,16.85818,1.164636,45.26385,355.5553,19.14969,356.9495,(0.3_ 0.1_ 0.9)
221.528,16.90291,1.164657,45.32331,355.5189,19.08777,356.9726,(0.3_ 0.1_ 0.9)
221.5394,16.95047,1.164707,45.38696,355.5257,19.01163,356.967,(0.3_ 0.1_ 0.9)
221.55,16.9943,1.164671,45.44608,355.493,18.95408,356.9767,(0.3_ 0.1_ 0.9)
221.5618,17.04283,1.16469,45.51193,355.5366,18.88067,356.9673,(0.3_ 0.1_ 0.9)
221.5725,17.08657,1.164635,45.57168,355.5353,18.73168,356.9958,(0.3_ 0.1_ 0.9)
221.5833,17.13053,1.164619,45.63216,355.5592,18.65326,357.0036,(0.3_ 0.1_ 0.9)
221.5948,17.17742,1.164574,45.69711,355.5587,18.50191,357.0066,(0.3_ 0.1_ 0.9)
221.6057,17.22138,1.164568,45.75834,355.5765,18.35778,357.0259,(0.3_ 0.1_ 0.9)
221.6171,17.26731,1.164566,45.82284,355.5762,18.22009,357.0394,(0.3_ 0.1_ 0.9)
221.6276,17.30943,1.164558,45.88234,355.5665,18.06283,357.059,(0.3_ 0.1_ 0.9)
221.6394,17.35656,1.164552,45.94936,355.5562,17.89951,357.058,(0.3_ 0.1_ 0.9)
221.6502,17.39953,1.164546,46.01086,355.5469,17.72025,357.059,(0.3_ 0.1_ 0.9)
221.6618,17.44514,1.164532,46.07651,355.5244,17.5053,357.0545,(0.3_ 0.1_ 1.0)
221.6748,17.49667,1.164536,46.15125,355.5216,17.30508,357.0515,(0.3_ 0.1_ 1.0)
221.6834,17.53,1.164485,46.20013,355.4812,17.16152,357.0607,(0.3_ 0.1_ 1.0)
221.695,17.57544,1.164476,46.26698,355.4564,16.9566,357.0619,(0.3_ 0.1_ 1.0)
221.7057,17.61691,1.16445,46.32851,355.4099,16.76984,357.0775,(0.3_ 0.1_ 1.0)
221.7173,17.66164,1.164448,46.3952,355.4036,16.54772,357.102,(0.3_ 0.1_ 1.0)
221.7277,17.70164,1.164406,46.45548,355.3661,16.40332,357.104,(0.3_ 0.1_ 1.0)
221.7395,17.74687,1.164406,46.52398,355.3886,16.24039,357.1033,(0.3_ 0.1_ 1.0)
221.75,17.78655,1.164373,46.58451,355.3602,16.00703,357.1534,(0.3_ 0.1_ 1.0)
221.7616,17.83071,1.16437,46.65237,355.3932,15.782,357.1721,(0.3_ 0.1_ 1.0)
221.7732,17.87422,1.164347,46.71978,355.4139,15.5737,357.1997,(0.3_ 0.1_ 1.0)
221.7833,17.91215,1.164298,46.77898,355.4431,15.32809,357.2505,(0.3_ 0.1_ 1.0)
221.7949,17.95526,1.164277,46.84673,355.4901,15.07478,357.2596,(0.3_ 0.1_ 1.0)
221.8062,17.99707,1.164213,46.91292,355.509,14.79243,357.2707,(0.3_ 0.1_ 1.0)
221.8172,18.03757,1.164177,46.9776,355.5658,14.55703,357.2898,(0.3_ 0.1_ 1.0)
221.8285,18.07907,1.164125,47.04428,355.5955,14.27708,357.3181,(0.2_ 0.1_ 1.0)
221.8395,18.11902,1.164104,47.10894,355.6342,13.97698,357.3496,(0.2_ 0.1_ 1.0)
221.85,18.15716,1.164069,47.17119,355.6545,13.70158,357.3621,(0.2_ 0.1_ 1.0)
221.8612,18.19756,1.164023,47.23761,355.6535,13.42724,357.3643,(0.2_ 0.1_ 1.0)
221.8726,18.23846,1.16398,47.30527,355.6719,13.14351,357.3683,(0.2_ 0.1_ 1.0)
221.8854,18.28399,1.163946,47.38113,355.6967,12.88214,357.3344,(0.2_ 0.1_ 1.0)
221.8948,18.31734,1.163918,47.43723,355.7321,12.60906,357.3291,(0.2_ 0.1_ 1.0)
221.9058,18.35619,1.163875,47.50291,355.7552,12.32248,357.2937,(0.2_ 0.1_ 1.0)
221.9173,18.39673,1.16382,47.57203,355.7628,12.09795,357.2769,(0.2_ 0.1_ 1.0)
221.9278,18.43305,1.163807,47.6344,355.8052,11.84982,357.2337,(0.2_ 0.1_ 1.0)
221.9398,18.47482,1.163774,47.70662,355.8209,11.63889,357.2005,(0.2_ 0.1_ 1.0)
221.9501,18.51053,1.163767,47.76884,355.8634,11.41396,357.169,(0.2_ 0.1_ 1.0)
221.9617,18.55031,1.163705,47.83865,355.8409,11.2146,357.1646,(0.2_ 0.1_ 1.0)
221.9725,18.58721,1.163686,47.90393,355.8503,11.03933,357.1461,(0.2_ 0.1_ 1.0)
221.9834,18.62403,1.163634,47.96947,355.8285,10.90968,357.1624,(0.2_ 0.1_ 1.0)
221.9951,18.66355,1.16363,48.04035,355.8343,10.72846,357.1594,(0.2_ 0.1_ 1.0)
222.0059,18.69978,1.163597,48.10585,355.8245,10.56675,357.1598,(0.2_ 0.1_ 1.0)
222.017,18.73668,1.163584,48.17311,355.8314,10.4173,357.1444,(0.2_ 0.1_ 1.0)
222.0278,18.7726,1.163579,48.23903,355.847,10.27419,357.1154,(0.2_ 0.1_ 1.0)
222.0393,18.81053,1.163555,48.30916,355.863,10.14652,357.0927,(0.2_ 0.1_ 1.0)
222.0506,18.84761,1.163512,48.37818,355.8848,10.00466,357.0769,(0.2_ 0.1_ 1.0)
222.0615,18.88331,1.163458,48.44518,355.9426,9.887803,357.0525,(0.2_ 0.1_ 1.0)
222.0734,18.92186,1.163393,48.51809,355.9831,9.758665,357.0122,(0.2_ 0.1_ 1.0)
222.0857,18.96163,1.163317,48.59385,356.0679,9.663714,357.0291,(0.2_ 0.1_ 1.0)
222.0951,18.99166,1.163232,48.65161,356.1088,9.493142,356.9986,(0.2_ 0.1_ 1.0)
222.106,19.02617,1.163167,48.71842,356.1923,9.374493,356.9944,(0.2_ 0.1_ 1.0)
222.117,19.06112,1.163055,48.78655,356.2173,9.211955,356.9646,(0.2_ 0.1_ 1.0)
222.1277,19.09472,1.162993,48.8526,356.2849,9.079384,356.938,(0.2_ 0.1_ 1.0)
222.1397,19.13227,1.162935,48.9268,356.3518,8.910224,356.916,(0.2_ 0.1_ 1.0)
222.1501,19.16467,1.16288,48.99153,356.3921,8.771651,356.8592,(0.2_ 0.1_ 1.0)
222.162,19.20135,1.162819,49.06523,356.421,8.623383,356.8389,(0.1_ 0.1_ 1.0)
222.1733,19.23596,1.162797,49.13533,356.4543,8.47375,356.8082,(0.1_ 0.1_ 1.0)
222.1836,19.26722,1.162789,49.19929,356.4612,8.346658,356.7745,(0.1_ 0.1_ 1.0)
222.1948,19.30128,1.1628,49.26941,356.4647,8.198393,356.7424,(0.1_ 0.1_ 1.0)
222.2061,19.33515,1.162808,49.3398,356.4402,8.051703,356.7133,(0.1_ 0.1_ 1.0)
222.2172,19.36822,1.162828,49.40905,356.4276,7.907081,356.6892,(0.1_ 0.1_ 1.0)
222.2279,19.40006,1.162837,49.47635,356.4112,7.757342,356.6853,(0.1_ 0.1_ 1.0)
222.2394,19.43399,1.162854,49.54862,356.4052,7.594394,356.6782,(0.1_ 0.1_ 1.0)
222.2504,19.46612,1.162832,49.61761,356.3719,7.455996,356.6692,(0.1_ 0.1_ 1.0)
222.2617,19.49892,1.162859,49.68858,356.3518,7.315155,356.6703,(0.1_ 0.1_ 1.0)
222.2733,19.53227,1.162888,49.76138,356.3489,7.172491,356.6533,(0.1_ 0.1_ 1.0)
222.2834,19.56139,1.162919,49.82555,356.3256,7.033653,356.636,(0.1_ 0.1_ 1.0)
222.2971,19.60062,1.162943,49.91243,356.317,6.903461,356.6049,(0.1_ 0.1_ 1.0)
222.3063,19.62624,1.162964,49.96993,356.3189,6.763872,356.5779,(0.1_ 0.1_ 1.0)
222.317,19.65657,1.162996,50.0383,356.334,6.676783,356.5279,(0.1_ 0.1_ 1.0)
222.3277,19.68604,1.162992,50.10553,356.3251,6.564095,356.4851,(0.1_ 0.1_ 1.0)
222.3394,19.71847,1.162998,50.18003,356.3303,6.459362,356.4706,(0.1_ 0.1_ 1.0)
222.3503,19.74837,1.163018,50.24926,356.3549,6.322896,356.4345,(0.1_ 0.1_ 1.0)
222.362,19.78053,1.162999,50.3244,356.3496,6.205512,356.4068,(0.1_ 0.1_ 1.0)
222.373,19.81019,1.162961,50.39436,356.3343,6.103274,356.3715,(0.1_ 0.1_ 1.0)
222.3842,19.84013,1.162964,50.46583,356.3231,6.071476,356.3347,(0.1_ 0.1_ 1.0)
222.3949,19.8688,1.162963,50.53466,356.3034,5.98152,356.2818,(0.1_ 0.1_ 1.0)
222.4061,19.89839,1.162976,50.60628,356.2893,5.870055,356.2059,(0.1_ 0.1_ 1.0)
222.4176,19.92849,1.162955,50.67984,356.2734,5.811651,356.1831,(0.1_ 0.1_ 1.0)
222.428,19.95566,1.162942,50.7468,356.2609,5.711194,356.145,(0.1_ 0.1_ 1.0)
222.4393,19.98492,1.162922,50.81967,356.2688,5.659571,356.1197,(0.1_ 0.1_ 1.0)
222.4502,20.01273,1.162876,50.88957,356.2535,5.602391,356.0775,(0.1_ 0.1_ 1.0)
222.462,20.04287,1.162806,50.96593,356.257,5.513127,356.0279,(0.1_ 0.1_ 1.0)
222.4731,20.0707,1.162729,51.03711,356.264,5.439235,356.0211,(0.1_ 0.1_ 1.0)
222.4834,20.09672,1.162692,51.10422,356.3018,5.334486,355.9841,(0.1_ 0.1_ 1.0)
222.497,20.13059,1.16262,51.19238,356.3021,5.276698,355.9453,(0.1_ 0.1_ 1.0)
222.506,20.15257,1.162557,51.25021,356.3067,5.186819,355.8994,(0.1_ 0.1_ 1.0)
222.5172,20.18003,1.162522,51.32303,356.3116,5.113532,355.82,(0.1_ 0.1_ 1.0)
222.5282,20.20668,1.162467,51.39429,356.311,5.014358,355.7745,(0.1_ 0.1_ 1.0)
222.5401,20.23533,1.162432,51.47165,356.3188,4.945914,355.6952,(0.1_ 0.1_ 1.0)
222.5505,20.26034,1.162388,51.53981,356.3109,4.847114,355.6389,(0.1_ 0.1_ 1.0)
222.5611,20.28531,1.162365,51.60841,356.3445,4.765921,355.6069,(0.1_ 0.1_ 1.0)
222.5729,20.31322,1.162284,51.68574,356.3281,4.690363,355.5871,(0.1_ 0.1_ 1.0)
222.5835,20.33792,1.16222,51.75471,356.3388,4.602107,355.5645,(0.1_ 0.1_ 1.0)
222.595,20.36472,1.16216,51.83014,356.3858,4.502894,355.517,(0.1_ 0.1_ 1.0)
222.606,20.38989,1.162076,51.90179,356.396,4.458343,355.4788,(0.1_ 0.1_ 1.0)
222.6171,20.41545,1.162033,51.97499,356.4526,4.388147,355.3969,(0.1_ 0.1_ 1.0)
222.6281,20.44034,1.161931,52.04699,356.4485,4.343472,355.3479,(0.1_ 0.1_ 1.0)
222.6394,20.4657,1.161872,52.1208,356.4887,4.264443,355.2598,(0.1_ 0.1_ 1.0)
222.6502,20.48988,1.16181,52.19188,356.5216,4.224401,355.1833,(0.1_ 0.1_ 1.0)
222.6617,20.5154,1.161734,52.26745,356.5535,4.163961,355.1127,(0.1_ 0.1_ 1.0)
222.6729,20.54018,1.161655,52.34149,356.5552,4.13474,355.0475,(0.1_ 0.1_ 1.0)
222.6834,20.56302,1.16163,52.41022,356.5956,4.079189,354.9673,(0.1_ 0.1_ 1.0)
222.6947,20.58758,1.161552,52.4848,356.5844,4.035049,354.8885,(0.1_ 0.1_ 1.0)
222.7084,20.61725,1.161486,52.57568,356.5655,4.008484,354.8115,(0.1_ 0.1_ 1.0)
222.717,20.63553,1.161474,52.6321,356.5746,3.988062,354.7008,(0.1_ 0.1_ 1.0)
222.7281,20.65927,1.16145,52.70599,356.5509,3.959183,354.6272,(0.1_ 0.1_ 1.0)
222.7397,20.68364,1.161452,52.78253,356.5413,3.954907,354.535,(0.1_ 0.1_ 1.0)
222.7499,20.70493,1.16147,52.84986,356.5376,3.919085,354.4015,(0.1_ 0.1_ 1.0)
222.7614,20.72892,1.16148,52.92655,356.5406,3.933144,354.2809,(0.1_ 0.1_ 1.0)
222.7727,20.75215,1.161439,53.00134,356.5222,3.942962,354.1871,(0.1_ 0.1_ 1.0)
222.7837,20.77456,1.161423,53.07424,356.5279,3.982312,354.1029,(0.1_ 0.1_ 1.0)
222.7951,20.79771,1.161415,53.15025,356.5418,4.008989,353.9897,(0.1_ 0.1_ 1.0)
222.8062,20.81994,1.161382,53.22385,356.5633,4.051334,353.9267,(0.1_ 0.1_ 1.0)
222.8169,20.84131,1.16135,53.29515,356.5834,4.0483,353.856,(0.1_ 0.1_ 1.0)
222.8279,20.86304,1.161319,53.36853,356.6439,4.103334,353.8085,(0.1_ 0.1_ 1.0)
222.8396,20.88592,1.161235,53.4463,356.6531,4.100701,353.7754,(0.1_ 0.1_ 1.0)
222.8502,20.90654,1.161181,53.51721,356.6851,4.133212,353.7247,(0.1_ 0.1_ 1.0)
222.8616,20.92856,1.161159,53.59349,356.7234,4.089794,353.6454,(0.1_ 0.1_ 1.0)
222.8728,20.94992,1.161109,53.66822,356.7631,4.093186,353.6126,(0.1_ 0.1_ 1.0)
222.8837,20.97054,1.161025,53.74102,356.7924,4.090299,353.5697,(0.1_ 0.1_ 1.0)
222.8952,20.99208,1.160954,53.81791,356.8336,4.069179,353.5066,(0.1_ 0.1_ 1.0)
222.9082,21.01638,1.160848,53.90512,356.8722,4.000044,353.4903,(0.1_ 0.1_ 1.0)
222.9175,21.03356,1.160778,53.96751,356.9313,3.939909,353.446,(0.1_ 0.1_ 1.0)
222.9277,21.05215,1.16066,54.03577,356.9514,3.876201,353.4214,(0.1_ 0.1_ 1.0)
222.9398,21.07419,1.16059,54.11716,356.9987,3.807898,353.3974,(0.1_ 0.1_ 1.0)
222.95,21.09254,1.160498,54.18551,356.9951,3.697326,353.3145,(0.1_ 0.1_ 1.0)
222.9616,21.11321,1.160475,54.26322,357.077,3.622979,353.2733,(0.1_ 0.1_ 1.0)
222.9725,21.13259,1.160434,54.33678,357.1108,3.52124,353.191,(0.1_ 0.1_ 1.0)
222.9835,21.15175,1.160369,54.41006,357.147,3.434118,353.1493,(0.1_ 0.0_ 1.0)
222.9948,21.17146,1.1603,54.48616,357.1656,3.3098,353.0916,(0.1_ 0.0_ 1.0)
223.0057,21.19026,1.160274,54.55965,357.2168,3.229566,353.029,(0.1_ 0.0_ 1.0)
223.0171,21.20971,1.16022,54.63624,357.2328,3.109296,353.0056,(0.1_ 0.0_ 1.0)
223.0278,21.22781,1.160192,54.70811,357.2663,2.974269,352.9689,(0.1_ 0.0_ 1.0)
223.0394,21.24737,1.160147,54.78662,357.2813,2.88922,352.9342,(0.1_ 0.0_ 1.0)
223.0504,21.26554,1.160127,54.86032,357.2877,2.792379,352.89,(0.0_ 0.0_ 1.0)
223.0617,21.28423,1.160082,54.93676,357.2844,2.683675,352.8467,(0.0_ 0.0_ 1.0)
223.0729,21.30253,1.160081,55.01229,357.3144,2.572232,352.8326,(0.0_ 0.0_ 1.0)
223.083,21.31894,1.160024,55.0807,357.2974,2.454033,352.8123,(0.0_ 0.0_ 1.0)
223.095,21.33812,1.160029,55.16145,357.3208,2.353143,352.7821,(0.0_ 0.0_ 1.0)
223.1056,21.35495,1.16,55.23309,357.299,2.218122,352.7754,(0.0_ 0.0_ 1.0)
223.1195,21.3769,1.16002,55.32714,357.2982,2.117259,352.7335,(0.0_ 0.0_ 1.0)
223.1274,21.38915,1.15997,55.38065,357.2755,1.991157,352.7569,(0.0_ 0.0_ 1.0)
223.1394,21.40762,1.159974,55.46158,357.2653,1.887701,352.7448,(0.0_ 0.0_ 1.0)
223.1503,21.42437,1.159983,55.53584,357.2556,1.753285,352.7587,(0.0_ 0.0_ 1.0)
223.1615,21.44119,1.159961,55.61119,357.2456,1.603624,352.7559,(0.0_ 0.0_ 1.0)
223.1729,21.45844,1.159982,55.68898,357.2034,1.515308,352.7561,(0.0_ 0.0_ 1.0)
223.1835,21.47417,1.160006,55.76082,357.2309,1.377571,352.7506,(0.0_ 0.0_ 1.0)
223.195,21.49102,1.160014,55.83849,357.2426,1.243768,352.7497,(0.0_ 0.0_ 1.0)
223.206,21.50708,1.160024,55.91338,357.2524,1.12284,352.744,(0.0_ 0.0_ 1.0)
223.2171,21.52314,1.160013,55.98902,357.2499,0.99285,352.7764,(0.0_ 0.0_ 1.0)
223.228,21.53863,1.160017,56.06273,357.2677,0.844799,352.7839,(0.0_ 0.0_ 1.0)
223.2396,21.55503,1.160029,56.14151,357.2536,0.720684,352.8166,(0.0_ 0.0_ 1.0)
223.2504,21.57027,1.160062,56.21548,357.2576,0.567211,352.8557,(0.0_ 0.0_ 1.0)
223.2617,21.58589,1.16007,56.29212,357.2385,0.431132,352.9016,(0.0_ 0.0_ 1.0)
223.2731,21.60157,1.160076,56.36983,357.2243,0.295493,352.9313,(0.0_ 0.0_ 1.0)
223.2837,21.61592,1.160068,56.44172,357.2128,0.145046,352.947,(0.0_ 0.0_ 1.0)
223.2947,21.63078,1.160054,56.51698,357.2155,-0.002423,352.9414,(0.0_ 0.0_ 1.0)
223.3068,21.64686,1.160049,56.59898,357.2135,359.8442,352.9365,(0.0_ 0.0_ 1.0)
223.3192,21.66328,1.160063,56.68363,357.2218,359.6831,352.9335,(0.0_ 0.0_ 1.0)
223.3279,21.6746,1.160072,56.74306,357.245,359.5209,352.9135,(0.0_ 0.0_ 1.0)
223.3396,21.6897,1.160078,56.82293,357.2654,359.3662,352.9016,(0.0_ 0.0_ 1.0)
223.3506,21.70369,1.160066,56.89785,357.2842,359.2214,352.8794,(0.0_ 0.0_ 1.0)
223.3616,21.7176,1.160039,56.97303,357.2916,359.0649,352.8691,(0.0_ 0.0_ 1.0)
223.3787,21.73907,1.16,57.08972,357.2913,358.9328,352.8683,(0.0_ 0.0_ 1.0)
223.3843,21.74583,1.16,57.12787,357.2996,358.7965,352.8491,(0.0_ 0.0_ 1.0)
223.3957,21.75972,1.159988,57.20569,357.2908,358.6694,352.8285,(0.0_ 0.0_ 1.0)
223.4066,21.77285,1.159983,57.28034,357.3002,358.5433,352.8198,(0.0_ 0.0_ 1.0)
223.4177,21.7861,1.159982,57.35648,357.2985,358.4423,352.8017,(0.0_ 0.0_ 1.0)
223.4285,21.79873,1.159988,57.43026,357.3011,358.3462,352.7879,(0.0_ 0.0_ 1.0)
223.4403,21.81234,1.159974,57.51073,357.2752,358.2466,352.7831,(0.0_ 0.0_ 1.0)
223.4508,21.82431,1.160018,57.58282,357.2742,358.1838,352.7689,(0.0_ 0.0_ 1.0)
223.4614,21.83617,1.160001,57.65497,357.2429,358.078,352.7829,(0.0_ 0.0_ 1.0)
223.4733,21.84941,1.160005,57.73665,357.2256,357.9895,352.799,(0.0_ 0.0_ 1.0)
223.4837,21.86073,1.16,57.80767,357.2059,357.891,352.8184,(0.0_ 0.0_ 1.0)
223.4948,21.87273,1.160019,57.88409,357.1821,357.799,352.8527,(0.0_ 0.0_ 1.0)
223.5063,21.88491,1.160013,57.9626,357.1761,357.6651,352.8521,(0.0_ 0.0_ 1.0)
223.5169,21.89608,1.160011,58.0357,357.1757,357.5385,352.8908,(0.0_ 0.0_ 1.0)
223.5298,21.90943,1.159991,58.12408,357.1724,357.4043,352.8936,(0.0_ 0.0_ 1.0)
223.539,21.91867,1.159969,58.18677,357.1756,357.2687,352.9002,(0.0_ 0.0_ 1.0)
223.5497,21.92945,1.15997,58.26076,357.1757,357.1407,352.916,(0.0_ 0.0_ 1.0)
223.5615,21.9411,1.159953,58.34158,357.1687,356.9948,352.9193,(-0.1_ 0.0_ 1.0)
223.5726,21.95188,1.159957,58.41771,357.164,356.85,352.9133,(-0.1_ 0.0_ 1.0)
223.583,21.96186,1.159967,58.48945,357.1607,356.7058,352.908,(-0.1_ 0.0_ 1.0)
223.5948,21.97294,1.159981,58.57019,357.1411,356.5735,352.8945,(-0.1_ 0.0_ 1.0)
223.6053,21.98276,1.160007,58.64289,357.1337,356.4193,352.8804,(-0.1_ 0.1_ 1.0)
223.6168,21.99324,1.160009,58.72178,357.1268,356.2958,352.8571,(-0.1_ 0.1_ 1.0)
223.6276,22.00293,1.160004,58.79597,357.118,356.1645,352.8476,(-0.1_ 0.1_ 1.0)
223.639,22.01306,1.160012,58.87489,357.1041,356.0565,352.818,(-0.1_ 0.1_ 1.0)
223.6498,22.02241,1.160012,58.94899,357.1166,355.9266,352.8106,(-0.1_ 0.1_ 1.0)
223.6617,22.03262,1.16,59.03109,357.117,355.83,352.7928,(-0.1_ 0.1_ 1.0)
223.6723,22.04151,1.159975,59.10418,357.1197,355.7331,352.7826,(-0.1_ 0.1_ 1.0)
223.683,22.05027,1.159956,59.17744,357.1267,355.6411,352.7856,(-0.1_ 0.1_ 1.0)
223.6945,22.05963,1.159944,59.25712,357.1393,355.5439,352.7696,(-0.1_ 0.0_ 1.0)
223.7052,22.0681,1.159904,59.33099,357.1277,355.4924,352.7691,(-0.1_ 0.1_ 1.0)
223.7166,22.07699,1.159835,59.40937,357.1134,355.4085,352.8162,(-0.1_ 0.1_ 1.0)
223.7279,22.08559,1.159819,59.48715,357.1407,355.3304,352.8227,(-0.1_ 0.0_ 1.0)
223.7413,22.09577,1.159742,59.58023,357.1357,355.2228,352.8294,(-0.1_ 0.0_ 1.0)
223.7498,22.10189,1.159719,59.63841,357.1744,355.1008,352.825,(-0.1_ 0.0_ 1.0)
223.7608,22.10982,1.159653,59.71441,357.1875,354.9911,352.8324,(-0.1_ 0.0_ 1.0)
223.7724,22.11804,1.159609,59.79483,357.2204,354.893,352.8367,(-0.1_ 0.0_ 1.0)
223.7833,22.12551,1.159578,59.86969,357.2436,354.7728,352.8386,(-0.1_ 0.0_ 1.0)
223.7946,22.1332,1.159548,59.94827,357.2674,354.6431,352.843,(-0.1_ 0.0_ 1.0)
223.8055,22.14041,1.159549,60.02361,357.2998,354.5077,352.8466,(-0.1_ 0.0_ 1.0)
223.8167,22.14766,1.159519,60.10106,357.283,354.382,352.8489,(-0.1_ 0.0_ 1.0)
223.8273,22.15429,1.159523,60.17389,357.2893,354.2522,352.8335,(-0.1_ 0.0_ 1.0)
223.839,22.16154,1.15952,60.25479,357.2797,354.1259,352.835,(-0.1_ 0.0_ 1.0)
223.8497,22.16802,1.159533,60.32919,357.2749,353.9908,352.8263,(-0.1_ 0.0_ 1.0)
223.8613,22.17487,1.159541,60.40938,357.2694,353.8611,352.8282,(-0.1_ 0.0_ 1.0)
223.8724,22.18124,1.159549,60.48602,357.25,353.7396,352.8321,(-0.1_ 0.0_ 1.0)
223.8832,22.18728,1.15957,60.56077,357.262,353.6185,352.8285,(-0.1_ 0.0_ 1.0)
223.8947,22.19357,1.159594,60.64024,357.2699,353.5057,352.8212,(-0.1_ 0.0_ 1.0)
223.9052,22.19916,1.159593,60.71321,357.2702,353.3921,352.8163,(-0.1_ 0.0_ 1.0)
223.9171,22.20533,1.1596,60.79544,357.2818,353.28,352.7986,(-0.1_ 0.0_ 1.0)
223.9278,22.2107,1.15959,60.86979,357.2863,353.1788,352.7923,(-0.1_ 0.0_ 1.0)
223.9394,22.21638,1.159585,60.95017,357.3054,353.0833,352.7884,(-0.1_ 0.0_ 1.0)
223.9519,22.22232,1.159578,61.03662,357.3261,352.9473,352.7805,(-0.1_ 0.0_ 1.0)
223.9612,22.22658,1.159546,61.10137,357.3372,352.831,352.7778,(-0.1_ 0.0_ 1.0)
223.9726,22.23165,1.159549,61.18057,357.3687,352.7165,352.7551,(-0.1_ 0.0_ 1.0)
223.983,22.23608,1.159521,61.25245,357.3727,352.5963,352.7458,(-0.1_ 0.0_ 1.0)
223.9953,22.24119,1.15951,61.33739,357.3949,352.4817,352.7234,(-0.1_ 0.0_ 1.0)
224.0055,22.24523,1.159479,61.4082,357.3846,352.3517,352.6978,(-0.1_ 0.0_ 1.0)
224.0172,22.2497,1.159461,61.4892,357.394,352.2425,352.6876,(-0.1_ 0.0_ 1.0)
224.0278,22.25358,1.159461,61.56289,357.4047,352.1202,352.6483,(-0.1_ 0.0_ 1.0)
224.039,22.25752,1.159448,61.64073,357.405,352.0016,352.6459,(-0.1_ 0.0_ 1.0)
224.0498,22.26111,1.159452,61.71542,357.4062,351.8676,352.6274,(-0.1_ 0.0_ 1.0)
224.0614,22.26485,1.159455,61.7959,357.3978,351.7336,352.615,(-0.1_ 0.0_ 1.0)
224.0725,22.26823,1.159498,61.87342,357.4067,351.6097,352.5999,(-0.1_ 0.0_ 1.0)
224.0831,22.27127,1.159504,61.94685,357.391,351.4849,352.5933,(-0.1_ 0.0_ 1.0)
224.0944,22.27436,1.159519,62.0252,357.3867,351.3573,352.586,(-0.2_ 0.0_ 1.0)
224.1053,22.27717,1.159532,62.1012,357.3756,351.2404,352.5907,(-0.2_ 0.0_ 1.0)
224.1169,22.27998,1.159552,62.18151,357.382,351.123,352.5867,(-0.2_ 0.0_ 1.0)
224.1277,22.28241,1.15956,62.25653,357.3707,351.0211,352.5951,(-0.2_ 0.0_ 1.0)
224.139,22.2848,1.159558,62.33461,357.3775,350.9106,352.5977,(-0.2_ 0.0_ 1.0)
224.15,22.28695,1.15956,62.41133,357.3869,350.7994,352.6001,(-0.2_ 0.0_ 1.0)
224.1637,22.28946,1.159543,62.50628,357.3808,350.6886,352.6049,(-0.2_ 0.0_ 1.0)
224.1729,22.29091,1.159522,62.56995,357.3857,350.5734,352.6053,(-0.2_ 0.0_ 1.0)
224.1831,22.29241,1.159507,62.64116,357.4008,350.4681,352.605,(-0.2_ 0.0_ 1.0)
224.1946,22.29395,1.159468,62.7207,357.4076,350.3596,352.6116,(-0.2_ 0.0_ 1.0)
224.2059,22.29528,1.159458,62.79905,357.425,350.2416,352.6067,(-0.2_ 0.0_ 1.0)
224.2169,22.29639,1.159421,62.87614,357.4225,350.1161,352.6085,(-0.2_ 0.0_ 1.0)
224.2275,22.29732,1.159396,62.94948,357.4385,349.9877,352.6057,(-0.2_ 0.0_ 1.0)
224.2388,22.29809,1.159361,63.02789,357.4446,349.8755,352.6063,(-0.2_ 0.0_ 1.0)
224.2497,22.2987,1.159332,63.10368,357.4803,349.7631,352.5862,(-0.2_ 0.0_ 1.0)
224.2613,22.29914,1.159293,63.18421,357.4935,349.6423,352.5696,(-0.2_ 0.0_ 1.0)
224.2729,22.29943,1.159265,63.26487,357.533,349.5145,352.5364,(-0.2_ 0.0_ 1.0)
224.2836,22.29951,1.159236,63.33905,357.5735,349.3823,352.5163,(-0.2_ 0.0_ 1.0)
224.2949,22.29935,1.159205,63.41743,357.5837,349.2754,352.5132,(-0.2_ 0.0_ 1.0)
224.3058,22.29906,1.159188,63.49294,357.6147,349.1725,352.4854,(-0.2_ 0.0_ 1.0)
224.3166,22.29855,1.159153,63.56805,357.611,349.0522,352.4671,(-0.2_ 0.0_ 1.0)
224.3276,22.29789,1.159118,63.64445,357.6146,348.9674,352.4398,(-0.2_ 0.0_ 1.0)
224.3393,22.29696,1.159082,63.72571,357.6122,348.8743,352.4114,(-0.2_ 0.0_ 1.0)
224.3498,22.29594,1.159047,63.79885,357.6241,348.8212,352.3701,(-0.2_ 0.0_ 1.0)
224.3613,22.2946,1.158997,63.87865,357.6129,348.7053,352.3856,(-0.2_ 0.0_ 1.0)
224.3748,22.29283,1.158965,63.97245,357.6353,348.6506,352.3341,(-0.2_ 0.0_ 1.0)
224.3828,22.29153,1.158914,64.02811,357.6512,348.5774,352.3309,(-0.2_ 0.0_ 1.0)
224.3948,22.28947,1.158896,64.11131,357.6992,348.5049,352.2968,(-0.2_ 0.0_ 1.0)
224.4054,22.28741,1.158834,64.18465,357.721,348.4646,352.2926,(-0.2_ 0.0_ 1.0)
224.417,22.28495,1.158798,64.26526,357.7625,348.4018,352.3045,(-0.2_ 0.0_ 1.0)
224.4274,22.2825,1.158781,64.33735,357.8104,348.3547,352.2962,(-0.2_ 0.0_ 1.0)
224.4393,22.27952,1.158752,64.41984,357.8348,348.2787,352.2968,(-0.2_ 0.0_ 1.0)
224.4497,22.27662,1.158741,64.4925,357.8691,348.2234,352.2834,(-0.2_ 0.0_ 1.0)
224.4611,22.27329,1.158748,64.57122,357.911,348.1553,352.2718,(-0.2_ 0.0_ 1.0)
224.4724,22.26972,1.158748,64.64996,357.9348,348.0945,352.2865,(-0.2_ 0.0_ 1.0)
224.4832,22.26614,1.158727,64.72455,357.939,347.9951,352.2992,(-0.2_ 0.0_ 1.0)
224.4945,22.26213,1.158724,64.80318,357.9382,347.8798,352.3103,(-0.2_ 0.0_ 1.0)
224.5054,22.25805,1.158741,64.87847,357.953,347.7859,352.3275,(-0.2_ 0.0_ 1.0)
224.5167,22.2536,1.158749,64.95659,357.9673,347.6911,352.3343,(-0.2_ 0.0_ 1.0)
224.5275,22.24915,1.158712,65.03141,357.9564,347.5711,352.3339,(-0.2_ 0.0_ 1.0)
224.5392,22.24412,1.158702,65.11247,357.9641,347.4381,352.3337,(-0.2_ 0.0_ 1.0)
224.5497,22.23932,1.158697,65.1855,357.9578,347.3514,352.326,(-0.2_ 0.0_ 1.0)
224.5611,22.23393,1.158675,65.26472,357.9551,347.242,352.3208,(-0.2_ 0.0_ 1.0)
224.5732,22.22805,1.158662,65.34803,357.9696,347.115,352.3209,(-0.2_ 0.0_ 1.0)
224.5854,22.22181,1.158647,65.43277,357.9958,347.0162,352.3151,(-0.2_ 0.0_ 1.0)
224.5951,22.21662,1.158627,65.4999,358.0213,346.8977,352.3243,(-0.2_ 0.0_ 1.0)
224.6058,22.21074,1.158606,65.57366,358.0457,346.7721,352.3266,(-0.2_ 0.0_ 1.0)
224.617,22.20432,1.158573,65.65159,358.0635,346.633,352.3413,(-0.2_ 0.0_ 1.0)
224.628,22.19784,1.158555,65.72783,358.1171,346.5015,352.3469,(-0.2_ 0.0_ 1.0)
224.639,22.19121,1.15852,65.80328,358.1505,346.3488,352.3525,(-0.2_ 0.0_ 1.0)
224.6498,22.18442,1.158489,65.87796,358.2071,346.2216,352.349,(-0.2_ 0.0_ 1.0)
224.6613,22.17695,1.158447,65.9578,358.2393,346.0721,352.3157,(-0.2_ 0.0_ 1.0)
224.6726,22.16944,1.158398,66.03596,358.3021,345.9438,352.3015,(-0.2_ 0.0_ 1.0)
224.6833,22.16212,1.158361,66.10938,358.3192,345.8056,352.29,(-0.2_ 0.0_ 1.0)
224.6945,22.15421,1.158326,66.18686,358.3507,345.6794,352.268,(-0.2_ 0.0_ 1.0)
224.7061,22.14584,1.158304,66.26672,358.3864,345.5672,352.2517,(-0.2_ 0.0_ 1.0)
224.7173,22.1375,1.158318,66.34393,358.4185,345.4377,352.2123,(-0.3_ 0.0_ 1.0)
224.7276,22.12958,1.158301,66.41521,358.4362,345.3197,352.2304,(-0.3_ 0.0_ 1.0)
224.7392,22.12049,1.158298,66.49487,358.4331,345.2433,352.2117,(-0.3_ 0.0_ 1.0)
224.7501,22.11163,1.158305,66.57054,358.4484,345.1296,352.2055,(-0.3_ 0.0_ 1.0)
224.7614,22.10231,1.158301,66.64805,358.4456,345.0461,352.2082,(-0.3_ 0.0_ 1.0)
224.7724,22.09292,1.158317,66.72404,358.4465,344.9861,352.2006,(-0.3_ 0.0_ 1.0)
224.7833,22.08347,1.158355,66.79868,358.4527,344.8941,352.1845,(-0.3_ 0.0_ 1.0)
224.7969,22.07139,1.158364,66.89235,358.4697,344.7624,352.1671,(-0.3_ 0.0_ 1.0)
224.8052,22.06366,1.158367,66.94974,358.4669,344.7246,352.1705,(-0.3_ 0.0_ 1.0)
224.8168,22.05276,1.158358,67.0295,358.4624,344.6666,352.1771,(-0.3_ 0.0_ 1.0)
224.8288,22.04132,1.158374,67.11146,358.4762,344.5815,352.1578,(-0.3_ 0.0_ 1.0)
224.8401,22.03018,1.158406,67.18925,358.4745,344.4854,352.1492,(-0.3_ 0.0_ 1.0)
224.8494,22.02073,1.158422,67.2532,358.4612,344.4341,352.1798,(-0.3_ 0.0_ 1.0)
224.8611,22.00874,1.158448,67.3335,358.4462,344.3073,352.1962,(-0.3_ 0.0_ 1.0)
224.872,21.99725,1.158489,67.40826,358.4341,344.222,352.2081,(-0.3_ 0.0_ 1.0)
224.8828,21.98568,1.15848,67.48221,358.4362,344.0442,352.2152,(-0.3_ 0.0_ 1.0)
224.8943,21.97302,1.158505,67.56118,358.3994,343.9772,352.2175,(-0.3_ 0.0_ 1.0)
224.9058,21.96023,1.158495,67.63969,358.4177,343.8213,352.2174,(-0.3_ 0.0_ 1.0)
224.9172,21.94724,1.158462,67.71776,358.4052,343.6855,352.2222,(-0.3_ 0.0_ 1.0)
224.9277,21.93508,1.158449,67.78915,358.4009,343.563,352.2126,(-0.3_ 0.0_ 1.0)
224.9393,21.92138,1.158428,67.86835,358.4018,343.4135,352.2181,(-0.3_ 0.0_ 1.0)
224.9498,21.9087,1.158424,67.94007,358.4192,343.2552,352.21,(-0.3_ 0.0_ 1.0)
224.9612,21.89464,1.15839,68.01816,358.4285,343.1165,352.2008,(-0.3_ 0.0_ 1.0)
224.9727,21.88034,1.158353,68.09632,358.4321,342.9593,352.2001,(-0.3_ 0.0_ 1.0)
224.9831,21.86707,1.158328,68.16718,358.4521,342.8043,352.1837,(-0.3_ 0.0_ 1.0)
224.9947,21.85209,1.15829,68.24618,358.4621,342.653,352.1793,(-0.3_ 0.0_ 1.0)
225.0077,21.83502,1.158261,68.33474,358.4764,342.4977,352.1761,(-0.3_ 0.0_ 1.0)
225.0166,21.82304,1.158222,68.39506,358.484,342.3518,352.1705,(-0.3_ 0.0_ 1.0)
